   2.5000000000000001E-002   276.84637500000002       0.11742865108822463       0.78073464437182927        2.5115177532291221E-008
   5.0000000000000003E-002   276.84637500000002       0.11742865108822463       0.78073464437182927        2.5115177532291221E-008
  0.10000000000000001        276.84637500000002       0.11742865108822463       0.78073464437182927        2.5115177532291221E-008
  0.14999999999999999        276.84637500000002       0.11742865108822463       0.78073464437182927        2.5115177532291221E-008
  0.20000000000000001        276.84637500000002       0.11742865108822463       0.78073464437182927        2.5115177532291221E-008
  0.25000000000000000        276.84637500000002       0.11742865108822463       0.78073464437182927        2.5115177532291221E-008
  0.29999999999999999        276.84637500000002       0.11742865108822463       0.78073464437182927        2.5115177532291221E-008
  0.34999999999999998        276.84637500000002       0.11742865108822463       0.78073464437182927        2.5115177532291221E-008
  0.40000000000000002        276.84637500000002       0.11742865108822463       0.78073464437182927        2.5115177532291221E-008
  0.50000000000000000        276.84637500000002       0.11742865108822463       0.78073464437182927        2.5115177532291221E-008
  0.59999999999999998        276.84637500000002       0.11742865108822463       0.78073464437182927        2.5115177532291221E-008
  0.69999999999999996        276.84637500000002       0.11742865108822463       0.78073464437182927        2.5115177532291221E-008
  0.80000000000000004        276.84637500000002       0.11742865108822463       0.78073464437182927        2.5115177532291221E-008
   1.0000000000000000        276.84637500000002       0.11742865108822463       0.78073464437182927        2.5115177532291221E-008
   2.5000000000000001E-002   283.31325675926917       0.11360652970567454       0.75984249697059125        2.0007583340251241E-008
   5.0000000000000003E-002   280.60594568053153       0.11723826425185221       0.77971370481798541        2.4836724068981034E-008
  0.10000000000000001        278.05752697066373       0.11742564846592769       0.78071855868387319        2.5110765382623219E-008
  0.14999999999999999        277.19196558522719       0.11742861055205883       0.78073442721429553        2.5115117962736137E-008
  0.20000000000000001        276.93553234901412       0.11742865060317527       0.78073464177335694        2.5115176819490602E-008
  0.25000000000000000        276.86750298866309       0.11742865108296219       0.78073464434363782        2.5115177524557827E-008
  0.29999999999999999        276.85102947481744       0.11742865108817176       0.78073464437154616        2.5115177532213519E-008
  0.34999999999999998        276.84733056547230       0.11742865108822441       0.78073464437182793        2.5115177532290883E-008
  0.40000000000000002        276.84652285650373       0.11742865108822391       0.78073464437182549        2.5115177532290155E-008
  0.50000000000000000        276.84638396888329       0.11742865108822527       0.78073464437183260        2.5115177532292147E-008
  0.59999999999999998        276.84637550953545       0.11742865108822523       0.78073464437183260        2.5115177532292088E-008
  0.69999999999999996        276.84637502733898       0.11742865108822577       0.78073464437183548        2.5115177532292875E-008
  0.80000000000000004        276.84637500097659       0.11742865108822469       0.78073464437182971        2.5115177532291300E-008
   1.0000000000000000        276.84637500001315       0.11742865108822463       0.78073464437182927        2.5115177532291221E-008
   2.5000000000000001E-002   287.90373091491654       0.10561315051064475       0.71326524423401350        1.2119507388136947E-008
   5.0000000000000003E-002   284.93645308337170       0.11623717295953892       0.77431186023152687        2.3415550063203171E-008
  0.10000000000000001        280.82538366636925       0.11739162910912102       0.78053627457894748        2.5060822488681360E-008
  0.14999999999999999        278.59432352648514       0.11742772573966281       0.78072968713589685        2.5113817724776017E-008
  0.20000000000000001        277.54216165566152       0.11742863141801882       0.78073453899597967        2.5115148626103459E-008
  0.25000000000000000        277.10041450440656       0.11742865072029393       0.78073464240077683        2.5115176991601434E-008
  0.29999999999999999        276.93221105961447       0.11742865108202999       0.78073464433864381        2.5115177523187916E-008
  0.34999999999999998        276.87313940813272       0.11742865108812946       0.78073464437131945        2.5115177532151358E-008
  0.40000000000000002        276.85312293634104       0.11742865108822390       0.78073464437182527        2.5115177532290136E-008
  0.50000000000000000        276.84707760419781       0.11742865108822588       0.78073464437183593        2.5115177532293054E-008
  0.59999999999999998        276.84644178311800       0.11742865108822582       0.78073464437183571        2.5115177532292975E-008
  0.69999999999999996        276.84638086129593       0.11742865108822662       0.78073464437183993        2.5115177532294119E-008
  0.80000000000000004        276.84637534599591       0.11742865108822435       0.78073464437182793        2.5115177532290804E-008
   1.0000000000000000        276.84637500759595       0.11742865108822463       0.78073464437182927        2.5115177532291221E-008
   2.5000000000000001E-002   286.51246362186623       0.10179600090778515       0.68951148909136939        9.4110126836457093E-009
   5.0000000000000003E-002   285.47997794654634       0.11476511121679522       0.76626475340597433        2.1452222916927731E-008
  0.10000000000000001        282.55347272314003       0.11729339563564252       0.78000955248480164        2.4917084698006706E-008
  0.14999999999999999        280.12063959513642       0.11742344577752090       0.78070675809236412        2.5107529102666439E-008
  0.20000000000000001        278.53334120652869       0.11742848662944948       0.78073376334412603        2.5114935854137353E-008
  0.25000000000000000        277.64165477444311       0.11742864662226554       0.78073462044710773        2.5115170969375595E-008
  0.29999999999999999        277.19296668293669       0.11742865098094146       0.78073464379709945        2.5115177374634054E-008
  0.34999999999999998        276.98559913288443       0.11742865108589985       0.78073464435937523        2.5115177528874856E-008
  0.40000000000000002        276.89411451642877       0.11742865108819402       0.78073464437166518        2.5115177532246216E-008
  0.50000000000000000        276.85357177488225       0.11742865108822656       0.78073464437183948        2.5115177532294040E-008
  0.59999999999999998        276.84734961673428       0.11742865108822582       0.78073464437183571        2.5115177532292975E-008
  0.69999999999999996        276.84649510066254       0.11742865108822662       0.78073464437183993        2.5115177532294119E-008
  0.80000000000000004        276.84638512475999       0.11742865108822435       0.78073464437182793        2.5115177532290804E-008
   1.0000000000000000        276.84637532051585       0.11742865108822463       0.78073464437182927        2.5115177532291221E-008
   2.5000000000000001E-002   280.67286847925146       0.10328069568707024       0.69887419524066674        1.0395472029082570E-008
   5.0000000000000003E-002   281.61644367007295       0.11361070515885251       0.75986578492917500        2.0012636485289344E-008
  0.10000000000000001        281.64090035600026       0.11713769461066545       0.77917358653462232        2.4690702061563956E-008
  0.14999999999999999        280.52417529966533       0.11741283200702798       0.78064989252181305        2.5091939912221365E-008
  0.20000000000000001        279.24264148610359       0.11742796856958088       0.78073098801809926        2.5114174559300105E-008
  0.25000000000000000        278.23630036805844       0.11742862630684893       0.78073451161477436        2.5115141115030799E-008
  0.29999999999999999        277.58121163638384       0.11742865030385254       0.78073464016984628        2.5115176379623154E-008
  0.34999999999999998        277.20249080729650       0.11742865106607506       0.78073464425317107        2.5115177499741478E-008
  0.40000000000000002        276.99892110711693       0.11742865108783858       0.78073464436976114        2.5115177531723897E-008
  0.50000000000000000        276.87696239316716       0.11742865108822548       0.78073464437183371        2.5115177532292465E-008
  0.59999999999999998        276.85181049149020       0.11742865108822594       0.78073464437183615        2.5115177532293133E-008
  0.69999999999999996        276.84724367401054       0.11742865108822662       0.78073464437183993        2.5115177532294119E-008
  0.80000000000000004        276.84647191238815       0.11742865108822435       0.78073464437182793        2.5115177532290804E-008
   1.0000000000000000        276.84637911701731       0.11742865108822463       0.78073464437182927        2.5115177532291221E-008
   2.5000000000000001E-002   277.95764170996659       0.10429910126537816       0.70520468362677069        1.1120501497777843E-008
   5.0000000000000003E-002   279.05290239967348       0.11283748664046694       0.75553549338566861        1.9095276088286521E-008
  0.10000000000000001        280.03372380584847       0.11695211988913740       0.77817545102421293        2.4423182018711515E-008
  0.14999999999999999        279.93539115078966       0.11739436805284405       0.78055095290693832        2.5064840313463189E-008
  0.20000000000000001        279.30099431180730       0.11742673991552677       0.78072440587034242        2.5112369117105070E-008
  0.25000000000000000        278.55000424964828       0.11742856293192341       0.78073417210689455        2.5115047983151925E-008
  0.29999999999999999        277.91019585410521       0.11742864758663066       0.78073462561333673        2.5115172386550760E-008
  0.34999999999999998        277.45146984141741       0.11742865096529782       0.78073464371329426        2.5115177351645050E-008
  0.40000000000000002        277.15705115158949       0.11742865108555886       0.78073464435754847        2.5115177528373743E-008
  0.50000000000000000        276.92569714767421       0.11742865108820816       0.78073464437174089        2.5115177532267001E-008
  0.59999999999999998        276.86403560162813       0.11742865108822609       0.78073464437183704        2.5115177532293352E-008
  0.69999999999999996        276.84986782962261       0.11742865108822662       0.78073464437183993        2.5115177532294119E-008
  0.80000000000000004        276.84686727907172       0.11742865108822435       0.78073464437182793        2.5115177532290804E-008
   1.0000000000000000        276.84640185729916       0.11742865108822463       0.78073464437182927        2.5115177532291221E-008
   2.5000000000000001E-002   276.03777976821226       0.10499767864741924       0.70950479722620496        1.1642447936144325E-008
   5.0000000000000003E-002   277.23478919625444       0.11229241482366106       0.75246125077409665        1.8470402001504081E-008
  0.10000000000000001        278.64460284989462       0.11675453325783827       0.77711057824621488        2.4141072090350534E-008
  0.14999999999999999        279.11247907677773       0.11736785721792574       0.78040886056187753        2.5025974018411016E-008
  0.20000000000000001        278.98245875385112       0.11742445888962458       0.78071218573076262        2.5109017564167336E-008
  0.25000000000000000        278.56081804553423       0.11742841459653167       0.78073337745365423        2.5114829999769520E-008
  0.29999999999999999        278.07233113391584       0.11742863970397110       0.78073458338490576        2.5115160802652419E-008
  0.34999999999999998        277.64329893200477       0.11742865060745222       0.78073464179626928        2.5115176825775769E-008
  0.40000000000000002        277.32069822219432       0.11742865107568404       0.78073464430464767        2.5115177513862272E-008
  0.50000000000000000        276.99603203244766       0.11742865108811595       0.78073464437124707        2.5115177532131496E-008
  0.59999999999999998        276.88689322877656       0.11742865108822576       0.78073464437183526        2.5115177532292855E-008
  0.69999999999999996        276.85599782434025       0.11742865108822662       0.78073464437183993        2.5115177532294119E-008
  0.80000000000000004        276.84803713322208       0.11742865108822435       0.78073464437182793        2.5115177532290804E-008
   1.0000000000000000        276.84648816598565       0.11742865108822463       0.78073464437182927        2.5115177532291221E-008
   2.5000000000000001E-002   274.41659055015589       0.10567118774693518       0.71361849665012311        1.2165342075910317E-008
   5.0000000000000003E-002   275.69039301615834       0.11190156010917625       0.75024567116584628        1.8033155616860733E-008
  0.10000000000000001        277.40344022484345       0.11655520293804716       0.77603407506889943        2.3859298583152215E-008
  0.14999999999999999        278.25513983522563       0.11733379582967643       0.78022624124489126        2.4976113803922700E-008
  0.20000000000000001        278.50095626227017       0.11742082799118274       0.78069273332022382        2.5103683407306178E-008
  0.25000000000000000        278.37687194420835       0.11742812709308002       0.78073183725434347        2.5114407509281610E-008
  0.29999999999999999        278.07876829245646       0.11742862132861422       0.78073448494571895        2.5115133799313655E-008
  0.34999999999999998        277.74319194699279       0.11742864961368685       0.78073463647253938        2.5115175365395461E-008
  0.40000000000000002        277.44772665697269       0.11742865104305181       0.78073464412983262        2.5115177465907826E-008
  0.50000000000000000        277.07445094409093       0.11742865108775315       0.78073464436930351        2.5115177531598358E-008
  0.59999999999999998        276.91961499935019       0.11742865108822208       0.78073464437181572        2.5115177532287456E-008
  0.69999999999999996        276.86678311940551       0.11742865108822662       0.78073464437183993        2.5115177532294119E-008
  0.80000000000000004        276.85059811580794       0.11742865108822435       0.78073464437182793        2.5115177532290804E-008
   1.0000000000000000        276.84672657370299       0.11742865108822463       0.78073464437182927        2.5115177532291221E-008
   2.5000000000000001E-002   273.98963847190595       0.10628387483489179       0.71733366029613244        1.2658316952093678E-008
   5.0000000000000003E-002   274.68659936716023       0.11163825764112575       0.74874784972071784        1.7743613448447170E-008
  0.10000000000000001        276.34651107009518       0.11636085384944712       0.77498230696876558        2.3587277075091837E-008
  0.14999999999999999        277.42377630759813       0.11729303514878776       0.78000761858196777        2.4916558524312129E-008
  0.20000000000000001        277.94850373383252       0.11741561401874000       0.78066479835930314        2.5096025248261039E-008
  0.25000000000000000        278.07682835477607       0.11742763796249744       0.78072921689751018        2.5113688738758068E-008
  0.29999999999999999        277.96879150626222       0.11742858462544135       0.78073428832197189        2.5115079862573695E-008
  0.34999999999999998        277.75358046495813       0.11742864730005519       0.78073462407811478        2.5115171965416031E-008
  0.40000000000000002        277.51954814303406       0.11742865095443616       0.78073464365510703        2.5115177335683379E-008
  0.50000000000000000        277.14650655165440       0.11742865108660767       0.78073464436316709        2.5115177529915032E-008
  0.59999999999999998        276.95827812328253       0.11742865108820812       0.78073464437174089        2.5115177532266945E-008
  0.69999999999999996        276.88225361071312       0.11742865108822662       0.78073464437183993        2.5115177532294119E-008
  0.80000000000000004        276.85510152473779       0.11742865108822435       0.78073464437182793        2.5115177532290804E-008
   1.0000000000000000        276.84724899749421       0.11742865108822463       0.78073464437182927        2.5115177532291221E-008
   2.5000000000000001E-002   283.89782658612501       0.10239128932487129       0.69328474930414674        9.7957063211592829E-009
   5.0000000000000003E-002   280.51353628259045       0.11128370175143140       0.74672417174300243        1.7360006222536992E-008
  0.10000000000000001        277.83013977486360       0.11617273909954007       0.77396223357300831        2.3326509728519830E-008
  0.14999999999999999        277.40516748368958       0.11724656197056903       0.77975824315796372        2.4848804816882231E-008
  0.20000000000000001        277.59226352189899       0.11740865371524056       0.78062750469483300        2.5085805230699188E-008
  0.25000000000000000        277.76779995621365       0.11742688071585647       0.78072516017040194        2.5112576010121417E-008
  0.29999999999999999        277.79108001530892       0.11742851918711397       0.78073393776001887        2.5114983698652169E-008
  0.34999999999999998        277.69191468548104       0.11742864257633438       0.78073459877252938        2.5115165023710034E-008
  0.40000000000000002        277.53447940636806       0.11742865074681041       0.78073464254282920        2.5115177030568536E-008
  0.50000000000000000        277.20180209302413       0.11742865108353442       0.78073464434670314        2.5115177525398758E-008
  0.59999999999999998        276.99770574954999       0.11742865108816722       0.78073464437152174        2.5115177532206835E-008
  0.69999999999999996        276.90132046832332       0.11742865108822659       0.78073464437183970        2.5115177532294080E-008
  0.80000000000000004        276.86182590208676       0.11742865108822435       0.78073464437182793        2.5115177532290804E-008
   1.0000000000000000        276.84821133034342       0.11742865108822463       0.78073464437182927        2.5115177532291221E-008
   2.5000000000000001E-002   289.73336863797681        9.4692615180648157E-002  0.64237923464499858        5.7251464519840468E-009
   5.0000000000000003E-002   286.05641421583255       0.11039396605735437       0.74161145027242759        1.6428427979433253E-008
  0.10000000000000001        281.31970789450799       0.11597306133014325       0.77287725138587304        2.3052412567724719E-008
  0.14999999999999999        279.00955358091750       0.11719482447821533       0.77948047714846780        2.4773561455816169E-008
  0.20000000000000001        278.09556517276246       0.11739983753455248       0.78058026326195251        2.5072865279445740E-008
  0.25000000000000000        277.80481915645555       0.11742578840592528       0.78071930838346271        2.5110971000236186E-008
  0.29999999999999999        277.70608323705306       0.11742841217412281       0.78073336447646446        2.5114826439979238E-008
  0.34999999999999998        277.62235669241801       0.11742863385723609       0.78073455206318476        2.5115152210633426E-008
  0.40000000000000002        277.51169855659379       0.11742865031287884       0.78073464021820160        2.5115176392887713E-008
  0.50000000000000000        277.23616612859240       0.11742865107627168       0.78073464430779582        2.5115177514725845E-008
  0.59999999999999998        277.03318715262787       0.11742865108805915       0.78073464437094287        2.5115177532048036E-008
  0.69999999999999996        276.92219938238662       0.11742865108822646       0.78073464437183904        2.5115177532293904E-008
  0.80000000000000004        276.87068137252817       0.11742865108822430       0.78073464437182749        2.5115177532290725E-008
   1.0000000000000000        276.84976292112736       0.11742865108822463       0.78073464437182927        2.5115177532291221E-008
   2.5000000000000001E-002   288.55544841652608        9.1348059251866523E-002  0.61873720746366545        4.4718133104227912E-009
   5.0000000000000003E-002   287.02911943344981       0.10920895919766736       0.73472443853346103        1.5254260657103192E-008
  0.10000000000000001        283.51188171339078       0.11574155632433729       0.77161647562554014        2.2738075571743556E-008
  0.14999999999999999        280.82054159287122       0.11713709951889950       0.77917038885358170        2.4689840206615523E-008
  0.20000000000000001        279.17140143156018       0.11738905425076381       0.78052247522204787        2.5057045866670740E-008
  0.25000000000000000        278.30180247205772       0.11742429487410669       0.78071130703927127        2.5108776587907008E-008
  0.29999999999999999        277.87750212511548       0.11742824856211441       0.78073248798282613        2.5114586009046772E-008
  0.34999999999999998        277.65641375044646       0.11742861899270077       0.78073447243192429        2.5115130366595048E-008
  0.40000000000000002        277.50721686151564       0.11742864948459646       0.78073463578098545        2.5115175175691673E-008
  0.50000000000000000        277.25702824341198       0.11742865106076122       0.78073464422470429        2.5115177491932573E-008
  0.59999999999999998        277.06246799914135       0.11742865108780363       0.78073464436957396        2.5115177531672546E-008
  0.69999999999999996        276.94306540249528       0.11742865108822406       0.78073464437182638        2.5115177532290374E-008
  0.80000000000000004        276.88124851500305       0.11742865108822416       0.78073464437182682        2.5115177532290510E-008
   1.0000000000000000        276.85201675418131       0.11742865108822463       0.78073464437182927        2.5115177532291221E-008
   2.5000000000000001E-002   283.31888766721528        9.2778628439224756E-002  0.62897041968439105        4.9756915888010990E-009
   5.0000000000000003E-002   283.79705377483214       0.10824514785711264       0.72905644170211636        1.4352877566214041E-008
  0.10000000000000001        283.06668578390440       0.11548282744311571       0.77020379685032436        2.2391114784293937E-008
  0.14999999999999999        281.51553847865182       0.11707238764016985       0.77882254586275734        2.4596273028085123E-008
  0.20000000000000001        280.02646939194943       0.11737615103598592       0.78045331785394811        2.5038127658079567E-008
  0.25000000000000000        278.93572537586840       0.11742233312479930       0.78070079710987050        2.5105894483235144E-008
  0.29999999999999999        278.24398769430820       0.11742801133817690       0.78073121713658322        2.5114237407489047E-008
  0.34999999999999998        277.83076061600315       0.11742859521630650       0.78073434505864392        2.5115095426251765E-008
  0.40000000000000002        277.57438764123100       0.11742864801545864       0.78073462791062398        2.5115173016731583E-008
  0.50000000000000000        277.28306215207198       0.11742865103025497       0.78073464406127835        2.5115177447102341E-008
  0.59999999999999998        277.08777157361033       0.11742865108724734       0.78073464436659368        2.5115177530855043E-008
  0.69999999999999996        276.96295844539713       0.11742865108821576       0.78073464437178175        2.5115177532278185E-008
  0.80000000000000004        276.89296271429782       0.11742865108822470       0.78073464437182971        2.5115177532291317E-008
   1.0000000000000000        276.85503214244579       0.11742865108822463       0.78073464437182927        2.5115177532291221E-008
   2.5000000000000001E-002   280.69127960552407        9.3979267812304867E-002  0.63741882841225916        5.4352793182711443E-009
   5.0000000000000003E-002   281.44738490569176       0.10755905310957224       0.72498466028261843        1.3739310408965898E-008
  0.10000000000000001        281.77848710622180       0.11521369781201475       0.76873023271794350        2.2035016563697462E-008
  0.14999999999999999        281.20342230229033       0.11700048493465784       0.77843577455306634        2.4492664120774152E-008
  0.20000000000000001        280.26641879771887       0.11736095793130541       0.78037187543823539        2.5015867745799792E-008
  0.25000000000000000        279.34057331944854       0.11741983366348535       0.78068740611624099        2.5102222808300592E-008
  0.29999999999999999        278.60005346783828       0.11742768157560668       0.78072945054099541        2.5113752826895982E-008
  0.34999999999999998        278.07196437492411       0.11742855910457173       0.78073415160325665        2.5115042358721567E-008
  0.40000000000000002        277.71291925743697       0.11742864556212362       0.78073461476779005        2.5115169411452459E-008
  0.50000000000000000        277.33058721754566       0.11742865097420478       0.78073464376101032        2.5115177364734207E-008
  0.59999999999999998        277.11482546458490       0.11742865108612688       0.78073464436059137        2.5115177529208481E-008
  0.69999999999999996        276.98241033040267       0.11742865108819622       0.78073464437167717        2.5115177532249471E-008
  0.80000000000000004        276.90540469063762       0.11742865108822532       0.78073464437183304        2.5115177532292223E-008
   1.0000000000000000        276.85882020454466       0.11742865108822463       0.78073464437182927        2.5115177532291221E-008
   2.5000000000000001E-002   279.11555578882212        9.4891758828998085E-002  0.64375626586321077        5.8083877599921360E-009
   5.0000000000000003E-002   279.87972898833414       0.10705447194005492       0.72197022536352717        1.3302500289259676E-008
  0.10000000000000001        280.61659636773965       0.11494535786177748       0.76725681471958684        2.1684792182391070E-008
  0.14999999999999999        280.59264045157209       0.11692191957735944       0.77801283193858572        2.4379881177988084E-008
  0.20000000000000001        280.11605760325904       0.11734333243609543       0.78027737806746211        2.4990065248292103E-008
  0.25000000000000000        279.46180103211753       0.11741672511143932       0.78067075140084996        2.5097657027470871E-008
  0.29999999999999999        278.82001976565897       0.11742723847575157       0.78072707676825326        2.5113101711634291E-008
  0.34999999999999998        278.28443319298088       0.11742850654182450       0.78073387001746863        2.5114965115991225E-008
  0.40000000000000002        277.87696897877731       0.11742864166566717       0.78073459389396671        2.5115163685446532E-008
  0.50000000000000000        277.40153506161494       0.11742865087693174       0.78073464323990605        2.5115177221787355E-008
  0.59999999999999998        277.14884737243892       0.11742865108400811       0.78073464434924067        2.5115177526094857E-008
  0.69999999999999996        277.00307554054660       0.11742865108815555       0.78073464437145934        2.5115177532189696E-008
  0.80000000000000004        276.91852431978839       0.11742865108822531       0.78073464437183282        2.5115177532292204E-008
   1.0000000000000000        276.86337189892993       0.11742865108822463       0.78073464437182927        2.5115177532291221E-008
   2.5000000000000001E-002   278.12936752552525        9.5646721868215753E-002  0.64894626846716030        6.1334212067633625E-009
   5.0000000000000003E-002   278.85737690787465       0.10667502287737909       0.71969213679759836        1.2981883917099484E-008
  0.10000000000000001        279.71377194844916       0.11468411159882019       0.76581832150572082        2.1348406591955487E-008
  0.14999999999999999        279.96955486012598       0.11683757378910839       0.77755838466535288        2.4259294473269363E-008
  0.20000000000000001        279.80328214004277       0.11732318294424227       0.78016932726330079        2.4960595657063363E-008
  0.25000000000000000        279.39508764894134       0.11741293649781123       0.78065045238443131        2.5092093344856250E-008
  0.29999999999999999        278.90022692047995       0.11742665948906299       0.78072397500660462        2.5112250938534764E-008
  0.34999999999999998        278.42432735665358       0.11742843269175947       0.78073347439236196        2.5114856591172104E-008
  0.40000000000000002        278.02166710761566       0.11742863573268085       0.78073456211018666        2.5115154966676804E-008
  0.50000000000000000        277.48555658941376       0.11742865071607803       0.78073464237819179        2.5115176985406003E-008
  0.59999999999999998        277.19136857999655       0.11742865108021222       0.78073464432890582        2.5115177520516639E-008
  0.69999999999999996        277.02660916416789       0.11742865108807636       0.78073464437103501        2.5115177532073322E-008
  0.80000000000000004        276.93263112263912       0.11742865108822506       0.78073464437183149        2.5115177532291853E-008
   1.0000000000000000        276.86869240505212       0.11742865108822463       0.78073464437182927        2.5115177532291221E-008
   2.5000000000000001E-002   277.89596360245145        9.6197246002959841E-002  0.65270084376896365        6.3801236405422175E-009
   5.0000000000000003E-002   278.16013120429653       0.10638655223842984       0.71795376826114010        1.2742579620870530E-008
  0.10000000000000001        278.98166233448825       0.11443347382304299       0.76443449183168410        2.1029881640791693E-008
  0.14999999999999999        279.40147131340325       0.11674846048116642       0.77707781477399052        2.4132445806394282E-008
  0.20000000000000001        279.44423350336984       0.11730047477130859       0.78004752843133285        2.4927419467569234E-008
  0.25000000000000000        279.22978486815759       0.11740839999164879       0.78062614517967099        2.5085432748106042E-008
  0.29999999999999999        278.87937809008127       0.11742592055689113       0.78072001635392230        2.5111165174535495E-008
  0.34999999999999998        278.48984771604751       0.11742833198053462       0.78073293486778206        2.5114708593742997E-008
  0.40000000000000002        278.12505132094060       0.11742862701654390       0.78073451541670336        2.5115142157956394E-008
  0.50000000000000000        277.56942418944635       0.11742865046084747       0.78073464101088863        2.5115176610333872E-008
  0.59999999999999998        277.24025914263592       0.11742865107371954       0.78073464429412365        2.5115177510975362E-008
  0.69999999999999996        277.05375216362603       0.11742865108793051       0.78073464437025364        2.5115177531858993E-008
  0.80000000000000004        276.94817788313588       0.11742865108822369       0.78073464437182416        2.5115177532289821E-008
   1.0000000000000000        276.87482123848969       0.11742865108822463       0.78073464437182927        2.5115177532291221E-008
