   2.5000000000000001E-002   276.84637500000002       0.11742865108822463       0.78073464437182927        2.5115177532291221E-008
   5.0000000000000003E-002   276.84637500000002       0.11742865108822463       0.78073464437182927        2.5115177532291221E-008
  0.10000000000000001        276.84637500000002       0.11742865108822463       0.78073464437182927        2.5115177532291221E-008
  0.14999999999999999        276.84637500000002       0.11742865108822463       0.78073464437182927        2.5115177532291221E-008
  0.20000000000000001        276.84637500000002       0.11742865108822463       0.78073464437182927        2.5115177532291221E-008
  0.25000000000000000        276.84637500000002       0.11742865108822463       0.78073464437182927        2.5115177532291221E-008
  0.29999999999999999        276.84637500000002       0.11742865108822463       0.78073464437182927        2.5115177532291221E-008
  0.34999999999999998        276.84637500000002       0.11742865108822463       0.78073464437182927        2.5115177532291221E-008
  0.40000000000000002        276.84637500000002       0.11742865108822463       0.78073464437182927        2.5115177532291221E-008
  0.50000000000000000        276.84637500000002       0.11742865108822463       0.78073464437182927        2.5115177532291221E-008
  0.59999999999999998        276.84637500000002       0.11742865108822463       0.78073464437182927        2.5115177532291221E-008
  0.69999999999999996        276.84637500000002       0.11742865108822463       0.78073464437182927        2.5115177532291221E-008
  0.80000000000000004        276.84637500000002       0.11742865108822463       0.78073464437182927        2.5115177532291221E-008
   1.0000000000000000        276.84637500000002       0.11742865108822463       0.78073464437182927        2.5115177532291221E-008
   2.5000000000000001E-002   283.33982568371437       0.11358543631033309       0.75972483587768203        1.9982072716210025E-008
   5.0000000000000003E-002   280.61923843505372       0.11723742892761702       0.77970922096787953        2.4835508188520580E-008
  0.10000000000000001        278.06108796912270       0.11742563730484873       0.78071849889065414        2.5110748983410802E-008
  0.14999999999999999        277.19284847393868       0.11742861041790026       0.78073442649559044        2.5115117765584824E-008
  0.20000000000000001        276.93573797958845       0.11742865060169079       0.78073464176540464        2.5115176817309102E-008
  0.25000000000000000        276.86754836315112       0.11742865108294674       0.78073464434355500        2.5115177524535129E-008
  0.29999999999999999        276.85103900456915       0.11742865108817158       0.78073464437154505        2.5115177532213244E-008
  0.34999999999999998        276.84733246322895       0.11742865108822441       0.78073464437182793        2.5115177532290883E-008
  0.40000000000000002        276.84652314421993       0.11742865108822391       0.78073464437182549        2.5115177532290155E-008
  0.50000000000000000        276.84638398614692       0.11742865108822527       0.78073464437183260        2.5115177532292147E-008
  0.59999999999999998        276.84637551051196       0.11742865108822523       0.78073464437183260        2.5115177532292088E-008
  0.69999999999999996        276.84637502739145       0.11742865108822577       0.78073464437183548        2.5115177532292875E-008
  0.80000000000000004        276.84637500097830       0.11742865108822469       0.78073464437182971        2.5115177532291300E-008
   1.0000000000000000        276.84637500001327       0.11742865108822463       0.78073464437182927        2.5115177532291221E-008
   2.5000000000000001E-002   287.96841393296438       0.10552634898610935       0.71273648180862770        1.2051231617301555E-008
   5.0000000000000003E-002   284.98095783568732       0.11622943901782695       0.77426990732868917        2.3404847314093430E-008
  0.10000000000000001        280.84526248648757       0.11739141113383689       0.78053510640525237        2.5060502758948756E-008
  0.14999999999999999        278.60223807754812       0.11742772079070336       0.78072966062342397        2.5113810452407502E-008
  0.20000000000000001        277.54502068274610       0.11742863132189663       0.78073453848104046        2.5115148484847960E-008
  0.25000000000000000        277.10136611096840       0.11742865071863770       0.78073464239190438        2.5115176989167544E-008
  0.29999999999999999        276.93250610984222       0.11742865108200395       0.78073464433850437        2.5115177523149654E-008
  0.34999999999999998        276.87322451745825       0.11742865108812899       0.78073464437131679        2.5115177532150647E-008
  0.40000000000000002        276.85314267552388       0.11742865108822387       0.78073464437182527        2.5115177532290096E-008
  0.50000000000000000        276.84707949653335       0.11742865108822587       0.78073464437183593        2.5115177532293034E-008
  0.59999999999999998        276.84644195129397       0.11742865108822582       0.78073464437183571        2.5115177532292975E-008
  0.69999999999999996        276.84638087527441       0.11742865108822662       0.78073464437183993        2.5115177532294119E-008
  0.80000000000000004        276.84637534678347       0.11742865108822435       0.78073464437182793        2.5115177532290804E-008
   1.0000000000000000        276.84637500761278       0.11742865108822463       0.78073464437182927        2.5115177532291221E-008
   2.5000000000000001E-002   286.55969870636204       0.10169498546469118       0.68886861080526063        9.3470320607761521E-009
   5.0000000000000003E-002   285.52524887884675       0.11474815385207461       0.76617132408103039        2.1430453221051994E-008
  0.10000000000000001        282.58403531840054       0.11729253936439726       0.78000495883694354        2.4915834883184369E-008
  0.14999999999999999        280.13777610002631       0.11742341395089560       0.78070658758373712        2.5107482344298051E-008
  0.20000000000000001        278.54180344502555       0.11742848567077406       0.78073375820836888        2.5114934445334761E-008
  0.25000000000000000        277.64544267637501       0.11742864659756740       0.78073462031479668        2.5115170933080627E-008
  0.29999999999999999        277.19452750158047       0.11742865098037908       0.78073464379408675        2.5115177373807594E-008
  0.34999999999999998        276.98619100753763       0.11742865108588812       0.78073464435931239        2.5115177528857621E-008
  0.40000000000000002        276.89430377018994       0.11742865108819384       0.78073464437166429        2.5115177532245961E-008
  0.50000000000000000        276.85359802662452       0.11742865108822655       0.78073464437183948        2.5115177532294020E-008
  0.59999999999999998        276.84735291490887       0.11742865108822582       0.78073464437183571        2.5115177532292975E-008
  0.69999999999999996        276.84649548076123       0.11742865108822662       0.78073464437183993        2.5115177532294119E-008
  0.80000000000000004        276.84638515478025       0.11742865108822435       0.78073464437182793        2.5115177532290804E-008
   1.0000000000000000        276.84637532140994       0.11742865108822463       0.78073464437182927        2.5115177532291221E-008
   2.5000000000000001E-002   280.69241895708274       0.10318540948601218       0.69827810377444499        1.0329751810264411E-008
   5.0000000000000003E-002   281.64267618206623       0.11358752096443084       0.75973646546918294        1.9984592685421816E-008
  0.10000000000000001        281.66694029693474       0.11713589353403550       0.77916390852331419        2.4688093690918180E-008
  0.14999999999999999        280.54373298222026       0.11741273380108778       0.78064936633288839        2.5091795708882699E-008
  0.20000000000000001        279.25512887771276       0.11742796439366028       0.78073096564699274        2.5114168422817668E-008
  0.25000000000000000        278.24338130906250       0.11742862615899684       0.78073451082271128        2.5115140897756141E-008
  0.29999999999999999        277.58485584482764       0.11742865029931729       0.78073464014555061        2.5115176372958434E-008
  0.34999999999999998        277.20420151468534       0.11742865106595107       0.78073464425250694        2.5115177499559274E-008
  0.40000000000000002        276.99962318686289       0.11742865108783658       0.78073464436975049        2.5115177531720959E-008
  0.50000000000000000        276.87709465697657       0.11742865108822551       0.78073464437183393        2.5115177532292501E-008
  0.59999999999999998        276.85183259511263       0.11742865108822599       0.78073464437183659        2.5115177532293213E-008
  0.69999999999999996        276.84724700526635       0.11742865108822662       0.78073464437183993        2.5115177532294119E-008
  0.80000000000000004        276.84647226161428       0.11742865108822435       0.78073464437182793        2.5115177532290804E-008
   1.0000000000000000        276.84637913094770       0.11742865108822463       0.78073464437182927        2.5115177532291221E-008
   2.5000000000000001E-002   277.95903622078129       0.10420930705612559       0.70464947083316898        1.1054884756486607E-008
   5.0000000000000003E-002   279.06166820998686       0.11281005184945966       0.75538118916364061        1.9063398593162526E-008
  0.10000000000000001        280.04957747903916       0.11694923509938823       0.77815991956481922        2.4419043005466587E-008
  0.14999999999999999        279.95143928666891       0.11739415742454319       0.78054982413947616        2.5064531318026821E-008
  0.20000000000000001        279.31383031729246       0.11742672815287288       0.78072434285502412        2.5112351833042821E-008
  0.25000000000000000        278.55885104122984       0.11742856239381075       0.78073416922415251        2.5115047192376024E-008
  0.29999999999999999        277.91564620804979       0.11742864756558168       0.78073462550057471        2.5115172355618401E-008
  0.34999999999999998        277.45451453924625       0.11742865096457358       0.78073464370941470        2.5115177350580753E-008
  0.40000000000000002        277.15857641213307       0.11742865108554357       0.78073464435746653        2.5115177528351280E-008
  0.50000000000000000        276.92607055631578       0.11742865108820848       0.78073464437174289        2.5115177532267477E-008
  0.59999999999999998        276.86411512313799       0.11742865108822619       0.78073464437183748        2.5115177532293487E-008
  0.69999999999999996        276.84988286348550       0.11742865108822662       0.78073464437183993        2.5115177532294119E-008
  0.80000000000000004        276.84686929093857       0.11742865108822435       0.78073464437182793        2.5115177532290804E-008
   1.0000000000000000        276.84640196103493       0.11742865108822463       0.78073464437182927        2.5115177532291221E-008
   2.5000000000000001E-002   276.03555908422192       0.10491073581600772       0.70897147429723151        1.1576369033794000E-008
   5.0000000000000003E-002   277.23704109900149       0.11226184919473746       0.75228832421199021        1.8435885067655586E-008
  0.10000000000000001        278.65330054083523       0.11675051894887616       0.77708892072595104        2.4135369532346049E-008
  0.14999999999999999        279.12377552778815       0.11736748866065727       0.78040688489787446        2.5025434056980409E-008
  0.20000000000000001        278.99333487722743       0.11742443323803681       0.78071204830586538        2.5108979875995191E-008
  0.25000000000000000        278.56962557131448       0.11742841314808550       0.78073336969412144        2.5114827871241673E-008
  0.29999999999999999        278.07862889318670       0.11742863963462483       0.78073458301340870        2.5115160700745187E-008
  0.34999999999999998        277.64736625723265       0.11742865060455376       0.78073464178074192        2.5115176821516364E-008
  0.40000000000000002        277.32309033866068       0.11742865107560975       0.78073464430424977        2.5115177513753114E-008
  0.50000000000000000        276.99676666407350       0.11742865108811584       0.78073464437124662        2.5115177532131340E-008
  0.59999999999999998        276.88708603748569       0.11742865108822587       0.78073464437183593        2.5115177532293034E-008
  0.69999999999999996        276.85604212051578       0.11742865108822662       0.78073464437183993        2.5115177532294119E-008
  0.80000000000000004        276.84804447846574       0.11742865108822435       0.78073464437182793        2.5115177532290804E-008
   1.0000000000000000        276.84648864280820       0.11742865108822463       0.78073464437182927        2.5115177532291221E-008
   2.5000000000000001E-002   274.41198623018181       0.10558180002713290       0.71307432855536845        1.2094809902427754E-008
   5.0000000000000003E-002   275.69003953844907       0.11186831364785869       0.75005678043054025        1.7996374728728542E-008
  0.10000000000000001        277.40854939106441       0.11655005608335270       0.77600624919974059        2.3852060366673340E-008
  0.14999999999999999        278.26304947426792       0.11733322761207415       0.78022319420993158        2.4975282748090143E-008
  0.20000000000000001        278.50958246786723       0.11742078053426291       0.78069247906657502        2.5103613694704461E-008
  0.25000000000000000        278.38472780504804       0.11742812389533210       0.78073182012350006        2.5114402810178853E-008
  0.29999999999999999        278.08507328465186       0.11742862114691652       0.78073448397234069        2.5115133532301570E-008
  0.34999999999999998        277.74776939833845       0.11742864960471935       0.78073463642449936        2.5115175352217343E-008
  0.40000000000000002        277.45078262773410       0.11742865104277940       0.78073464412837335        2.5115177465507527E-008
  0.50000000000000000        277.07559224756369       0.11742865108775101       0.78073464436929196        2.5115177531595198E-008
  0.59999999999999998        276.91997400871736       0.11742865108822215       0.78073464437181594        2.5115177532287552E-008
  0.69999999999999996        276.86688080651953       0.11742865108822662       0.78073464437183993        2.5115177532294119E-008
  0.80000000000000004        276.85061770656608       0.11742865108822435       0.78073464437182793        2.5115177532290804E-008
   1.0000000000000000        276.84672814179220       0.11742865108822463       0.78073464437182927        2.5115177532291221E-008
   2.5000000000000001E-002   273.97992625399507       0.10619401911850324       0.71679040064149713        1.2584967550998018E-008
   5.0000000000000003E-002   274.68330145183580       0.11160240793881858       0.74854358527082043        1.7704500086305750E-008
  0.10000000000000001        276.34879792060065       0.11635457773286582       0.77494830647866397        2.3578537041572688E-008
  0.14999999999999999        277.42908988673821       0.11729222999119351       0.78000329912899513        2.4915383334755009E-008
  0.20000000000000001        277.95515416402230       0.11741553560069924       0.78066437820646817        2.5095910084941830E-008
  0.25000000000000000        278.08351073190329       0.11742763181623289       0.78072918397082658        2.5113679707020425E-008
  0.29999999999999999        277.97466294427733       0.11742858422061046       0.78073428615323914        2.5115079267659509E-008
  0.34999999999999998        277.75825252756380       0.11742864727697690       0.78073462395448145        2.5115171931501510E-008
  0.40000000000000002        277.52298584084735       0.11742865095362377       0.78073464365075496        2.5115177334489536E-008
  0.50000000000000000        277.14802186631636       0.11742865108659867       0.78073464436311868        2.5115177529901801E-008
  0.59999999999999998        276.95883529703042       0.11742865108820814       0.78073464437174089        2.5115177532266981E-008
  0.69999999999999996        276.88242927806652       0.11742865108822662       0.78073464437183993        2.5115177532294119E-008
  0.80000000000000004        276.85514325178633       0.11742865108822435       0.78073464437182793        2.5115177532290804E-008
   1.0000000000000000        276.84725304493065       0.11742865108822463       0.78073464437182927        2.5115177532291221E-008
   2.5000000000000001E-002   283.85328841160919       0.10234475791918726       0.69299074358921664        9.7651599555630334E-009
   5.0000000000000003E-002   280.48342271191166       0.11124772155310808       0.74651837486702211        1.7321477053363532E-008
  0.10000000000000001        277.82186935663719       0.11616537851245931       0.77392227899652388        2.3316356663621505E-008
  0.14999999999999999        277.40624428434023       0.11724548724599833       0.77975247474777687        2.4847239829542280E-008
  0.20000000000000001        277.59673547314242       0.11740853428175468       0.78062686474046306        2.5085629894051996E-008
  0.25000000000000000        277.77321049908164       0.11742687004213379       0.78072510298883002        2.5112560326025569E-008
  0.29999999999999999        277.79630385387145       0.11742851838707462       0.78073393347409836        2.5114982522968165E-008
  0.34999999999999998        277.69641064228841       0.11742864252456085       0.78073459849517168        2.5115164947626666E-008
  0.40000000000000002        277.53805245613120       0.11742865074473420       0.78073464253170655        2.5115177027517447E-008
  0.50000000000000000        277.20361289483895       0.11742865108350667       0.78073464434655460        2.5115177525357975E-008
  0.59999999999999998        276.99846680341523       0.11742865108816695       0.78073464437152040        2.5115177532206458E-008
  0.69999999999999996        276.90159320830617       0.11742865108822659       0.78073464437183970        2.5115177532294080E-008
  0.80000000000000004        276.86190121743266       0.11742865108822435       0.78073464437182793        2.5115177532290804E-008
   1.0000000000000000        276.84822005086096       0.11742865108822463       0.78073464437182927        2.5115177532291221E-008
   2.5000000000000001E-002   289.72429509327395        9.4646921096262479E-002  0.64206279563224200        5.7061909507600967E-009
   5.0000000000000003E-002   286.04226392404001       0.11036140570559370       0.74142340657406280        1.6395163272121187E-008
  0.10000000000000001        281.30805036752025       0.11596485431492151       0.77283260847521862        2.3041205958395668E-008
  0.14999999999999999        279.00461288388078       0.11719345849982717       0.77947314151115266        2.4771577514006627E-008
  0.20000000000000001        278.09586438163257       0.11739966659521903       0.78057934724202638        2.5072614439574208E-008
  0.25000000000000000        277.80790832667560       0.11742577124739580       0.78071921646024922        2.5110945788668633E-008
  0.29999999999999999        277.71015110549820       0.11742841073186354       0.78073335675007538        2.5114824320543446E-008
  0.34999999999999998        277.62637432206208       0.11742863375275492       0.78073455150346560        2.5115152057094036E-008
  0.40000000000000002        277.51518877716438       0.11742865030816790       0.78073464019296446        2.5115176385964780E-008
  0.50000000000000000        277.23817566211943       0.11742865107619985       0.78073464430741102        2.5115177514620277E-008
  0.59999999999999998        277.03413588108316       0.11742865108805822       0.78073464437093776        2.5115177532046657E-008
  0.69999999999999996        276.92257964100133       0.11742865108822646       0.78073464437183904        2.5115177532293904E-008
  0.80000000000000004        276.87080141976480       0.11742865108822430       0.78073464437182749        2.5115177532290725E-008
   1.0000000000000000        276.84977929148175       0.11742865108822463       0.78073464437182927        2.5115177532291221E-008
   2.5000000000000001E-002   288.53136633723096        9.1303711607817181E-002  0.61841702271330412        4.4569177803223419E-009
   5.0000000000000003E-002   287.01479255308817       0.10917926347868666       0.73455070099679021        1.5225783276194088E-008
  0.10000000000000001        283.50337402956131       0.11573276074986306       0.77156851434485829        2.2726205545857592E-008
  0.14999999999999999        280.81560777896084       0.11713543636216085       0.77916145190006758        2.4687431639013209E-008
  0.20000000000000001        279.16982416802074       0.11738882165787322       0.78052122867609586        2.5056704739648872E-008
  0.25000000000000000        278.30284641001401       0.11742426892896397       0.78071116804145602        2.5108738468746973E-008
  0.29999999999999999        277.88009201094036       0.11742824614421357       0.78073247502976395        2.5114582455910629E-008
  0.34999999999999998        277.65959540588841       0.11742861879882291       0.78073447139329510        2.5115130081683767E-008
  0.40000000000000002        277.51035721890645       0.11742864947487518       0.78073463572890733        2.5115175161405837E-008
  0.50000000000000000        277.25911914103773       0.11742865106059537       0.78073464422381567        2.5115177491688839E-008
  0.59999999999999998        277.06357048750385       0.11742865108780121       0.78073464436956086        2.5115177531668976E-008
  0.69999999999999996        276.94355421789447       0.11742865108822403       0.78073464437182616        2.5115177532290334E-008
  0.80000000000000004        276.88142247862424       0.11742865108822416       0.78073464437182682        2.5115177532290510E-008
   1.0000000000000000        276.85204436205760       0.11742865108822463       0.78073464437182927        2.5115177532291221E-008
   2.5000000000000001E-002   283.28294494574459        9.2728879136034684E-002  0.62861762310705116        4.9573883094540241E-009
   5.0000000000000003E-002   283.77043735737374       0.10821742923666262       0.72889253920879149        1.4327643010906217E-008
  0.10000000000000001        283.05203227610866       0.11547363829357069       0.77015355252798723        2.2378875609606129E-008
  0.14999999999999999        281.50795230232956       0.11707043340333192       0.77881203768098883        2.4593452108585600E-008
  0.20000000000000001        280.02327062290993       0.11737584765741457       0.78045169172373186        2.5037683002710655E-008
  0.25000000000000000        278.93535218680796       0.11742229581570357       0.78070059722701890        2.5105839673303507E-008
  0.29999999999999999        278.24536449601419       0.11742800751710779       0.78073119666648449        2.5114231792446002E-008
  0.34999999999999998        277.83306119269804       0.11742859488023964       0.78073434325828917        2.5115094932388646E-008
  0.40000000000000002        277.57700132348759       0.11742864799688769       0.78073462781113689        2.5115172989440781E-008
  0.50000000000000000        277.28510827988288       0.11742865102990448       0.78073464405940074        2.5115177446587263E-008
  0.59999999999999998        277.08897834848278       0.11742865108724136       0.78073464436656170        2.5115177530846246E-008
  0.69999999999999996        276.96354729228307       0.11742865108821565       0.78073464437178131        2.5115177532278026E-008
  0.80000000000000004        276.89319656642772       0.11742865108822470       0.78073464437182971        2.5115177532291317E-008
   1.0000000000000000        276.85507490782260       0.11742865108822463       0.78073464437182927        2.5115177532291221E-008
   2.5000000000000001E-002   280.65184397712244        9.3926787569692097E-002  0.63705216973718204        5.4144586944985305E-009
   5.0000000000000003E-002   281.41137838272618       0.10753234566610061       0.72482553073927347        1.3715886806594245E-008
  0.10000000000000001        281.75643099539133       0.11520422860616568       0.76867830971877149        2.2022576059163218E-008
  0.14999999999999999        281.19122310296171       0.11699825261440674       0.77842376204602193        2.4489453415150148E-008
  0.20000000000000001        280.26039561121888       0.11736057601602716       0.78036982802079002        2.5015308407241386E-008
  0.25000000000000000        279.33836016345998       0.11741978222523762       0.78068713052949867        2.5102147251027613E-008
  0.29999999999999999        278.60014371095178       0.11742767582679939       0.78072941974357857        2.5113744379190472E-008
  0.34999999999999998        278.07335596186221       0.11742855855405822       0.78073414865408175        2.5115041549722355E-008
  0.40000000000000002        277.71493011159731       0.11742864552884558       0.78073461458951510        2.5115169362548966E-008
  0.50000000000000000        277.33248536860799       0.11742865097351622       0.78073464375732149        2.5115177363722330E-008
  0.59999999999999998        277.11607997914831       0.11742865108611400       0.78073464436052231        2.5115177529189548E-008
  0.69999999999999996        276.98308223250768       0.11742865108819600       0.78073464437167583        2.5115177532249134E-008
  0.80000000000000004        276.90570036230889       0.11742865108822531       0.78073464437183282        2.5115177532292204E-008
   1.0000000000000000        276.85888203709919       0.11742865108822463       0.78073464437182927        2.5115177532291221E-008
   2.5000000000000001E-002   279.12004469914768        9.4837371953035224E-002  0.64338052746721108        5.7855522589939456E-009
   5.0000000000000003E-002   279.87446200261036       0.10702803417102276       0.72181181449266263        1.3279944481172459E-008
  0.10000000000000001        280.60315883050123       0.11493566635241832       0.76720352167390704        2.1672232816653864E-008
  0.14999999999999999        280.58037045157812       0.11691942485975797       0.77799939638154259        2.4376307217175973E-008
  0.20000000000000001        280.10788590259568       0.11734286569801733       0.78027487546088081        2.4989382285437383E-008
  0.25000000000000000        279.45753044103640       0.11741665668022332       0.78067038476028139        2.5097556525013737E-008
  0.29999999999999999        278.81856983481043       0.11742723017939929       0.78072703232296403        2.5113089520656194E-008
  0.34999999999999998        278.28475580609251       0.11742850568207738       0.78073386541168488        2.5114963852565513E-008
  0.40000000000000002        277.87827446500143       0.11742864160916709       0.78073459359128838        2.5115163602417302E-008
  0.50000000000000000        277.40319789608805       0.11742865087565894       0.78073464323308750        2.5115177219916921E-008
  0.59999999999999998        277.15009320366090       0.11742865108398252       0.78073464434910389        2.5115177526057250E-008
  0.69999999999999996        277.00380769327313       0.11742865108815501       0.78073464437145623        2.5115177532188889E-008
  0.80000000000000004        276.91887949596082       0.11742865108822531       0.78073464437183282        2.5115177532292204E-008
   1.0000000000000000        276.86345634237040       0.11742865108822463       0.78073464437182927        2.5115177532291221E-008
   2.5000000000000001E-002   278.12403366370938        9.5596210372378754E-002  0.64860051844541888        6.1111998962224731E-009
   5.0000000000000003E-002   278.85331661621126       0.10664884312095972       0.71953460523329560        1.2960008937086354E-008
  0.10000000000000001        279.70732973693862       0.11467422951791144       0.76576382987184610        2.1335770269104746E-008
  0.14999999999999999        279.96175543561861       0.11683483261972710       0.77754360877431727        2.4255384070004650E-008
  0.20000000000000001        279.79637039123884       0.11732262647459293       0.78016634289608433        2.4959782215250593E-008
  0.25000000000000000        279.39030832542784       0.11741284819062664       0.78064997923372959        2.5091963675912518E-008
  0.29999999999999999        278.89771684042421       0.11742664793594100       0.78072391311374645        2.5112233962427209E-008
  0.34999999999999998        278.42363480938241       0.11742843140288904       0.78073346748770045        2.5114854697143085E-008
  0.40000000000000002        278.02219035400174       0.11742863564108261       0.78073456161948296        2.5115154832069402E-008
  0.50000000000000000        277.48690085794556       0.11742865071384387       0.78073464236622314        2.5115176982122798E-008
  0.59999999999999998        277.19254981459403       0.11742865108016370       0.78073464432864603        2.5115177520445346E-008
  0.69999999999999996        277.02737497539414       0.11742865108807535       0.78073464437102946        2.5115177532071843E-008
  0.80000000000000004        276.93303954472225       0.11742865108822502       0.78073464437183127        2.5115177532291793E-008
   1.0000000000000000        276.86880232020877       0.11742865108822463       0.78073464437182927        2.5115177532291221E-008
   2.5000000000000001E-002   277.87315301827931        9.6148597587601914E-002  0.65237007227219890        6.3579870652968895E-009
   5.0000000000000003E-002   278.14560214383965       0.10636062557798402       0.71779725469844680        1.2721257692877877E-008
  0.10000000000000001        278.97281872275732       0.11442342805990612       0.76437895006332912        2.1017200021435459E-008
  0.14999999999999999        279.39449268099429       0.11674548844832480       0.77706177948595068        2.4128225040389282E-008
  0.20000000000000001        279.43842433944315       0.11729982489144668       0.78004404227471658        2.4926470560861042E-008
  0.25000000000000000        279.22537430038693       0.11740828897148907       0.78062555030445191        2.5085269764839192E-008
  0.29999999999999999        278.87656261812919       0.11742590495715054       0.78071993278170826        2.5111142253193187E-008
  0.34999999999999998        278.48852841433524       0.11742833011558571       0.78073292487697588        2.5114705853165293E-008
  0.40000000000000002        278.12490427505458       0.11742862687386366       0.78073451465234656        2.5115141948281971E-008
  0.50000000000000000        277.57040276073769       0.11742865045709666       0.78073464099079515        2.5115176604821894E-008
  0.59999999999999998        277.24132447933198       0.11742865107363228       0.78073464429365624        2.5115177510847139E-008
  0.69999999999999996        277.05452277307126       0.11742865108792880       0.78073464437024453        2.5115177531856465E-008
  0.80000000000000004        276.94862984553976       0.11742865108822365       0.78073464437182394        2.5115177532289762E-008
   1.0000000000000000        276.87495854911657       0.11742865108822463       0.78073464437182927        2.5115177532291221E-008
