   2.5000000000000001E-002   276.84637500000002       0.17273422791285481       0.98193718799884711        4.6409775750989210E-011
   5.0000000000000003E-002   276.84637500000002       0.17273422791285481       0.98193718799884711        4.6409775750989210E-011
  0.10000000000000001        276.84637500000002       0.17273422791285481       0.98193718799884711        4.6409775750989210E-011
  0.14999999999999999        276.84637500000002       0.17273422791285481       0.98193718799884711        4.6409775750989210E-011
  0.20000000000000001        276.84637500000002       0.17273422791285481       0.98193718799884711        4.6409775750989210E-011
  0.25000000000000000        276.84637500000002       0.17273422791285481       0.98193718799884711        4.6409775750989210E-011
  0.29999999999999999        276.84637500000002       0.17273422791285481       0.98193718799884711        4.6409775750989210E-011
  0.34999999999999998        276.84637500000002       0.17273422791285481       0.98193718799884711        4.6409775750989210E-011
  0.40000000000000002        276.84637500000002       0.17273422791285481       0.98193718799884711        4.6409775750989210E-011
  0.50000000000000000        276.84637500000002       0.17273422791285481       0.98193718799884711        4.6409775750989210E-011
  0.59999999999999998        276.84637500000002       0.17273422791285481       0.98193718799884711        4.6409775750989210E-011
  0.69999999999999996        276.84637500000002       0.17273422791285481       0.98193718799884711        4.6409775750989210E-011
  0.80000000000000004        276.84637500000002       0.17273422791285481       0.98193718799884711        4.6409775750989210E-011
   1.0000000000000000        276.84637500000002       0.17273422791285481       0.98193718799884711        4.6409775750989210E-011
   2.5000000000000001E-002   284.68947991228038       0.16924463666259609       0.97074511363436800        3.6170192839878491E-011
   5.0000000000000003E-002   281.58047148662325       0.17273393714412313       0.98193626857729099        4.6408821565988275E-011
  0.10000000000000001        278.44015988415362       0.17273422790575738       0.98193718797640483        4.6409775727698092E-011
  0.14999999999999999        277.30943192779119       0.17273422791286672       0.98193718799888474        4.6409775751028314E-011
  0.20000000000000001        276.96424218078113       0.17273422791286480       0.98193718799887864        4.6409775751022007E-011
  0.25000000000000000        276.87301041697060       0.17273422791286480       0.98193718799887864        4.6409775751022007E-011
  0.29999999999999999        276.85177979843536       0.17273422791286480       0.98193718799887864        4.6409775751022007E-011
  0.34999999999999998        276.84736392110983       0.17273422791286480       0.98193718799887864        4.6409775751022007E-011
  0.40000000000000002        276.84650336087486       0.17273422791286480       0.98193718799887864        4.6409775751022007E-011
  0.50000000000000000        276.84638112908374       0.17273422791284482       0.98193718799881557        4.6409775750956420E-011
  0.59999999999999998        276.84637526358102       0.17273422791285481       0.98193718799884711        4.6409775750989210E-011
  0.69999999999999996        276.84637501033774       0.17273422791285481       0.98193718799884711        4.6409775750989210E-011
  0.80000000000000004        276.84637500024911       0.17273422791283483       0.98193718799878382        4.6409775750923631E-011
   1.0000000000000000        276.84637500003186       0.17273422791284482       0.98193718799881557        4.6409775750956420E-011
   2.5000000000000001E-002   290.33816835889405       0.16027989723519981       0.94047323673992311        1.8606403539401439E-011
   5.0000000000000003E-002   286.98174715730278       0.17273181327191814       0.98192955274868798        4.6401852425409979E-011
  0.10000000000000001        282.07016150950227       0.17273422778972838       0.98193718760951720        4.6409775346934416E-011
  0.14999999999999999        279.24920430345873       0.17273422791287665       0.98193718799891627        4.6409775751060923E-011
  0.20000000000000001        277.84342243206351       0.17273422791287479       0.98193718799891017        4.6409775751054797E-011
  0.25000000000000000        277.22262077790140       0.17273422791287479       0.98193718799891017        4.6409775751054797E-011
  0.29999999999999999        276.97625353131343       0.17273422791287479       0.98193718799891017        4.6409775751054797E-011
  0.34999999999999998        276.88718004826512       0.17273422791287479       0.98193718799891017        4.6409775751054797E-011
  0.40000000000000002        276.85654594945640       0.17273422791287479       0.98193718799891017        4.6409775751054797E-011
  0.50000000000000000        276.84738709360636       0.17273422791283483       0.98193718799878382        4.6409775750923631E-011
  0.59999999999999998        276.84646430314467       0.17273422791285481       0.98193718799884711        4.6409775750989210E-011
  0.69999999999999996        276.84638208394421       0.17273422791285481       0.98193718799884711        4.6409775750989210E-011
  0.80000000000000004        276.84637536456773       0.17273422791281484       0.98193718799872076        4.6409775750858044E-011
   1.0000000000000000        276.84637500677883       0.17273422791283483       0.98193718799878382        4.6409775750923631E-011
   2.5000000000000001E-002   289.03514556077391       0.15523935791668267       0.92242253359646642        1.2594069947300962E-011
   5.0000000000000003E-002   287.79968749497169       0.17272764409285452       0.98191636918479519        4.6388174737938811E-011
  0.10000000000000001        284.32272867709713       0.17273422734828731       0.98193718621366588        4.6409773898290302E-011
  0.14999999999999999        281.30992389427581       0.17273422791285856       0.98193718799885910        4.6409775751001566E-011
  0.20000000000000001        279.24915593015197       0.17273422791288479       0.98193718799894181        4.6409775751087587E-011
  0.25000000000000000        278.03034107255525       0.17273422791288479       0.98193718799894181        4.6409775751087587E-011
  0.29999999999999999        277.38437396392140       0.17273422791288479       0.98193718799894181        4.6409775751087587E-011
  0.34999999999999998        277.07067607922789       0.17273422791288479       0.98193718799894181        4.6409775751087587E-011
  0.40000000000000002        276.92619166362266       0.17273422791288479       0.98193718799894181        4.6409775751087587E-011
  0.50000000000000000        276.85874478895460       0.17273422791282483       0.98193718799875240        4.6409775750890841E-011
  0.59999999999999998        276.84806095170143       0.17273422791285481       0.98193718799884711        4.6409775750989210E-011
  0.69999999999999996        276.84657990268829       0.17273422791285481       0.98193718799884711        4.6409775750989210E-011
  0.80000000000000004        276.84639162021841       0.17273422791279486       0.98193718799865748        4.6409775750792464E-011
   1.0000000000000000        276.84637549219531       0.17273422791282483       0.98193718799875240        4.6409775750890841E-011
   2.5000000000000001E-002   282.90376514447451       0.15514221935623929       0.92206696200116856        1.2498154027184715E-011
   5.0000000000000003E-002   283.67134180062686       0.17272295755006833       0.98190154910891891        4.6372804171668173E-011
  0.10000000000000001        283.36622478904974       0.17273422645164016       0.98193718337843738        4.6409770955830605E-011
  0.14999999999999999        281.89177566041491       0.17273422791277340       0.98193718799858964        4.6409775750722083E-011
  0.20000000000000001        280.23541141213025       0.17273422791289478       0.98193718799897345        4.6409775751120383E-011
  0.25000000000000000        278.89132893090397       0.17273422791289478       0.98193718799897345        4.6409775751120383E-011
  0.29999999999999999        277.97492236354088       0.17273422791289478       0.98193718799897345        4.6409775751120383E-011
  0.34999999999999998        277.41792311561284       0.17273422791289478       0.98193718799897345        4.6409775751120383E-011
  0.40000000000000002        277.10399567742149       0.17273422791289478       0.98193718799897345        4.6409775751120383E-011
  0.50000000000000000        276.90121493784414       0.17273422791281484       0.98193718799872076        4.6409775750858044E-011
  0.59999999999999998        276.85656903932460       0.17273422791285481       0.98193718799884711        4.6409775750989210E-011
  0.69999999999999996        276.84805356504211       0.17273422791285481       0.98193718799884711        4.6409775750989210E-011
  0.80000000000000004        276.84656512321334       0.17273422791277487       0.98193718799859442        4.6409775750726884E-011
   1.0000000000000000        276.84638303241150       0.17273422791281484       0.98193718799872076        4.6409775750858044E-011
   2.5000000000000001E-002   279.06103961571932       0.15495265157536589       0.92137219895459777        1.2312901101296179E-011
   5.0000000000000003E-002   280.30794654011936       0.17271823999268063       0.98188663038911417        4.6357336608719714E-011
  0.10000000000000001        281.35233843600957       0.17273422508423614       0.98193717905465994        4.6409766468523692E-011
  0.14999999999999999        281.15126417944396       0.17273422791257451       0.98193718799796081        4.6409775750069366E-011
  0.20000000000000001        280.31810279704200       0.17273422791290477       0.98193718799900509        4.6409775751153173E-011
  0.25000000000000000        279.32828550011970       0.17273422791290477       0.98193718799900509        4.6409775751153173E-011
  0.29999999999999999        278.45592954948597       0.17273422791290477       0.98193718799900509        4.6409775751153173E-011
  0.34999999999999998        277.80238228623574       0.17273422791290477       0.98193718799900509        4.6409775751153173E-011
  0.40000000000000002        277.36348907483767       0.17273422791290477       0.98193718799900509        4.6409775751153173E-011
  0.50000000000000000        276.98857914712795       0.17273422791280485       0.98193718799868912        4.6409775750825254E-011
  0.59999999999999998        276.88014605062563       0.17273422791285481       0.98193718799884711        4.6409775750989210E-011
  0.69999999999999996        276.85342040202443       0.17273422791285481       0.98193718799884711        4.6409775750989210E-011
  0.80000000000000004        276.84741605204766       0.17273422791275489       0.98193718799853114        4.6409775750661304E-011
   1.0000000000000000        276.84643376825142       0.17273422791280485       0.98193718799868912        4.6409775750825254E-011
   2.5000000000000001E-002   276.18011096550873       0.15499218134525694       0.92151716871055578        1.2351321767258855E-011
   5.0000000000000003E-002   277.63854649435490       0.17271349309038386       0.98187161829462755        4.6341777613143438E-011
  0.10000000000000001        279.39001963831657       0.17273422324223309       0.98193717323018437        4.6409760423761469E-011
  0.14999999999999999        279.99809956304819       0.17273422791221421       0.98193718799682150        4.6409775748887008E-011
  0.20000000000000001        279.85152169944178       0.17273422791291476       0.98193718799903684        4.6409775751185963E-011
  0.25000000000000000        279.31805667535809       0.17273422791291476       0.98193718799903684        4.6409775751185963E-011
  0.29999999999999999        278.67335863702340       0.17273422791291476       0.98193718799903684        4.6409775751185963E-011
  0.34999999999999998        278.08268793682254       0.17273422791291476       0.98193718799903684        4.6409775751185963E-011
  0.40000000000000002        277.61878918706452       0.17273422791291476       0.98193718799903684        4.6409775751185963E-011
  0.50000000000000000        277.11044525891185       0.17273422791279486       0.98193718799865748        4.6409775750792464E-011
  0.59999999999999998        276.92341113244652       0.17273422791285481       0.98193718799884711        4.6409775750989210E-011
  0.69999999999999996        276.86593180075249       0.17273422791285481       0.98193718799884711        4.6409775750989210E-011
  0.80000000000000004        276.84998946384371       0.17273422791273491       0.98193718799846785        4.6409775750595718E-011
   1.0000000000000000        276.84663677583427       0.17273422791279486       0.98193718799865748        4.6409775750792464E-011
   2.5000000000000001E-002   273.94553707764152       0.15540218330551811       0.92301788193700718        1.2756363024558381E-011
   5.0000000000000003E-002   275.51326838033560       0.17270881748732958       0.98185683112048694        4.6326457003402162E-011
  0.10000000000000001        277.64668690080299       0.17273422092758159       0.98193716591117852        4.6409752827945564E-011
  0.14999999999999999        278.76629316825296       0.17273422791164472       0.98193718799502072        4.6409775747018168E-011
  0.20000000000000001        279.13206005963036       0.17273422791292475       0.98193718799906837        4.6409775751218753E-011
  0.25000000000000000        279.01483672695485       0.17273422791292475       0.98193718799906837        4.6409775751218753E-011
  0.29999999999999999        278.64978830898963       0.17273422791292475       0.98193718799906837        4.6409775751218753E-011
  0.34999999999999998        278.20999155998999       0.17273422791292475       0.98193718799906837        4.6409775751218753E-011
  0.40000000000000002        277.80235350918889       0.17273422791292475       0.98193718799906837        4.6409775751218753E-011
  0.50000000000000000        277.23994450070506       0.17273422791278487       0.98193718799862595        4.6409775750759681E-011
  0.59999999999999998        276.98323113083529       0.17273422791285481       0.98193718799884711        4.6409775750989210E-011
  0.69999999999999996        276.88744916078565       0.17273422791285481       0.98193718799884711        4.6409775750989210E-011
  0.80000000000000004        276.85559252089740       0.17273422791271492       0.98193718799840479        4.6409775750530138E-011
   1.0000000000000000        276.84720826659867       0.17273422791278487       0.98193718799862595        4.6409775750759681E-011
   2.5000000000000001E-002   273.04463222029329       0.15576575951495342       0.92434423922804931        1.3125704608731949E-011
   5.0000000000000003E-002   273.92052777787717       0.17270427310745090       0.98184245841972573        4.6311570830863454E-011
  0.10000000000000001        276.09581077697828       0.17273421815123813       0.98193715713228680        4.6409743717031735E-011
  0.14999999999999999        277.55922239421471       0.17273422791081777       0.98193718799240592        4.6409775744304480E-011
  0.20000000000000001        278.31136143336806       0.17273422791293475       0.98193718799909979        4.6409775751251549E-011
  0.25000000000000000        278.54344505130553       0.17273422791293475       0.98193718799909979        4.6409775751251549E-011
  0.29999999999999999        278.45072795579625       0.17273422791293475       0.98193718799909979        4.6409775751251549E-011
  0.34999999999999998        278.19411405526432       0.17273422791293475       0.98193718799909979        4.6409775751251549E-011
  0.40000000000000002        277.88942509628629       0.17273422791293475       0.98193718799909979        4.6409775751251549E-011
  0.50000000000000000        277.35144522253256       0.17273422791277487       0.98193718799859442        4.6409775750726884E-011
  0.59999999999999998        277.05075102162499       0.17273422791285481       0.98193718799884711        4.6409775750989210E-011
  0.69999999999999996        276.91725757869068       0.17273422791285481       0.98193718799884711        4.6409775750989210E-011
  0.80000000000000004        276.86523842694112       0.17273422791269494       0.98193718799834173        4.6409775750464642E-011
   1.0000000000000000        276.84845979063414       0.17273422791277487       0.98193718799859442        4.6409775750726884E-011
   2.5000000000000001E-002   284.48645205103992       0.15247255826651582       0.91217691749112761        1.0110506704849192E-011
   5.0000000000000003E-002   280.87726971663096       0.17269948769407920       0.98182732282085972        4.6295899844554309E-011
  0.10000000000000001        277.88103252501344       0.17273421491586877       0.98193714690193956        4.6409733099769871E-011
  0.14999999999999999        277.42943360263763       0.17273422790967946       0.98193718798880647        4.6409775740568932E-011
  0.20000000000000001        277.74308674293360       0.17273422791294474       0.98193718799913143        4.6409775751284339E-011
  0.25000000000000000        278.04930111996708       0.17273422791294474       0.98193718799913143        4.6409775751284339E-011
  0.29999999999999999        278.14810861237436       0.17273422791294474       0.98193718799913143        4.6409775751284339E-011
  0.34999999999999998        278.06568163614963       0.17273422791294474       0.98193718799913143        4.6409775751284339E-011
  0.40000000000000002        277.88260054226134       0.17273422791294474       0.98193718799913143        4.6409775751284339E-011
  0.50000000000000000        277.42864545461248       0.17273422791276488       0.98193718799856267        4.6409775750694094E-011
  0.59999999999999998        277.11576700497324       0.17273422791285481       0.98193718799884711        4.6409775750989210E-011
  0.69999999999999996        276.95244783668818       0.17273422791285481       0.98193718799884711        4.6409775750989210E-011
  0.80000000000000004        276.87920113987553       0.17273422791267495       0.98193718799827834        4.6409775750399056E-011
   1.0000000000000000        276.85073635691253       0.17273422791276488       0.98193718799856267        4.6409775750694094E-011
   2.5000000000000001E-002   291.79788919683568       0.14383170312694607       0.87852735068650467        4.9579942608107720E-012
   5.0000000000000003E-002   287.81642134615151       0.17269295356525588       0.98180665533092126        4.6274510131492906E-011
  0.10000000000000001        282.41257198647202       0.17273421112572296       0.98193713491737000        4.6409720661943806E-011
  0.14999999999999999        279.60452465436106       0.17273422790818593       0.98193718798408414        4.6409775735667732E-011
  0.20000000000000001        278.44833947049233       0.17273422791295878       0.98193718799917584        4.6409775751330455E-011
  0.25000000000000000        278.08873149760353       0.17273422791295473       0.98193718799916307        4.6409775751317129E-011
  0.29999999999999999        277.99620305903295       0.17273422791295473       0.98193718799916307        4.6409775751317129E-011
  0.34999999999999998        277.92864099044652       0.17273422791295473       0.98193718799916307        4.6409775751317129E-011
  0.40000000000000002        277.81586003982989       0.17273422791295473       0.98193718799916307        4.6409775751317129E-011
  0.50000000000000000        277.46653685964066       0.17273422791275489       0.98193718799853114        4.6409775750661304E-011
  0.59999999999999998        277.16990669782354       0.17273422791285481       0.98193718799884711        4.6409775750989210E-011
  0.69999999999999996        276.98906501888968       0.17273422791285481       0.98193718799884711        4.6409775750989210E-011
  0.80000000000000004        276.89690497887523       0.17273422791265497       0.98193718799821528        4.6409775750333476E-011
   1.0000000000000000        276.85433360916454       0.17273422791275489       0.98193718799853114        4.6409775750661304E-011
   2.5000000000000001E-002   290.96291983888028       0.13910476874578412       0.85898215790660726        3.2964695567693720E-012
   5.0000000000000003E-002   289.28996722229306       0.17268448129373845       0.98177985585635974        4.6246789345984133E-011
  0.10000000000000001        285.29207936177954       0.17273420657424102       0.98193712052542925        4.6409705725704243E-011
  0.14999999999999999        282.04654767905743       0.17273422790628534       0.98193718797807417        4.6409775729430706E-011
  0.20000000000000001        279.96464318397017       0.17273422791297877       0.98193718799923901        4.6409775751396041E-011
  0.25000000000000000        278.82371200078563       0.17273422791296472       0.98193718799919472        4.6409775751349919E-011
  0.29999999999999999        278.25805618314791       0.17273422791296472       0.98193718799919472        4.6409775751349919E-011
  0.34999999999999998        277.97246311750837       0.17273422791296472       0.98193718799919472        4.6409775751349919E-011
  0.40000000000000002        277.78982389902131       0.17273422791296472       0.98193718799919472        4.6409775751349919E-011
  0.50000000000000000        277.48137764399644       0.17273422791274490       0.98193718799849949        4.6409775750628508E-011
  0.59999999999999998        277.21004922087815       0.17273422791285481       0.98193718799884711        4.6409775750989210E-011
  0.69999999999999996        277.02348144895524       0.17273422791285481       0.98193718799884711        4.6409775750989210E-011
  0.80000000000000004        276.91712309582425       0.17273422791263499       0.98193718799815211        4.6409775750267890E-011
   1.0000000000000000        276.85942817157240       0.17273422791274490       0.98193718799849949        4.6409775750628508E-011
   2.5000000000000001E-002   285.41763014959531       0.13902026490479386       0.85862497206149291        3.2720935433478156E-012
   5.0000000000000003E-002   285.73735393422510       0.17267552715711701       0.98175153014957861        4.6217508498157871E-011
  0.10000000000000001        284.79245624714719       0.17273420113958599       0.98193710334086448        4.6409687891231060E-011
  0.14999999999999999        282.95223859476374       0.17273422790388249       0.98193718797047613        4.6409775721545400E-011
  0.20000000000000001        281.12659157132708       0.17273422791299875       0.98193718799930241        4.6409775751461621E-011
  0.25000000000000000        279.73000975361020       0.17273422791297471       0.98193718799922636        4.6409775751382709E-011
  0.29999999999999999        278.80843446047521       0.17273422791297471       0.98193718799922636        4.6409775751382709E-011
  0.34999999999999998        278.24385264233325       0.17273422791297471       0.98193718799922636        4.6409775751382709E-011
  0.40000000000000002        277.89331084379847       0.17273422791297471       0.98193718799922636        4.6409775751382709E-011
  0.50000000000000000        277.50995952844443       0.17273422791273491       0.98193718799846785        4.6409775750595718E-011
  0.59999999999999998        277.24229439527795       0.17273422791285481       0.98193718799884711        4.6409775750989210E-011
  0.69999999999999996        277.05425704400034       0.17273422791285481       0.98193718799884711        4.6409775750989210E-011
  0.80000000000000004        276.93846784638833       0.17273422791261500       0.98193718799808904        4.6409775750202310E-011
   1.0000000000000000        276.86604809050351       0.17273422791273491       0.98193718799846785        4.6409775750595718E-011
   2.5000000000000001E-002   282.05851579567582       0.13895940422538919       0.85836754951123395        3.2546402836202908E-012
   5.0000000000000003E-002   282.85761842972772       0.17266657236920002       0.98172320032945737        4.6188242544403030E-011
  0.10000000000000001        283.19377409874232       0.17273419480860799       0.98193708332209528        4.6409667115374318E-011
  0.14999999999999999        282.52423182680258       0.17273422790089529       0.98193718796103069        4.6409775711742560E-011
  0.20000000000000001        281.40957982532814       0.17273422791301873       0.98193718799936558        4.6409775751527207E-011
  0.25000000000000000        280.26605121275054       0.17273422791298471       0.98193718799925789        4.6409775751415499E-011
  0.29999999999999999        279.31217315157744       0.17273422791298471       0.98193718799925789        4.6409775751415499E-011
  0.34999999999999998        278.60509439658011       0.17273422791298471       0.98193718799925789        4.6409775751415499E-011
  0.40000000000000002        278.11150920975507       0.17273422791298471       0.98193718799925789        4.6409775751415499E-011
  0.50000000000000000        277.58052913213470       0.17273422791272491       0.98193718799843632        4.6409775750562928E-011
  0.59999999999999998        277.27909900588776       0.17273422791285481       0.98193718799884711        4.6409775750989210E-011
  0.69999999999999996        277.08330720914250       0.17273422791285481       0.98193718799884711        4.6409775750989210E-011
  0.80000000000000004        276.96008969560660       0.17273422791259502       0.98193718799802576        4.6409775750136730E-011
   1.0000000000000000        276.87410590706480       0.17273422791272491       0.98193718799843632        4.6409775750562928E-011
   2.5000000000000001E-002   279.48495434797195       0.13889357884837200       0.85808896451637773        3.2358595244129942E-012
   5.0000000000000003E-002   280.56355051784686       0.17265760960805324       0.98169484322877953        4.6158967570814687E-011
  0.10000000000000001        281.59626675040209       0.17273418758091807       0.98193706046789075        4.6409643396861197E-011
  0.14999999999999999        281.66737275985969       0.17273422789722870       0.98193718794943685        4.6409775699710165E-011
  0.20000000000000001        281.15463858895879       0.17273422791303872       0.98193718799942875        4.6409775751592787E-011
  0.25000000000000000        280.38593960405416       0.17273422791299470       0.98193718799928942        4.6409775751448289E-011
  0.29999999999999999        279.59257160619734       0.17273422791299470       0.98193718799928942        4.6409775751448289E-011
  0.34999999999999998        278.90126886662927       0.17273422791299470       0.98193718799928942        4.6409775751448289E-011
  0.40000000000000002        278.35622699540647       0.17273422791299470       0.98193718799928942        4.6409775751448289E-011
  0.50000000000000000        277.69112860014928       0.17273422791271492       0.98193718799840479        4.6409775750530138E-011
  0.59999999999999998        277.33010914530178       0.17273422791285481       0.98193718799884711        4.6409775750989210E-011
  0.69999999999999996        277.11462439223953       0.17273422791285481       0.98193718799884711        4.6409775750989210E-011
  0.80000000000000004        276.98212987155824       0.17273422791257503       0.98193718799796237        4.6409775750071143E-011
   1.0000000000000000        276.88348838399105       0.17273422791271492       0.98193718799840479        4.6409775750530138E-011
   2.5000000000000001E-002   277.12424484470296       0.13881818235074217       0.85776966415253986        3.2144702941617381E-012
   5.0000000000000003E-002   278.47513471136307       0.17264863796831076       0.98166645597706514        4.6129680659232384E-011
  0.10000000000000001        280.04733631333255       0.17273417945587857       0.98193703477623417        4.6409616733603417E-011
  0.14999999999999999        280.66377056929480       0.17273422789279269       0.98193718793541007        4.6409775685152839E-011
  0.20000000000000001        280.63255806283377       0.17273422791305582       0.98193718799948260        4.6409775751648868E-011
  0.25000000000000000        280.22578932844499       0.17273422791300469       0.98193718799932106        4.6409775751481086E-011
  0.29999999999999999        279.65741826538851       0.17273422791300469       0.98193718799932106        4.6409775751481086E-011
  0.34999999999999998        279.07302842841932       0.17273422791300469       0.98193718799932106        4.6409775751481086E-011
  0.40000000000000002        278.55476622378177       0.17273422791300469       0.98193718799932106        4.6409775751481086E-011
  0.50000000000000000        277.81870551392336       0.17273422791270493       0.98193718799837337        4.6409775750497432E-011
  0.59999999999999998        277.39631763228078       0.17273422791285481       0.98193718799884711        4.6409775750989210E-011
  0.69999999999999996        277.15150543421049       0.17273422791285481       0.98193718799884711        4.6409775750989210E-011
  0.80000000000000004        277.00552625773122       0.17273422791255505       0.98193718799789931        4.6409775750005563E-011
   1.0000000000000000        276.89415039329089       0.17273422791270493       0.98193718799837337        4.6409775750497432E-011
   2.5000000000000001E-002   275.99484074876187       0.13881116511422162       0.85773993516980784        3.2124861921195953E-012
   5.0000000000000003E-002   276.78091625140235       0.17263967238752265       0.98163808583717949        4.6100430570612106E-011
  0.10000000000000001        278.53719725523348       0.17273417043316813       0.98193700624610913        4.6409587124550981E-011
  0.14999999999999999        279.57585885988578       0.17273422788750209       0.98193718791868101        4.6409775667791094E-011
  0.20000000000000001        279.95399428911753       0.17273422791306581       0.98193718799951435        4.6409775751681658E-011
  0.25000000000000000        279.88172168632201       0.17273422791301468       0.98193718799935248        4.6409775751513876E-011
  0.29999999999999999        279.55378658047141       0.17273422791301468       0.98193718799935248        4.6409775751513876E-011
  0.34999999999999998        279.11880094798619       0.17273422791301468       0.98193718799935248        4.6409775751513876E-011
  0.40000000000000002        278.67617487401054       0.17273422791301468       0.98193718799935248        4.6409775751513876E-011
  0.50000000000000000        277.93869766748151       0.17273422791269494       0.98193718799834173        4.6409775750464642E-011
  0.59999999999999998        277.47172726353239       0.17273422791285481       0.98193718799884711        4.6409775750989210E-011
  0.69999999999999996        277.19478848357255       0.17273422791285481       0.98193718799884711        4.6409775750989210E-011
  0.80000000000000004        277.03135811799592       0.17273422791253507       0.98193718799783603        4.6409775749939977E-011
   1.0000000000000000        276.90615443315073       0.17273422791269494       0.98193718799834173        4.6409775750464642E-011
