   2.5000000000000001E-002   276.84637500000002       0.11742865108822463       0.78073464437182927        2.5115177532291221E-008
   5.0000000000000003E-002   276.84637500000002       0.11742865108822463       0.78073464437182927        2.5115177532291221E-008
  0.10000000000000001        276.84637500000002       0.11742865108822463       0.78073464437182927        2.5115177532291221E-008
  0.14999999999999999        276.84637500000002       0.11742865108822463       0.78073464437182927        2.5115177532291221E-008
  0.20000000000000001        276.84637500000002       0.11742865108822463       0.78073464437182927        2.5115177532291221E-008
  0.25000000000000000        276.84637500000002       0.11742865108822463       0.78073464437182927        2.5115177532291221E-008
  0.29999999999999999        276.84637500000002       0.11742865108822463       0.78073464437182927        2.5115177532291221E-008
  0.34999999999999998        276.84637500000002       0.11742865108822463       0.78073464437182927        2.5115177532291221E-008
  0.40000000000000002        276.84637500000002       0.11742865108822463       0.78073464437182927        2.5115177532291221E-008
  0.50000000000000000        276.84637500000002       0.11742865108822463       0.78073464437182927        2.5115177532291221E-008
  0.59999999999999998        276.84637500000002       0.11742865108822463       0.78073464437182927        2.5115177532291221E-008
  0.69999999999999996        276.84637500000002       0.11742865108822463       0.78073464437182927        2.5115177532291221E-008
  0.80000000000000004        276.84637500000002       0.11742865108822463       0.78073464437182927        2.5115177532291221E-008
   1.0000000000000000        276.84637500000002       0.11742865108822463       0.78073464437182927        2.5115177532291221E-008
   2.5000000000000001E-002   281.96262284776697       0.11524389439050105       0.76889577652938446        2.2074728503186325E-008
   5.0000000000000003E-002   279.70202741421144       0.11732836987210533       0.78019714411558305        2.4968178946428121E-008
  0.10000000000000001        277.70584019265232       0.11742499473290420       0.78071505642994876        2.5109804854116996E-008
  0.14999999999999999        277.07627322914948       0.11742663935132910       0.78072386712390740        2.5112221348241911E-008
  0.20000000000000001        276.90219672758587       0.11742689070915641       0.78072521370678816        2.5112590694403522E-008
  0.25000000000000000        276.85887250833252       0.11742709771400657       0.78072632267771169        2.5112894871614688E-008
  0.29999999999999999        276.84898511239533       0.11742728023487549       0.78072730048052996        2.5113163074168697E-008
  0.34999999999999998        276.84688479697297       0.11742744130910863       0.78072816338764905        2.5113399764318366E-008
  0.40000000000000002        276.84644969765696       0.11742758346953694       0.78072892496850188        2.5113608663205913E-008
  0.50000000000000000        276.84637928341505       0.11742781961015858       0.78073019001689681        2.5113955665393946E-008
  0.59999999999999998        276.84637523096961       0.11742800352907169       0.78073117530191483        2.5114225932046916E-008
  0.69999999999999996        276.84637501180157       0.11742814676811779       0.78073194265663237        2.5114436421841104E-008
  0.80000000000000004        276.84637500040179       0.11742825870600508       0.78073254232518674        2.5114600915628271E-008
   1.0000000000000000        276.84637500000548       0.11742865062021611       0.78073464186464703        2.5115176844532837E-008
   2.5000000000000001E-002   286.13011902087106       0.10967249588733849       0.73742906805378339        1.5704715946979118E-008
   5.0000000000000003E-002   283.61956171481143       0.11666986860254944       0.77665361280038203        2.4021044655580302E-008
  0.10000000000000001        280.10703501297030       0.11739817485372585       0.78057135331375616        2.5070425518623621E-008
  0.14999999999999999        278.24024324883612       0.11742058124262902       0.78069141134683195        2.5103320943876027E-008
  0.20000000000000001        277.38485878633179       0.11742197610172414       0.78069888436157631        2.5105369993065766E-008
  0.25000000000000000        277.03695662294791       0.11742276933857852       0.78070313411207604        2.5106535322418779E-008
  0.29999999999999999        276.90877963325687       0.11742346052029645       0.78070683707559851        2.5107550762170911E-008
  0.34999999999999998        276.86524065869156       0.11742407035289446       0.78071010419407361        2.5108446718164990E-008
  0.40000000000000002        276.85095998099121       0.11742460863312974       0.78071298796051769        2.5109237573306623E-008
  0.50000000000000000        276.84683296234800       0.11742550265961645       0.78071777755555893        2.5110551147007734E-008
  0.59999999999999998        276.84641687037151       0.11742619903992371       0.78072150826385678        2.5111574364150277E-008
  0.69999999999999996        276.84637854319800       0.11742674142369923       0.78072441394997827        2.5112371333216805E-008
  0.80000000000000004        276.84637520157065       0.11742716685837851       0.78072669309892473        2.5112996474487280E-008
   1.0000000000000000        276.84637500426624       0.11742864736350818       0.78073462441804065        2.5115172058662877E-008
   2.5000000000000001E-002   284.37623150595459       0.10729569321669105       0.72341342819361709        1.3509818590481623E-008
   5.0000000000000003E-002   283.81611428850618       0.11565422062240417       0.77114004681605230        2.2620446606019172E-008
  0.10000000000000001        281.53500359400283       0.11732962285032542       0.78020386345716375        2.4970011095962932E-008
  0.14999999999999999        279.53404588332381       0.11741418055817339       0.78065711802494486        2.5093920165262253E-008
  0.20000000000000001        278.21890010041636       0.11741860453216336       0.78068082085351764        2.5100417399277624E-008
  0.25000000000000000        277.48483285114821       0.11741986813109259       0.78068759078060590        2.5102273437630282E-008
  0.29999999999999999        277.12018591731521       0.11742090211764458       0.78069313045749134        2.5103792296889334E-008
  0.34999999999999998        276.95441949587354       0.11742181252711691       0.78069800800953848        2.5105129694432832E-008
  0.40000000000000002        276.88257701129641       0.11742261618757967       0.78070231361141484        2.5106310327564720E-008
  0.50000000000000000        276.85167120324689       0.11742395070206244       0.78070946317808487        2.5108270926982014E-008
  0.59999999999999998        276.84707163977708       0.11742499031150459       0.78071503274303589        2.5109798357871079E-008
  0.69999999999999996        276.84645847560392       0.11742580010438244       0.78071937105547740        2.5110988189159982E-008
  0.80000000000000004        276.84638183163332       0.11742643906243506       0.78072279412676449        2.5111927046290794E-008
   1.0000000000000000        276.84637520977935       0.11742864074910037       0.78073458898379910        2.5115162338513378E-008
   2.5000000000000001E-002   279.23947933476717       0.10848815959568464       0.73049123991881681        1.4575742039401226E-008
   5.0000000000000003E-002   280.22335832494377       0.11488155204667862       0.76690584974435150        2.1602219494604816E-008
  0.10000000000000001        280.54033420623682       0.11722564490998220       0.77964596260143182        2.4818361038119127E-008
  0.14999999999999999        279.76972601154637       0.11740721049901268       0.78061977152942363        2.5083686559226717E-008
  0.20000000000000001        278.77581414201705       0.11741821536405050       0.78067873580708902        2.5099845792986002E-008
  0.25000000000000000        277.96939333461603       0.11741980110036708       0.78068723165534482        2.5102174976547254E-008
  0.29999999999999999        277.43868588631176       0.11742085356689132       0.78069287034375545        2.5103720977221108E-008
  0.34999999999999998        277.13157775547637       0.11742177003967275       0.78069778038253146        2.5105067278741738E-008
  0.40000000000000002        276.96720088065098       0.11742257886315173       0.78070211364701092        2.5106255494332870E-008
  0.50000000000000000        276.87014853784734       0.11742392148213261       0.78070930663544846        2.5108227997176798E-008
  0.59999999999999998        276.85051499904580       0.11742496755145282       0.78071491080982724        2.5109764917149566E-008
  0.69999999999999996        276.84702316943952       0.11742578252974338       0.78071927690305554        2.5110962366174696E-008
  0.80000000000000004        276.84644565326886       0.11742643128279415       0.78072275244925882        2.5111915615044929E-008
   1.0000000000000000        276.84637792720935       0.11742863326757308       0.78073454890428318        2.5115151344099368E-008
   2.5000000000000001E-002   276.73938967371737       0.10913197742972496       0.73427393246159700        1.5180531008854358E-008
   5.0000000000000003E-002   277.86712307808051       0.11436400960725963       0.76405031165748349        2.0942324610289793E-008
  0.10000000000000001        279.02146272836478       0.11710124955647279       0.77897771511806524        2.4637967093920212E-008
  0.14999999999999999        279.15440281443699       0.11739502615429082       0.78055447968911551        2.5065805780878137E-008
  0.20000000000000001        278.75119739760464       0.11741741019171829       0.78067442190755321        2.5098663199105372E-008
  0.25000000000000000        278.19335315364629       0.11741975158397833       0.78068696636511081        2.5102102242394063E-008
  0.29999999999999999        277.69520902534339       0.11742084362155938       0.78069281706099347        2.5103706367834255E-008
  0.34999999999999998        277.33080756363233       0.11742176271097700       0.78069774111894330        2.5105056512618970E-008
  0.40000000000000002        277.09493926773860       0.11742257259548741       0.78070208006819652        2.5106246286531575E-008
  0.50000000000000000        276.90933971470395       0.11742391646112087       0.78070927973591231        2.5108220620332533E-008
  0.59999999999999998        276.86023234813263       0.11742496363938380       0.78071488985156234        2.5109759169257393E-008
  0.69999999999999996        276.84907890522481       0.11742577970823850       0.78071926178743678        2.5110958220448466E-008
  0.80000000000000004        276.84674967447648       0.11742643482973374       0.78072277145111246        2.5111920826845152E-008
   1.0000000000000000        276.84639503938683       0.11742862582169143       0.78073450901572228        2.5115140402072172E-008
   2.5000000000000001E-002   274.97283521870514       0.10964275093545250       0.73725592592241940        1.5675473088211101E-008
   5.0000000000000003E-002   276.16203065067458       0.11399903223609201       0.76202709281041292        2.0487383840830836E-008
  0.10000000000000001        277.69411760189593       0.11696815661651891       0.77826178284726089        2.4446201983747986E-008
  0.14999999999999999        278.33979486937318       0.11737740546247225       0.78046004161246985        2.5039966315309805E-008
  0.20000000000000001        278.39762814564915       0.11741590835642557       0.78066637537616934        2.5096457511301670E-008
  0.25000000000000000        278.14748046557202       0.11741964827021797       0.78068641284830265        2.5101950486372416E-008
  0.29999999999999999        277.79889886729336       0.11742083182830486       0.78069275387785897        2.5103689043915334E-008
  0.34999999999999998        277.47392304356742       0.11742175651929231       0.78069770794690507        2.5105047416810207E-008
  0.40000000000000002        277.22301878540623       0.11742256745632870       0.78070205253531344        2.5106238736615611E-008
  0.50000000000000000        276.96548691955275       0.11742391233114097       0.78070925760998344        2.5108214552588983E-008
  0.59999999999999998        276.87850522754945       0.11742496042307099       0.78071487262069605        2.5109754443620945E-008
  0.69999999999999996        276.85395232084772       0.11742577749811009       0.78071924994713826        2.5110954973037417E-008
  0.80000000000000004        276.84766952589462       0.11742643869185566       0.78072279214147677        2.5111926501768858E-008
   1.0000000000000000        276.84646185111052       0.11742861841372094       0.78073446933025337        2.5115129515761007E-008
   2.5000000000000001E-002   273.64049489535682       0.11030335283414779       0.74108797179578922        1.6335997352725146E-008
   5.0000000000000003E-002   274.84665844814964       0.11375907417794147       0.76069261745262051        2.0192902339949423E-008
  0.10000000000000001        276.56457303003566       0.11683386887888079       0.77753841376313337        2.4254009377661597E-008
  0.14999999999999999        277.51936463637168       0.11735465463854583       0.78033808294402540        2.5006637550660844E-008
  0.20000000000000001        277.90778866444890       0.11741350508311744       0.78065349885926905        2.5092928260693248E-008
  0.25000000000000000        277.93028539977786       0.11741945354917159       0.78068536960353918        2.5101664465700509E-008
  0.29999999999999999        277.76251000901510       0.11742081345067365       0.78069265541847899        2.5103662047775119E-008
  0.34999999999999998        277.53198145176083       0.11742175012958254       0.78069767371394261        2.5105038030098404E-008
  0.40000000000000002        277.31480849545363       0.11742256247580028       0.78070202585228610        2.5106231419744607E-008
  0.50000000000000000        277.02640922392357       0.11742390834359806       0.78070923624714461        2.5108208694114287E-008
  0.59999999999999998        276.90441140513019       0.11742495732052737       0.78071485599932888        2.5109749885143045E-008
  0.69999999999999996        276.86252787054764       0.11742577544213946       0.78071923893270756        2.5110951952135548E-008
  0.80000000000000004        276.84969952387087       0.11742644251724041       0.78072281263503007        2.5111932122712805E-008
   1.0000000000000000        276.84664907835071       0.11742861104388623       0.78073442984907993        2.5115118685495914E-008
   2.5000000000000001E-002   272.81731965803334       0.11094278204794690       0.74477097449526974        1.6997857757945005E-008
   5.0000000000000003E-002   273.81145483075824       0.11362521592432047       0.75994670845699508        2.0030205934913986E-008
  0.10000000000000001        275.58735382156146       0.11670403982068878       0.77683809582803454        2.4069427010496471E-008
  0.14999999999999999        276.74327042692533       0.11732737247549334       0.78019179531778660        2.4966720599567227E-008
  0.20000000000000001        277.37185279702840       0.11741003986304534       0.78063493196181999        2.5087840268493673E-008
  0.25000000000000000        277.61810853997582       0.11741912474028340       0.78068360795993330        2.5101181493212544E-008
  0.29999999999999999        277.62477840405410       0.11742078265025357       0.78069249040314026        2.5103616803019283E-008
  0.34999999999999998        277.50936741202702       0.11742174252079553       0.78069763294975303        2.5105026852522482E-008
  0.40000000000000002        277.35500363382027       0.11742255712737407       0.78070199719825606        2.5106223562398684E-008
  0.50000000000000000        277.07939938557791       0.11742390410422845       0.78070921353517009        2.5108202465658540E-008
  0.59999999999999998        276.93431468726561       0.11742495402580810       0.78071483834841149        2.5109745044307787E-008
  0.69999999999999996        276.87470094459985       0.11742577329827976       0.78071922744742950        2.5110948802095863E-008
  0.80000000000000004        276.85326403033548       0.11742644612202964       0.78072283194679670        2.5111937419519074E-008
   1.0000000000000000        276.84706152986706       0.11742860371165224       0.78073439056933513        2.5115107910490543E-008
   2.5000000000000001E-002   281.23858709629945       0.10857403035057556       0.73099731991444505        1.4655197321531688E-008
   5.0000000000000003E-002   278.48536754515271       0.11343700000030740       0.75889609308911354        1.9803336611477737E-008
  0.10000000000000001        276.58372633464808       0.11657743827192867       0.77615427056661912        2.3890590547475352E-008
  0.14999999999999999        276.56744432181756       0.11729372621206867       0.78001132592085209        2.4917567222197421E-008
  0.20000000000000001        276.97375156092005       0.11740312084024249       0.78059785733609921        2.5077683685472923E-008
  0.25000000000000000        277.29156728365029       0.11741660139462269       0.78067008855106135        2.5097475329298589E-008
  0.29999999999999999        277.42721927320542       0.11741895338375677       0.78068268988889922        2.5100929798516562E-008
  0.34999999999999998        277.42284335636134       0.11742016280586801       0.78068916953356582        2.5102706287784763E-008
  0.40000000000000002        277.34349805050107       0.11742116564250239       0.78069454230631363        2.5104179410390019E-008
  0.50000000000000000        277.11561618947212       0.11742282029889757       0.78070340712976027        2.5106610188845637E-008
  0.59999999999999998        276.96358465905212       0.11742410991213996       0.78071031612814368        2.5108504838899503E-008
  0.69999999999999996        276.88940102715407       0.11742511634897937       0.78071570796741430        2.5109983541974123E-008
  0.80000000000000004        276.85853989865706       0.11742594006682548       0.78072012087412901        2.5111193841311919E-008
   1.0000000000000000        276.84782052372117       0.11742859584030525       0.78073434840148770        2.5115096343241849E-008
   2.5000000000000001E-002   286.71046954693639       0.10303771365331361       0.69735285788116719        1.0228585621488828E-008
   5.0000000000000003E-002   283.65981593488874       0.11280983384461721       0.75537996283539344        1.9063145467512913E-008
  0.10000000000000001        279.70301046637451       0.11643807706810924       0.77540047606668705        2.3695043857516587E-008
  0.14999999999999999        277.90718832456810       0.11725213765461008       0.77978816870168588        2.4856925342099013E-008
  0.20000000000000001        277.32735055528326       0.11739094934186044       0.78053263155975583        2.5059825406394865E-008
  0.25000000000000000        277.25267585946074       0.11741030817250880       0.78063636960709570        2.5088234196531802E-008
  0.29999999999999999        277.30076133007822       0.11741396575175352       0.78065596710434604        2.5093604728117071E-008
  0.34999999999999998        277.32440568726685       0.11741581717255199       0.78066588682726290        2.5096323598382702E-008
  0.40000000000000002        277.29633851206938       0.11741733527932592       0.78067402054500801        2.5098553174227406E-008
  0.50000000000000000        277.13160540090405       0.11741983686609168       0.78068742327459373        2.5102227512592485E-008
  0.59999999999999998        276.98809353621084       0.11742178621163958       0.78069786702405541        2.5105091035967958E-008
  0.69999999999999996        276.90498144809675       0.11742330707764034       0.78070601501831338        2.5107325331053092E-008
  0.80000000000000004        276.86537990078523       0.11742453934074019       0.78071261673644798        2.5109135765955261E-008
   1.0000000000000000        276.84903712603148       0.11742858436351328       0.78073428691878854        2.5115079477660559E-008
   2.5000000000000001E-002   285.46195350096383       0.10079175860064521       0.68308661650786129        8.7912763933898868E-009
   5.0000000000000003E-002   284.44058337247895       0.11190980250447798       0.75029249008554322        1.8042284189627785E-008
  0.10000000000000001        281.64973209748013       0.11627477417327681       0.77451578015448885        2.3467644765808587E-008
  0.14999999999999999        279.49498639413571       0.11720882312540144       0.77955564727486482        2.4793900864005927E-008
  0.20000000000000001        278.23484527464956       0.11737955655925197       0.78047157134242418        2.5043119522420150E-008
  0.25000000000000000        277.63777556569028       0.11740559221573282       0.78061110016635626        2.5081311067517672E-008
  0.29999999999999999        277.40231875310076       0.11741056795001198       0.78063776153292563        2.5088615603106130E-008
  0.34999999999999998        277.31428166200851       0.11741290358767290       0.78065027605166026        2.5092045020036407E-008
  0.40000000000000002        277.26194412690660       0.11741477211536490       0.78066028754146766        2.5094788867760594E-008
  0.50000000000000000        277.13366446337801       0.11741784047775151       0.78067672727035564        2.5099295174199774E-008
  0.59999999999999998        277.00582894378107       0.11742023125189754       0.78068953624010562        2.5102806829622355E-008
  0.69999999999999996        276.91978170314167       0.11742209663812271       0.78069953013517135        2.5105547067845338E-008
  0.80000000000000004        276.87335264756871       0.11742360826172900       0.78070762858777298        2.5107767818939241E-008
   1.0000000000000000        276.85078660829441       0.11742856864450478       0.78073420270995952        2.5115056377996809E-008
   2.5000000000000001E-002   280.85042602158450       0.10202710110713997       0.69097941707906729        9.5587945611720730E-009
   5.0000000000000003E-002   281.44551558065046       0.11120373550154351       0.74626667758838949        1.7274474149775911E-008
  0.10000000000000001        281.14115745721472       0.11609289181454507       0.77352864326523063        2.3216571308782166E-008
  0.14999999999999999        280.04177930693766       0.11716503627558184       0.77932048350654570        2.4730327972239877E-008
  0.20000000000000001        278.94181132786372       0.11737083417603114       0.78042481837069499        2.5030335829190318E-008
  0.25000000000000000        278.15298179097329       0.11740418722337657       0.78060357157671723        2.5079248823252149E-008
  0.29999999999999999        277.68336900383008       0.11741031935648784       0.78063642953256762        2.5088250616801329E-008
  0.34999999999999998        277.43033219272212       0.11741280668950566       0.78064975687019400        2.5091902736487480E-008
  0.40000000000000002        277.28983983247588       0.11741469967874850       0.78065989943287084        2.5094682493115462E-008
  0.50000000000000000        277.13843516294372       0.11741778449156022       0.78067642731120945        2.5099212944689894E-008
  0.59999999999999998        277.01870895401015       0.11742018768242084       0.78068930281224880        2.5102742829445807E-008
  0.69999999999999996        276.93290262581274       0.11742206353189340       0.78069935276867253        2.5105498432817741E-008
  0.80000000000000004        276.88190415579919       0.11742359481164669       0.78070755653015023        2.5107748058462093E-008
   1.0000000000000000        276.85309404406649       0.11742855180275887       0.78073411248646107        2.5115031628449094E-008
   2.5000000000000001E-002   278.42486773916750       0.10286646190909897       0.69627807625965477        1.0112345514695354E-008
   5.0000000000000003E-002   279.27306798987371       0.11071521242629076       0.74346315051523626        1.6759727186312402E-008
  0.10000000000000001        279.91786967981943       0.11590159256166649       0.77248836025754297        2.2954978700297541E-008
  0.14999999999999999        279.69379120390073       0.11711596409487236       0.77905680635408325        2.4659247020822712E-008
  0.20000000000000001        279.09439493502470       0.11736063420356656       0.78037013996008930        2.5015393625803505E-008
  0.25000000000000000        278.46101096186140       0.11740250485496627       0.78059455653470233        2.5076779637723029E-008
  0.29999999999999999        277.95522108050909       0.11741008229375670       0.78063515931266614        2.5087902564292970E-008
  0.34999999999999998        277.60650395918401       0.11741276607365493       0.78064953924985470        2.5091843097098219E-008
  0.40000000000000002        277.38104403284353       0.11741468343455452       0.78065981239796289        2.5094658638238959E-008
  0.50000000000000000        277.16093082861693       0.11741777277956808       0.78067636456144340        2.5099195742774184E-008
  0.59999999999999998        277.03187858474149       0.11742017861890447       0.78068925425353441        2.5102729515861881E-008
  0.69999999999999996        276.94478223975563       0.11742205744257291       0.78069932014515442        2.5105489487251126E-008
  0.80000000000000004        276.89061384380068       0.11742360206375160       0.78070759538266010        2.5107758713046064E-008
   1.0000000000000000        276.85593978381695       0.11742853503986143       0.78073402268534875        2.5115006994792732E-008
   2.5000000000000001E-002   277.00032741347837       0.10346843472018798       0.70004674806737777        1.0526004224858686E-008
   5.0000000000000003E-002   277.83716975687747       0.11036434985429633       0.74144041247295145        1.6398168740913380E-008
  0.10000000000000001        278.81842505469336       0.11570972278574622       0.77144286985271004        2.2695139863811655E-008
  0.14999999999999999        279.08299957694544       0.11706181163835622       0.77876567478644931        2.4581009985079753E-008
  0.20000000000000001        278.89946604433783       0.11734874149710159       0.78030638006612318        2.4997981317229023E-008
  0.25000000000000000        278.51547876394039       0.11740041416747510       0.78058335327745154        2.5073711458198579E-008
  0.29999999999999999        278.10502889137996       0.11740977174418217       0.78063349533379633        2.5087446625571645E-008
  0.34999999999999998        277.75657496896963       0.11741271634360155       0.78064927279535468        2.5091770074786494E-008
  0.40000000000000002        277.49449590376713       0.11741466778238645       0.78065972853506160        2.5094635652780923E-008
  0.50000000000000000        277.20319017715434       0.11741776225733778       0.78067630818610101        2.5099180288322388E-008
  0.59999999999999998        277.05010486191719       0.11742017051202482       0.78068921082009490        2.5102717607506240E-008
  0.69999999999999996        276.95688985809437       0.11742205223114041       0.78069929222491696        2.5105481831355267E-008
  0.80000000000000004        276.89939727050057       0.11742360966563169       0.78070763610905680        2.5107769881513777E-008
   1.0000000000000000        276.85928503743344       0.11742851835908778       0.78073393332416918        2.5114982481840606E-008
   2.5000000000000001E-002   276.04102211186824       0.10395833881617705       0.70309467389575686        1.0873242328295247E-008
   5.0000000000000003E-002   276.86106851235741       0.11010750049858158       0.73995474937023875        1.6137733912379841E-008
  0.10000000000000001        277.95457312599785       0.11552235392403822       0.77041986375924387        2.2443825969604490E-008
  0.14999999999999999        278.46868615093967       0.11700318234684595       0.77845028942769234        2.4496544239557727E-008
  0.20000000000000001        278.56384976274825       0.11733506635215148       0.78023305428496403        2.4977972112575676E-008
  0.25000000000000000        278.40381261375097       0.11739786231972506       0.78056967849416958        2.5069966939599045E-008
  0.29999999999999999        278.13035126674754       0.11740937110248785       0.78063134861765615        2.5086858427007685E-008
  0.34999999999999998        277.84155118818620       0.11741265317013347       0.78064893431060334        2.5091677312777514E-008
  0.40000000000000002        277.59007738938539       0.11741465136463242       0.78065964057020532        2.5094611543067067E-008
  0.50000000000000000        277.25612418333446       0.11741775215796399       0.78067625407630703        2.5099165454945745E-008
  0.59999999999999998        277.07486205166447       0.11742016277711530       0.78068916937952015        2.5102706245549371E-008
  0.69999999999999996        276.97071852409005       0.11742204743475360       0.78069926652828481        2.5105474785187314E-008
  0.80000000000000004        276.90850105516807       0.11742361726561666       0.78070767682529718        2.5107781047201505E-008
   1.0000000000000000        276.86310340240209       0.11742850176053060       0.78073384440341886        2.5114958089728592E-008
   2.5000000000000001E-002   275.34747336455843       0.10432869318518163       0.70538753109717689        1.1142198444439168E-008
   5.0000000000000003E-002   276.03305515832170       0.10991890663939827       0.73886123046970975        1.5948765111288874E-008
  0.10000000000000001        277.21215905259834       0.11534239275574461       0.76943539783741777        2.2204690443700342E-008
  0.14999999999999999        277.89734148841944       0.11694079569909911       0.77811447987240845        2.4406937838290778E-008
  0.20000000000000001        278.18726753683467       0.11731955575601237       0.78014987420789828        2.4955293876649714E-008
  0.25000000000000000        278.20548534901940       0.11739479281470976       0.78055322921920967        2.5065463456520644E-008
  0.29999999999999999        278.06628005451245       0.11740885827228087       0.78062860076056273        2.5086105537065393E-008
  0.34999999999999998        277.86026191101223       0.11741256793336075       0.78064847760985590        2.5091552154144048E-008
  0.40000000000000002        277.64839532664968       0.11741462938619031       0.78065952281165640        2.5094579267431759E-008
  0.50000000000000000        277.30805240443658       0.11741773911158211       0.78067618417720852        2.5099146293185015E-008
  0.59999999999999998        277.10434026825891       0.11742015280601481       0.78068911595831691        2.5102691598815217E-008
  0.69999999999999996        276.98695584077001       0.11742204101501266       0.78069923213453407        2.5105465354221474E-008
  0.80000000000000004        276.91830984938275       0.11742362328539560       0.78070770907572240        2.5107789891297242E-008
   1.0000000000000000        276.86739972049361       0.11742848524330322       0.78073375591834826        2.5114933817153442E-008
