   2.5000000000000001E-002   276.84637500000002       0.20339238994908340        1.4904395670334782        9.2946815055722744E-005
   5.0000000000000003E-002   276.84637500000002       0.20339238994908340        1.4904395670334782        9.2946815055722744E-005
  0.10000000000000001        276.84637500000002       0.20339238994908340        1.4904395670334782        9.2946815055722744E-005
  0.14999999999999999        276.84637500000002       0.20339238994908340        1.4904395670334782        9.2946815055722744E-005
  0.20000000000000001        276.84637500000002       0.20339238994908340        1.4904395670334782        9.2946815055722744E-005
  0.25000000000000000        276.84637500000002       0.20339238994908340        1.4904395670334782        9.2946815055722744E-005
  0.29999999999999999        276.84637500000002       0.20339238994908340        1.4904395670334782        9.2946815055722744E-005
  0.34999999999999998        276.84637500000002       0.20339238994908340        1.4904395670334782        9.2946815055722744E-005
  0.40000000000000002        276.84637500000002       0.20339238994908340        1.4904395670334782        9.2946815055722744E-005
  0.50000000000000000        276.84637500000002       0.20339238994908340        1.4904395670334782        9.2946815055722744E-005
  0.59999999999999998        276.84637500000002       0.20339238994908340        1.4904395670334782        9.2946815055722744E-005
  0.69999999999999996        276.84637500000002       0.20339238994908340        1.4904395670334782        9.2946815055722744E-005
  0.80000000000000004        276.84637500000002       0.20339238994908340        1.4904395670334782        9.2946815055722744E-005
   1.0000000000000000        276.84637500000002       0.20339238994908340        1.4904395670334782        9.2946815055722744E-005
   2.5000000000000001E-002   281.61877589347165       0.20223034715444083        1.4866812277160626        8.7966794840124157E-005
   5.0000000000000003E-002   279.91116260732451       0.20227276037703878        1.4868189851930309        8.8144268735274785E-005
  0.10000000000000001        278.04663153129809       0.20235328736714461        1.4870804137537634        8.8482108872732631E-005
  0.14999999999999999        277.27355323843216       0.20242833237245339        1.4873239016272737        8.8797993961968298E-005
  0.20000000000000001        276.98638838965223       0.20249813091292446        1.4875502427981333        8.9092701740569523E-005
  0.25000000000000000        276.88909579857125       0.20256290637923824        1.4877601882004416        8.9366984456753799E-005
  0.29999999999999999        276.85860974013923       0.20262287004690832        1.4879544461590017        8.9621566364347566E-005
  0.34999999999999998        276.84965565928206       0.20267822107914060        1.4881336827581444        8.9857141373095783E-005
  0.40000000000000002        276.84707622172118       0.20272914651600280        1.4882985221329237        9.0074370834160043E-005
  0.50000000000000000        276.84643659804374       0.20281832068572878        1.4885870148868172        9.0455889091926818E-005
  0.59999999999999998        276.84638005745285       0.20289174535809706        1.4888244093188643        9.0771111644343092E-005
  0.69999999999999996        276.84637539125453       0.20295047299531904        1.4890141907888896        9.1023945761601222E-005
  0.80000000000000004        276.84637502057126       0.20299535672462959        1.4891591780735898        9.1217604307450154E-005
   1.0000000000000000        276.84637500040765       0.20304560268672950        1.4893214284869318        9.1434836995965625E-005
   2.5000000000000001E-002   285.30090033568479       0.20121190197184921        1.4833599885965956        8.3800209137129426E-005
   5.0000000000000003E-002   283.41199741527913       0.20126093202773634        1.4835204689336332        8.3996670919094654E-005
  0.10000000000000001        280.52299109381994       0.20135541606415314        1.4838295562327639        8.4376429495681648E-005
  0.14999999999999999        278.73901590562627       0.20144514882520845        1.4841228953218293        8.4738514774150851E-005
  0.20000000000000001        277.75034262896855       0.20153012758158703        1.4844005092158870        8.5082699743638788E-005
  0.25000000000000000        277.24983305682963       0.20161035785952997        1.4846624461628506        8.5408801148438937E-005
  0.29999999999999999        277.01541101486077       0.20168585170968112        1.4849087739232074        8.5716673162735709E-005
  0.34999999999999998        276.91245113421655       0.20175662616290843        1.4851395746917853        8.6006201596380028E-005
  0.40000000000000002        276.86858591204441       0.20182270185392462        1.4853549405925202        8.6277298595343005E-005
  0.50000000000000000        276.84970403714379       0.20194089106187735        1.4857398951697156        8.6764118326694862E-005
  0.59999999999999998        276.84683036395802       0.20204058849214054        1.4860643518611982        8.7176682723097721E-005
  0.69999999999999996        276.84643239599893       0.20212197670877033        1.4863290409810890        8.7514782727129750E-005
  0.80000000000000004        276.84638002488583       0.20218520710640112        1.4865345648907631        8.7778262569252662E-005
   1.0000000000000000        276.84637516779401       0.20225761223141775        1.4867697893395653        8.8080846039504903E-005
   2.5000000000000001E-002   284.71770896195324       0.20076337662085686        1.4818891408920070        8.2022001545765938E-005
   5.0000000000000003E-002   283.96023586207622       0.20079047645204642        1.4819781517037758        8.2128473064216621E-005
  0.10000000000000001        281.93906820502656       0.20084457381702636        1.4821557824813929        8.2341384583626829E-005
  0.14999999999999999        280.12896372141671       0.20089808350324673        1.4823314117310458        8.2552469532693750E-005
  0.20000000000000001        278.79745969884254       0.20095062101872574        1.4825037806288235        8.2760191020726526E-005
  0.25000000000000000        277.92915344696644       0.20100184521462325        1.4826717744264519        8.2963170693889495E-005
  0.29999999999999999        277.41085657533915       0.20105145317378129        1.4828344053160443        8.3160170938685783E-005
  0.34999999999999998        277.12187610400832       0.20109917572862351        1.4829907973896368        8.3350079392648604E-005
  0.40000000000000002        276.96761674674281       0.20114477355392543        1.4831401735155982        8.3531895538914493E-005
  0.50000000000000000        276.87229908348490       0.20122902649895455        1.4834160457005394        8.3868779704592453E-005
  0.59999999999999998        276.85137043770737       0.20130250721057036        1.4836565018937167        8.4163584483869805E-005
  0.69999999999999996        276.84725047753938       0.20136409078765183        1.4838579228933504        8.4411372690033879E-005
  0.80000000000000004        276.84648471323698       0.20141289683526303        1.4840174856093369        8.4608213165784436E-005
   1.0000000000000000        276.84638035960705       0.20147023403869266        1.4842048638941854        8.4839986084900520E-005
   2.5000000000000001E-002   280.38739344604699       0.20062933247518680        1.4814485960014931        8.1497176961829002E-005
   5.0000000000000003E-002   280.89473791985216       0.20064701358836254        1.4815067318603039        8.1566231322839774E-005
  0.10000000000000001        280.94806922337841       0.20068129333587251        1.4816194220936505        8.1700261739138264E-005
  0.14999999999999999        280.26425972518211       0.20071409906611726        1.4817272391753502        8.1828713638690463E-005
  0.20000000000000001        279.35266873340015       0.20074541834401582        1.4818301458868361        8.1951514086218191E-005
  0.25000000000000000        278.51882412265280       0.20077523608211950        1.4819280961695298        8.2068580514389977E-005
  0.29999999999999999        277.88033809448916       0.20080353478376364        1.4820210359282864        8.2179821653961680E-005
  0.34999999999999998        277.44246432218478       0.20083029482361942        1.4821089039550854        8.2285138628040934E-005
  0.40000000000000002        277.16367754266429       0.20085549476037673        1.4821916329556735        8.2384426189829741E-005
  0.50000000000000000        276.93512243839700       0.20090119877609122        1.4823416344646920        8.2564773578463972E-005
  0.59999999999999998        276.86850285710909       0.20094036882470062        1.4824701498917536        8.2719619421161978E-005
  0.69999999999999996        276.85134250133268       0.20097280075271617        1.4825765288484007        8.2848025177104627E-005
  0.80000000000000004        276.84719733579516       0.20099829672543831        1.4826601389843190        8.2949095177063979E-005
   1.0000000000000000        276.84642955169477       0.20102797770132375        1.4827574527887435        8.3066894328541366E-005
   2.5000000000000001E-002   278.13326478758580       0.20033447312342936        1.4804779388683114        8.0353284752779537E-005
   5.0000000000000003E-002   278.80358576949982       0.20035225215721184        1.4805365279763609        8.0421847881653269E-005
  0.10000000000000001        279.50144982213186       0.20038656625334073        1.4806495843877412        8.0554325108642564E-005
  0.14999999999999999        279.54788468357680       0.20041920507153169        1.4807570937793701        8.0680515951772443E-005
  0.20000000000000001        279.19838520426731       0.20045017205326818        1.4808590716039367        8.0800406712873950E-005
  0.25000000000000000        278.68313399272387       0.20047947012550810        1.4809555313966685        8.0913983100653757E-005
  0.29999999999999999        278.16288895767536       0.20050710168538430        1.4810464847285250        8.1021230158154954E-005
  0.34999999999999998        277.72301588945101       0.20053306858975725        1.4811319411750752        8.1122132210329585E-005
  0.40000000000000002        277.39141362741714       0.20055737214942299        1.4812119083003688        8.1216672831190681E-005
  0.50000000000000000        277.03789623621628       0.20060104147561916        1.4813555583542837        8.1386794176151609E-005
  0.59999999999999998        276.90545974108034       0.20063805483275088        1.4814772762673158        8.1531235961914222E-005
  0.69999999999999996        276.86259734589464       0.20066840217243986        1.4815770475094427        8.1649835435180064E-005
  0.80000000000000004        276.84975517765270       0.20069206533605949        1.4816548275832868        8.1742419919417792E-005
   1.0000000000000000        276.84666601837813       0.20071929271629607        1.4817443058063411        8.1849066126329573E-005
   2.5000000000000001E-002   276.46672046437260       0.20003663662426896        1.4794952669915362        7.9212467375839636E-005
   5.0000000000000003E-002   277.23608505561657       0.20005432949444651        1.4795537045482454        7.9279829574900159E-005
  0.10000000000000001        278.25402381488681       0.20008849072251803        1.4796665129570985        7.9410037111418255E-005
  0.14999999999999999        278.70458711655112       0.20012099980890957        1.4797738383543693        7.9534125302452673E-005
  0.20000000000000001        278.74554960731189       0.20015185718563305        1.4798756862254765        7.9652069549397439E-005
  0.25000000000000000        278.53626911624400       0.20018106303166083        1.4799720610113556        7.9763845576740776E-005
  0.29999999999999999        278.21176635742097       0.20020861725700756        1.4800629660573204        7.9869429371933953E-005
  0.34999999999999998        277.86887627549265       0.20023451948925208        1.4801484035698540        7.9968797134826860E-005
  0.40000000000000002        277.56524876828018       0.20025876906205894        1.4802283745798639        8.0061925235141545E-005
  0.50000000000000000        277.15393337194018       0.20030235645793715        1.4803720813634045        8.0229562669369668E-005
  0.59999999999999998        276.96032943862144       0.20033931274103989        1.4804938881513954        8.0371943081672536E-005
  0.69999999999999996        276.88354145295995       0.20036962003523739        1.4805937545046828        8.0488876034875547E-005
  0.80000000000000004        276.85582311176944       0.20039325504032893        1.4806716188385252        8.0580171422771463E-005
   1.0000000000000000        276.84740068853608       0.20042045225981511        1.4807612013779938        8.0685341443407230E-005
   2.5000000000000001E-002   275.16564620789330       0.19975622781149488        1.4785680558365271        7.8151689363287568E-005
   5.0000000000000003E-002   275.97280372652716       0.19977333144026949        1.4786246681422781        7.8216025501412327E-005
  0.10000000000000001        277.16893974785654       0.19980637783608432        1.4787340294484461        7.8340465569306725E-005
  0.14999999999999999        277.87488698334005       0.19983785375934043        1.4788381679425198        7.8459156746269558E-005
  0.20000000000000001        278.19068230691488       0.19986775597709305        1.4789370766786394        7.8572062913107089E-005
  0.25000000000000000        278.22911216083094       0.19989608104698531        1.4790307478389983        7.8679148247010272E-005
  0.29999999999999999        278.09717392089982       0.19992282533306466        1.4791191727858217        7.8780377291804422E-005
  0.34999999999999998        277.88326332047791       0.19994798502016620        1.4792023421084088        7.8875715023681586E-005
  0.40000000000000002        277.65141904294052       0.19997155612681969        1.4792802456651151        7.8965126912128634E-005
  0.50000000000000000        277.25376507138981       0.20001396782367251        1.4794203829873802        7.9126235223094814E-005
  0.59999999999999998        277.02296425177843       0.20004996885003029        1.4795393025623287        7.9263222496071863E-005
  0.69999999999999996        276.91320777365627       0.20007952118402206        1.4796368962730184        7.9375830650300907E-005
  0.80000000000000004        276.86660268680515       0.20010258488995364        1.4797130466606716        7.9463813670463764E-005
   1.0000000000000000        276.84908664841367       0.20012915098825898        1.4798007444665335        7.9565265834914480E-005
   2.5000000000000001E-002   274.54490701726678       0.19946062753491489        1.4775884640352965        7.7047239485569867E-005
   5.0000000000000003E-002   275.07994876368514       0.19947990857643338        1.4776524269442053        7.7118850483686151E-005
  0.10000000000000001        276.24901531023090       0.19951656960189842        1.4777740202557272        7.7255176343273444E-005
  0.14999999999999999        277.10169557201272       0.19955086430297550        1.4778877344306725        7.7382898324515847E-005
  0.20000000000000001        277.61140316655565       0.19958294407969690        1.4779940774579974        7.7502542595864931E-005
  0.25000000000000000        277.84396599869012       0.19961293172977201        1.4780934616601191        7.7614533951650600E-005
  0.29999999999999999        277.88072302542969       0.19964092679137568        1.4781862215781585        7.7719214657110886E-005
  0.34999999999999998        277.79691461337245       0.19966700983991623        1.4782726283451493        7.7816859668729298E-005
  0.40000000000000002        277.65354493655605       0.19969124596318905        1.4783529013026446        7.7907688995515505E-005
  0.50000000000000000        277.32031469379183       0.19973438119684692        1.4784957337090625        7.8069581211408904E-005
  0.59999999999999998        277.08173755486428       0.19977062886215533        1.4786157232110959        7.8205856465787181E-005
  0.69999999999999996        276.94775912859421       0.19980017113071616        1.4787134915358611        7.8317079974269953E-005
  0.80000000000000004        276.88214414593619       0.19982311404563377        1.4787894045212493        7.8403555363632579E-005
   1.0000000000000000        276.85219432872731       0.19984939180449773        1.4788763354564241        7.8502705391934115E-005
   2.5000000000000001E-002   281.67947931327473       0.19854368149287044        1.4745356953618944        7.3709660276218163E-005
   5.0000000000000003E-002   279.69908857726352       0.19859255964783223        1.4746989642931252        7.3884247352025309E-005
  0.10000000000000001        277.77699660917290       0.19868488271891235        1.4750071870534092        7.4215025739855878E-005
  0.14999999999999999        277.29215334088252       0.19877039066573718        1.4752924635039459        7.4522569511151226E-005
  0.20000000000000001        277.35887887006839       0.19884945212265578        1.4755560670762302        7.4807942834757604E-005
  0.25000000000000000        277.52893676907712       0.19892241258314580        1.4757991877754744        7.5072162798032503E-005
  0.29999999999999999        277.63554277394604       0.19898959484824000        1.4760229344770759        7.5316196618724932E-005
  0.34999999999999998        277.64863064943307       0.19905129948396605        1.4762283371626852        7.5540959336433953E-005
  0.40000000000000002        277.58925742589190       0.19910780528488081        1.4764163490946991        7.5747311941035860E-005
  0.50000000000000000        277.34818938027178       0.19920604800915623        1.4767430394472667        7.6107285584072119E-005
  0.59999999999999998        277.12790244798640       0.19928634364431347        1.4770098678150254        7.6402636310103964E-005
  0.69999999999999996        276.98239969543152       0.19935017862905710        1.4772218796130483        7.6638172238385616E-005
  0.80000000000000004        276.90132624237373       0.19939873548327097        1.4773830798339083        7.6817770911364455E-005
   1.0000000000000000        276.85706265035077       0.19945274497867801        1.4775623117419474        7.7017980338443966E-005
   2.5000000000000001E-002   286.34285918594884       0.19750240806278099        1.4710429643666008        7.0077081381240790E-005
   5.0000000000000003E-002   284.15632350224627       0.19755956545823847        1.4712354096527365        7.0272239137584552E-005
  0.10000000000000001        280.91187812457662       0.19766964085135064        1.4716057891768426        7.0649452103913992E-005
  0.14999999999999999        279.04190444143563       0.19777410944100776        1.4719570144111580        7.1009128182419090E-005
  0.20000000000000001        278.12662377829167       0.19787295461718701        1.4722890751028965        7.1350952937212497E-005
  0.25000000000000000        277.75113193470793       0.19796617696867658        1.4726020163573008        7.1674683020937028E-005
  0.29999999999999999        277.62046719497914       0.19805379083604191        1.4728959268724819        7.1980135669344423E-005
  0.34999999999999998        277.56709204299705       0.19813582126867932        1.4731709286090451        7.2267179135281672E-005
  0.40000000000000002        277.51538117732292       0.19821230134132967        1.4734271677285860        7.2535723992736309E-005
  0.50000000000000000        277.34529731878143       0.19834874859659624        1.4738839490723823        7.3017053244675212E-005
  0.59999999999999998        277.15744882386861       0.19846352959798122        1.4742678299282042        7.3424166944480911E-005
  0.69999999999999996        277.01295867610867       0.19855698757556728        1.4745801480461547        7.3757151400663930E-005
  0.80000000000000004        276.92229779511365       0.19862942700386796        1.4748220729116366        7.4016178275086646E-005
   1.0000000000000000        276.86380057379887       0.19871207460916124        1.4750979263841859        7.4312702425482474E-005
   2.5000000000000001E-002   286.20200840327084       0.19716308790019196        1.4698987581932559        6.8928474364100221E-005
   5.0000000000000003E-002   285.17449989414916       0.19719191758726215        1.4699960891880786        6.9025403644982711E-005
  0.10000000000000001        282.76352933764872       0.19724992404663985        1.4701918577943016        6.9220799291297934E-005
  0.14999999999999999        280.73833188914188       0.19730784735133552        1.4703872589240565        6.9416409189502771E-005
  0.20000000000000001        279.32469369963758       0.19736519357314991        1.4705806278658669        6.9610557982616701E-005
  0.25000000000000000        278.45394577495114       0.19742151461213642        1.4707704572466973        6.9801709361027090E-005
  0.29999999999999999        277.96290105418234       0.19747640575152395        1.4709553883628126        6.9988460109918977E-005
  0.34999999999999998        277.69496883565699       0.19752950279051848        1.4711342010815076        7.0169532785506060E-005
  0.40000000000000002        277.53671639815781       0.19758047900575590        1.4713058031754846        7.0343767777027177E-005
  0.50000000000000000        277.34412911814928       0.19767523796822634        1.4716246139058218        7.0668681016466738E-005
  0.59999999999999998        277.17523409736060       0.19775838925615455        1.4719041808276883        7.0954900337305847E-005
  0.69999999999999996        277.03763244041681       0.19782838554807206        1.4721393807815677        7.1196642838703778E-005
  0.80000000000000004        276.94315243692017       0.19788402559868565        1.4723262513381710        7.1389330082111550E-005
   1.0000000000000000        276.87226921706491       0.19794960056064428        1.4725463867730590        7.1617022677356672E-005
   2.5000000000000001E-002   282.31956458992369       0.19717687811166476        1.4699453175739710        6.8974823681790479E-005
   5.0000000000000003E-002   282.55323557702530       0.19719194334010334        1.4699961761218157        6.9025490284059551E-005
  0.10000000000000001        282.14885568952354       0.19722136978490148        1.4700954996114455        6.9124551979176150E-005
  0.14999999999999999        281.15410545811091       0.19724981522118104        1.4701914905958631        6.9220432247561249E-005
  0.20000000000000001        280.05937952191499       0.19727724700186680        1.4702840411119122        6.9313008657714254E-005
  0.25000000000000000        279.13239547294290       0.19730362673713350        1.4703730238406396        6.9402139253626992E-005
  0.29999999999999999        278.45219860559382       0.19732891096286900        1.4704582943715809        6.9487664760513326E-005
  0.34999999999999998        277.99285793070055       0.19735305188955021        1.4705396937328683        6.9569411093134290E-005
  0.40000000000000002        277.69179441222798       0.19737599821514790        1.4706170511318042        6.9647192112017028E-005
  0.50000000000000000        277.38289036979864       0.19741818783082299        1.4707592466468564        6.9790405341469246E-005
  0.59999999999999998        277.19557312498938       0.19745492685891733        1.4708830341132400        6.9915331331600608E-005
  0.69999999999999996        277.05881705879966       0.19748576171982782        1.4709869013522092        7.0020335619340178E-005
  0.80000000000000004        276.96285810312548       0.19751026767636568        1.4710694321783757        7.0103888355326437E-005
   1.0000000000000000        276.88216351166761       0.19753921622646334        1.4711669047523734        7.0202703133152847E-005
   2.5000000000000001E-002   280.13553019751481       0.19697474509819116        1.4692623703505912        6.8298235601630669E-005
   5.0000000000000003E-002   280.59650038144372       0.19699000880701908        1.4693139788333425        6.8349118575746179E-005
  0.10000000000000001        280.91262019861540       0.19701946122434361        1.4694135440162559        6.8447396918343533E-005
  0.14999999999999999        280.65107105092289       0.19704747270913317        1.4695082172010259        6.8540984533351889E-005
  0.20000000000000001        280.07667446487528       0.19707404977322704        1.4695980235336237        6.8629885659586952E-005
  0.25000000000000000        279.41060620442852       0.19709919753356422        1.4696829832678617        6.8714100831569690E-005
  0.29999999999999999        278.79426895154660       0.19712291980807903        1.4697631120962065        6.8793627168136425E-005
  0.34999999999999998        278.29156593756858       0.19714521921193562        1.4698384214806000        6.8868458668101470E-005
  0.40000000000000002        277.91220295703857       0.19716609725482689        1.4699089189858285        6.8938586515008201E-005
  0.50000000000000000        277.47083986007988       0.19720362853018400        1.4700356199888693        6.9064812274925410E-005
  0.59999999999999998        277.23216810385838       0.19723546553924229        1.4701430692719923        6.9172049277094200E-005
  0.69999999999999996        277.08208064743968       0.19726158917904379        1.4702312164625826        6.9260153265674970E-005
  0.80000000000000004        276.98194049189800       0.19728197202483763        1.4702999806322801        6.9328965797112150E-005
   1.0000000000000000        276.89319044798322       0.19730544004689113        1.4703791397404911        6.9408269748728126E-005
   2.5000000000000001E-002   278.75211419389689       0.19675115724020040        1.4685056992541223        6.7556764605579495E-005
   5.0000000000000003E-002   279.24757449535400       0.19676668159032443        1.4685582790552505        6.7608013098162048E-005
  0.10000000000000001        279.83704761970637       0.19679663830940317        1.4686597224971187        6.7707003737215324E-005
  0.14999999999999999        279.96396690112982       0.19682512679315314        1.4687561723760580        6.7801263106493607E-005
  0.20000000000000001        279.76054283024331       0.19685214982628232        1.4688476413825002        6.7890782400868122E-005
  0.25000000000000000        279.37078360466927       0.19687770989308959        1.4689341410132204        6.7975552758422936E-005
  0.29999999999999999        278.91587690634128       0.19690180918543451        1.4690156816005291        6.8055565280693536E-005
  0.34999999999999998        278.47850893328234       0.19692444959997302        1.4690922723049413        6.8130811018034970E-005
  0.40000000000000002        278.10308103998244       0.19694563272905291        1.4691639210862322        6.8201280934482945E-005
  0.50000000000000000        277.58415250328727       0.19698366852457538        1.4692925422897134        6.8327978539921034E-005
  0.59999999999999998        277.28779149906904       0.19701588260203035        1.4694014475274773        6.8435448833754998E-005
  0.69999999999999996        277.11222330977643       0.19704227457376189        1.4694906500856943        6.8523608673484181E-005
  0.80000000000000004        277.00214206008496       0.19706283786370016        1.4695601396968212        6.8592368874211541E-005
   1.0000000000000000        276.90524692262454       0.19708646235951913        1.4696399605295030        6.8671441537969456E-005
   2.5000000000000001E-002   277.79688687399778       0.19653450468810787        1.4677712592793744        6.6845181194207507E-005
   5.0000000000000003E-002   278.30010769850156       0.19654987432446150        1.4678234017430454        6.6895439714601199E-005
  0.10000000000000001        278.99406820886168       0.19657955379223624        1.4679240738051904        6.6992587028486488E-005
  0.14999999999999999        279.31799200489291       0.19660780434025954        1.4680198777000102        6.7085174578237987E-005
  0.20000000000000001        279.34672411815194       0.19663462503110993        1.4681108134080034        6.7173182027200186E-005
  0.25000000000000000        279.17084505554089       0.19666001476144473        1.4681968801886229        6.7256589323378300E-005
  0.29999999999999999        278.87921088229865       0.19668397228276444        1.4682780766510264        6.7335376771314402E-005
  0.34999999999999998        278.54536550779324       0.19670649621062947        1.4683544007855207        6.7409525066620924E-005
  0.40000000000000002        278.22114453312497       0.19672758502631596        1.4684258499692708        6.7479015305981358E-005
  0.50000000000000000        277.69231541900314       0.19676548945845646        1.4685542416166926        6.7604076435894234E-005
  0.59999999999999998        277.35476817227516       0.19679762800800682        1.4686630735487844        6.7710276366845086E-005
  0.69999999999999996        277.15028432529050       0.19682398223044645        1.4687522977804190        6.7797473845321164E-005
  0.80000000000000004        277.02523759440464       0.19684453076621669        1.4688218539004640        6.7865532001260958E-005
   1.0000000000000000        276.91846840802970       0.19686816031994933        1.4689018256117150        6.7943870360838302E-005
   2.5000000000000001E-002   277.40251308094497       0.19629555842662799        1.4669598269448569        6.6068169041109918E-005
   5.0000000000000003E-002   277.63774930196905       0.19631396328543180        1.4670223805441622        6.6127729521416325E-005
  0.10000000000000001        278.29632631934379       0.19634870618004513        1.4671404390179672        6.6240293112330702E-005
  0.14999999999999999        278.73627372620149       0.19638093670139023        1.4672499321284407        6.6344870325495090E-005
  0.20000000000000001        278.92167491850148       0.19641086676499742        1.4673515858855739        6.6442115763620490E-005
  0.25000000000000000        278.90457976524698       0.19643866998432283        1.4674459951476670        6.6532565292394633E-005
  0.29999999999999999        278.75101995665699       0.19646448777641637        1.4675336445991811        6.6616654590286706E-005
  0.34999999999999998        278.52190920928342       0.19648843472218747        1.4676149271371739        6.6694735595011398E-005
  0.40000000000000002        278.26599738650515       0.19651060319413471        1.4676901597238647        6.6767090815353670E-005
  0.50000000000000000        277.77635132085663       0.19654986362587662        1.4678233654495596        6.6895404718589373E-005
  0.59999999999999998        277.42233445478331       0.19658271670951274        1.4679348009943816        6.7002947389777014E-005
  0.69999999999999996        277.19382876410316       0.19660941661883999        1.4680253446687883        6.7090462071128806E-005
  0.80000000000000004        277.05202913952047       0.19663011310990955        1.4680955170227410        6.7158369706516781E-005
   1.0000000000000000        276.93313005139743       0.19665376250557998        1.4681756876825860        6.7236041555727194E-005
