     0 172.710834 247.991806  55.657751   1.069494  -8.251367  -8.251367   0.000000   0.000000   0.000000 278.755736 276.920026   0.117608   0.117430 278.668260   0.117455
     1 192.286009 248.487502  62.793655  36.442190   8.321122   8.321122   0.000000   0.000000  12.849968 278.954827 276.993976   0.117427   0.117429 278.783560   0.117428
     2 211.878127 250.241320  79.218865  33.520832   7.000451   7.000451   0.000000   0.000000  13.725958 279.689874 277.089186   0.117417   0.117428 279.180040   0.117406
     3 231.435835 251.523610  92.584946  45.023332   8.584909   8.584909   0.000000   0.000000  18.204813 280.274105 277.197984   0.117404   0.117427 279.464328   0.117379
     4 250.916476 252.979197 106.760611  52.494568   9.211260   9.211260   0.000000   0.000000  21.532848 280.907065 277.321223   0.117390   0.117426 279.774049   0.117350
     5 270.283997 254.445913 120.601329  61.439007   9.954670   9.954670   0.000000   0.000000  25.100900 281.527247 277.457319   0.117373   0.117424 280.077679   0.117319
     6 289.507431 255.965077 134.419517  70.135837  10.490014  10.490014   0.000000   0.000000  28.489499 282.150277 277.605472   0.117355   0.117423 280.385369   0.117286
     7 308.559788 257.508295 148.089983  79.109125  10.911039  10.911039   0.000000   0.000000  31.813640 282.723862 277.762956   0.117334   0.117422 280.688973   0.117252
     8 327.417228 259.069834 161.847774  86.940121  12.675756  12.675756   0.000000   0.000000  34.726337 283.281029 277.928604   0.117308   0.117420 280.991537   0.117212
     9 346.058441 260.618619 175.484964  94.621818  14.974395  14.974395   0.000000   0.000000  37.466971 283.826926 278.101562   0.117276   0.117419 281.288849   0.117165
    10 364.464174 262.152966 188.960009 102.279276  17.284928  17.284928   0.000000   0.000000  40.077549 284.360646 278.281023   0.117236   0.117417 281.580914   0.117112
    11 382.616868 263.665055 202.256795 109.913622  19.612402  19.612402   0.000000   0.000000  42.557359 284.880857 278.466200   0.117188   0.117414 281.866642   0.117051
    12 400.500377 265.146036 215.361567 117.520692  21.953958  21.953958   0.000000   0.000000  44.902595 285.386321 278.656327   0.117130   0.117412 282.144753   0.116982
    13 418.099745 266.589812 228.263856 125.085449  24.304560  24.304560   0.000000   0.000000  47.109953 285.876271 278.850672   0.117062   0.117409 282.414432   0.116907
    14 435.401032 267.992505 240.953835 132.594092  26.658641  26.658641   0.000000   0.000000  49.179192 286.350309 279.048546   0.116983   0.117405 282.675217   0.116824
    15 452.391174 269.351929 253.422176 140.031890  29.009206  29.009206   0.000000   0.000000  51.112341 286.808396 279.249312   0.116891   0.117402 282.926906   0.116735
    16 469.057876 270.667876 265.660223 147.381335  31.349389  31.349389   0.000000   0.000000  52.913584 287.250859 279.452396   0.116785   0.117398 283.169610   0.116638
    17 485.389515 271.941496 277.659240 154.626891  33.674007  33.674007   0.000000   0.000000  54.589247 287.678229 279.657280   0.116665   0.117394 283.403640   0.116534
    18 501.375075 273.173944 289.409856 161.758091  35.978795  35.978795   0.000000   0.000000  56.146644 288.091041 279.863504   0.116528   0.117390 283.629279   0.116423
    19 517.004081 274.365872 300.902527 168.766983  38.259030  38.259030   0.000000   0.000000  57.592758 288.489785 280.070654   0.116374   0.117385 283.846706   0.116306
    20 532.266554 275.517523 312.127873 175.646887  40.509740  40.509740   0.000000   0.000000  58.933920 288.874897 280.278357   0.116202   0.117380 284.056021   0.116181
    21 547.152973 276.629004 323.076980 182.391286  42.726249  42.726249   0.000000   0.000000  60.175776 289.246761 280.486275   0.116009   0.117375 284.257298   0.116050
    22 561.654236 277.700587 333.741621 188.993172  44.904275  44.904275   0.000000   0.000000  61.323400 289.605743 280.694101   0.115796   0.117370 284.450641   0.115913
    23 575.761641 278.732940 344.114329 195.445446  47.039852  47.039852   0.000000   0.000000  62.381492 289.952197 280.901553   0.115559   0.117364 284.636232   0.115770
    24 594.975686 279.727219 358.595466 201.741455  49.129227  49.129227   0.000000   0.000000  63.354505 290.382610 281.112108   0.115298   0.117358 284.819138   0.115620
    25 608.292523 280.684989 367.864717 211.267337  51.867664  51.867664   0.000000   0.000000  64.893517 290.685520 281.320672   0.115006   0.117352 284.989135   0.115462
    26 621.190705 281.653294 377.488351 216.288144  53.708139  53.708139   0.000000   0.000000  65.553933 291.007320 281.528348   0.114686   0.117346 285.161104   0.115299
    27 633.662934 282.551740 386.595941 222.445051  55.723929  55.723929   0.000000   0.000000  66.352808 291.305815 281.734462   0.114335   0.117339 285.320204   0.115130
    28 645.702226 283.423355 395.452118 227.972675  57.591634  57.591634   0.000000   0.000000  66.999475 291.596316 281.938991   0.113951   0.117332 285.474160   0.114956
    29 657.301900 284.260354 403.961640 233.466968  59.422082  59.422082   0.000000   0.000000  67.601278 291.874478 282.141729   0.113531   0.117325 285.621602   0.114777
    30 668.455575 285.068510 412.149144 238.734764  61.176366  61.176366   0.000000   0.000000  68.129247 292.142086 282.342545   0.113073   0.117318 285.763606   0.114593
    31 679.157158 285.848131 420.000839 243.837400  62.863712  62.863712   0.000000   0.000000  68.596785 292.398835 282.541297   0.112574   0.117310 285.900263   0.114404
    32 689.400843 286.601054 427.516000 248.749616  64.477845  64.477845   0.000000   0.000000  69.002767 292.645099 282.737858   0.112031   0.117302 286.031925   0.114211
    33 699.181109 287.328693 434.689995 253.472301  66.018832  66.018832   0.000000   0.000000  69.350687 292.881057 282.932109   0.111439   0.117294 286.158855   0.114013
    34 708.492710 288.032785 441.519755 257.996236  67.486031  67.486031   0.000000   0.000000  69.642633 293.106984 283.123942   0.110795   0.117286 286.281364   0.113812
    35 717.330680 288.715133 448.001935 262.314763  68.880284  68.880284   0.000000   0.000000  69.881296 293.323149 283.313257   0.110094   0.117278 286.399764   0.113607
    36 725.690324 289.377663 454.133533 266.419981  70.202889  70.202889   0.000000   0.000000  70.069244 293.529839 283.499967   0.109330   0.117270 286.514384   0.113398
    37 733.567221 290.022364 459.911702 270.354719  71.458194  71.458194   0.000000   0.000000  70.209101 293.726244 283.683953   0.108499   0.117261 286.625777   0.113186
    38 740.957220 290.652409 465.341046 274.057552  72.638099  72.638099   0.000000   0.000000  70.296037 293.913180 283.865128   0.107592   0.117252 286.734473   0.112971
    39 747.856438 291.269497 470.415893 277.541222  73.748411  73.748411   0.000000   0.000000  70.336367 294.090835 284.043412   0.106602   0.117243 286.840745   0.112754
    40 754.261264 291.875654 475.134561 280.793968  74.789550  74.789550   0.000000   0.000000  70.331963 294.259556 284.218740   0.105521   0.117235 286.944925   0.112533
    41 760.168353 292.472511 479.494303 283.813340  75.763268  75.763268   0.000000   0.000000  70.285708 294.419582 284.391053   0.104338   0.117225 287.047279   0.112311
    42 765.574626 293.061390 483.492835 286.595566  76.670433  76.670433   0.000000   0.000000  70.199705 294.571124 284.560299   0.103042   0.117216 287.148020   0.112086
    43 770.477273 293.643139 487.127801 289.139124  77.511648  77.511648   0.000000   0.000000  70.075774 294.714318 284.726428   0.101621   0.117207 287.247286   0.111860
    44 774.873751 294.218158 490.396994 291.443134  78.286953  78.286953   0.000000   0.000000  69.915229 294.849246 284.889394   0.100061   0.117198 287.345141   0.111632
    45 778.761782 294.786464 493.298357 293.507322  78.995929  78.995929   0.000000   0.000000  69.718968 294.975940 285.049146   0.098348   0.117188 287.441588   0.111402
    46 782.139355 295.347807 495.830048 295.331556  79.637759  79.637759   0.000000   0.000000  69.487555 295.094399 285.205636   0.096465   0.117179 287.536586   0.111171
    47 785.004725 295.901780 497.990459 296.915714  80.211389  80.211389   0.000000   0.000000  69.221339 295.204605 285.358811   0.094398   0.117169 287.630071   0.110939
    48 787.356413 296.447914 499.778221 298.259598  80.715692  80.715692   0.000000   0.000000  68.920554 295.306532 285.508619   0.092136   0.117159 287.721966   0.110706
    49 789.193207 296.985738 501.192212 299.362915  81.149609  81.149609   0.000000   0.000000  68.585393 295.400154 285.655004   0.089669   0.117149 287.812195   0.110473
    50 790.514160 297.514828 502.231560 300.225215  81.512254  81.512254   0.000000   0.000000  68.216048 295.485446 285.797911   0.086996   0.117140 287.900691   0.110239
    51 791.318592 298.034844 502.895659 300.845825  81.802988  81.802988   0.000000   0.000000  67.812745 295.562394 285.937284   0.084130   0.117130 287.987398   0.110005
    52 791.606089 298.545566 503.184172 301.223846  82.021475  82.021475   0.000000   0.000000  67.375768 295.630993 286.073069   0.081095   0.117120 288.072280   0.109771
    53 791.376503 299.046898 503.097022 301.358229  82.167703  82.167703   0.000000   0.000000  66.905473 295.691251 286.205209   0.077935   0.117110 288.155321   0.109537
    54 790.629952 299.538863 502.634390 301.247873  82.241980  82.241980   0.000000   0.000000  66.402291 295.743183 286.333653   0.074710   0.117100 288.236522   0.109304
    55 789.366820 300.021585 501.796695 300.891750  82.244906  82.244906   0.000000   0.000000  65.866706 295.786810 286.458349   0.071491   0.117090 288.315903   0.109072
    56 787.587758 300.495248 500.584587 300.289035  82.177317  82.177317   0.000000   0.000000  65.299233 295.822158 286.579246   0.068348   0.117081 288.393492   0.108840
    57 785.293683 300.960058 498.998931 299.439193  82.040231  82.040231   0.000000   0.000000  64.700384 295.849243 286.696295   0.065345   0.117071 288.469320   0.108610
    58 782.485777 301.416205 497.040800 298.342017  81.834789  81.834789   0.000000   0.000000  64.070633 295.868077 286.809450   0.062527   0.117061 288.543415   0.108381
    59 779.165489 301.863822 494.711459 296.997653  81.562200  81.562200   0.000000   0.000000  63.410391 295.878661 286.918663   0.059921   0.117051 288.615796   0.108154
    60 775.334534 302.302956 492.012353 295.406601  81.223712  81.223712   0.000000   0.000000  62.719985 295.880979 287.023886   0.057536   0.117041 288.686466   0.107928
    61 770.994894 302.733542 488.945102 293.569683  80.820575  80.820575   0.000000   0.000000  61.999646 295.875002 287.125073   0.055367   0.117032 288.755410   0.107704
    62 766.148816 303.155397 485.511492 291.487976  80.354033  80.354033   0.000000   0.000000  61.249503 295.860689 287.222176   0.053403   0.117022 288.822590   0.107483
    63 760.798814 303.568223 481.713482 289.162737  79.825320  79.825320   0.000000   0.000000  60.469594 295.837983 287.315144   0.051625   0.117012 288.887951   0.107263
    64 754.947669 303.971625 477.553208 286.595328  79.235668  79.235668   0.000000   0.000000  59.659878 295.806821 287.403927   0.050015   0.117003 288.951418   0.107047
    65 748.598428 304.365131 473.032980 283.787180  78.586314  78.586314   0.000000   0.000000  58.820262 295.767133 287.488473   0.048557   0.116994 289.012903   0.106833
    66 741.754407 304.748206 468.155286 280.739766  77.878516  77.878516   0.000000   0.000000  57.950620 295.718845 287.568729   0.047232   0.116984 289.072304   0.106621
    67 734.419187 305.120279 462.922791 277.454590  77.113558  77.113558   0.000000   0.000000  57.050818 295.661887 287.644640   0.046026   0.116975 289.129512   0.106413
    68 726.596622 305.480749 457.338332 273.933196  76.292761  76.292761   0.000000   0.000000  56.120728 295.596186 287.716152   0.044925   0.116966 289.184409   0.106208
    69 718.290830 305.829000 451.404926 270.177169  75.417492  75.417492   0.000000   0.000000  55.160241 295.521677 287.783208   0.043918   0.116957 289.236872   0.106006
    70 709.506205 306.164413 445.125767 266.188151  74.489169  74.489169   0.000000   0.000000  54.169279 295.438295 287.845753   0.042993   0.116948 289.286775   0.105808
    71 700.247408 306.486368 438.504228 261.967857  73.509263  73.509263   0.000000   0.000000  53.147791 295.345983 287.903731   0.042144   0.116939 289.333988   0.105613
    72 690.519377 306.794253 431.543869 257.518083  72.479300  72.479300   0.000000   0.000000  52.095764 295.244687 287.957085   0.041360   0.116930 289.378379   0.105422
    73 680.327325 307.087471 424.248439 252.854797  71.401573  71.401573   0.000000   0.000000  51.013213 295.134067 288.005749   0.040637   0.116922 289.419864   0.105235
    74 669.676743 307.365725 416.623815 247.963875  70.275264  70.275264   0.000000   0.000000  49.898225 295.014236 288.049663   0.039968   0.116913 289.458346   0.105052
    75 658.573405 307.628315 408.673116 242.852480  69.103263  69.103263   0.000000   0.000000  48.752010 294.885145 288.088768   0.039348   0.116905 289.493658   0.104873
    76 647.023371 307.874718 400.400767 237.520913  67.887189  67.887189   0.000000   0.000000  47.574637 294.746796 288.123010   0.038773   0.116897 289.525660   0.104699
    77 635.032989 308.104389 391.811112 231.971806  66.629050  66.629050   0.000000   0.000000  46.366499 294.599174 288.152335   0.038238   0.116889 289.554202   0.104529
    78 622.608907 308.316831 382.908844 226.207288  65.330748  65.330748   0.000000   0.000000  45.127874 294.442272 288.176690   0.037741   0.116881 289.579140   0.104363
    79 609.758075 308.511570 373.698870 220.229924  63.994235  63.994235   0.000000   0.000000  43.859077 294.276083 288.196025   0.037278   0.116873 289.600327   0.104202
    80 596.487755 308.688159 364.186356 214.042466  62.621461  62.621461   0.000000   0.000000  42.560407 294.100602 288.210293   0.036847   0.116866 289.617615   0.104045
    81 582.805529 308.846172 354.376727 207.647975  61.214377  61.214377   0.000000   0.000000  41.232163 293.915822 288.219446   0.036445   0.116859 289.630856   0.103894
    82 568.719318 308.985200 344.275674 201.049824  59.774925  59.774925   0.000000   0.000000  39.874627 293.721735 288.223440   0.036071   0.116851 289.639893   0.103747
    83 554.237388 309.104837 333.889169 194.251738  58.305025  58.305025   0.000000   0.000000  38.488065 293.518333 288.222232   0.035722   0.116844 289.644566   0.103605
    84 539.368371 309.204680 323.223476 187.257814  56.806562  56.806562   0.000000   0.000000  37.072713 293.305602 288.215777   0.035397   0.116838 289.644704   0.103468
    85 524.121291 309.284321 312.285171 180.072546  55.281380  55.281380   0.000000   0.000000  35.628776 293.083523 288.204035   0.035094   0.116831 289.640125   0.103337
    86 508.505580 309.343343 301.081162 172.700849  53.731277  53.731277   0.000000   0.000000  34.156420 292.852073 288.186964   0.034811   0.116824 289.630632   0.103210
    87 492.531117 309.381318 289.618717 165.148089  52.157991  52.157991   0.000000   0.000000  32.655767 292.611223 288.164523   0.034549   0.116818 289.616012   0.103089
    88 476.208263 309.397802 277.905496 157.420107  50.563204  50.563204   0.000000   0.000000  31.126896 292.360935 288.136673   0.034305   0.116812 289.596031   0.102973
    89 459.547905 309.392337 265.949584 149.523264  48.948539  48.948539   0.000000   0.000000  29.569836 292.101166 288.103371   0.034079   0.116806 289.570431   0.102862
    90 442.561512 309.364449 253.759545 141.464483  47.315554  47.315554   0.000000   0.000000  27.984565 291.831864 288.064578   0.033870   0.116801 289.538923   0.102756
    91 425.261206 309.313646 241.344473 133.251305  45.665745  45.665745   0.000000   0.000000  26.371005 291.552967 288.020250   0.033677   0.116795 289.501182   0.102656
    92 407.659841 309.239415 228.714068 124.891956  44.000545  44.000545   0.000000   0.000000  24.729019 291.264404 287.970346   0.033499   0.116790 289.456834   0.102561
    93 389.771114 309.141229 215.878715 116.395433  42.321321  42.321321   0.000000   0.000000  23.058407 290.966092 287.914820   0.033336   0.116785 289.405445   0.102472
    94 371.609687 309.018537 202.849602 107.771609  40.629371  40.629371   0.000000   0.000000  21.358901 290.657936 287.853629   0.033187   0.116780 289.346503   0.102388
    95 353.191355 308.870772 189.638848  99.031371  38.925922  38.925922   0.000000   0.000000  19.630154 290.339827 287.786722   0.033052   0.116775 289.279378   0.102309
    96 334.533249 308.697344 176.259681  90.186791  37.212118  37.212118   0.000000   0.000000  17.871732 290.011638 287.714052   0.032930   0.116771 289.203281   0.102236
    97 315.654097 308.497645 162.726656  81.251356  35.489003  35.489003   0.000000   0.000000  16.083101 289.673222 287.635563   0.032820   0.116767 289.117159   0.102168
    98 296.574562 308.271046 149.055939  72.240270  33.757505  33.757505   0.000000   0.000000  14.263608 289.324407 287.551200   0.032724   0.116762 289.019490   0.102106
    99 277.317675 308.016901 135.265682  63.170860  32.018388  32.018388   0.000000   0.000000  12.412451 288.964992 287.460900   0.032639   0.116759 288.907658   0.102050
   100 257.909406 307.734553 121.376514  54.063147  30.272192  30.272192   0.000000   0.000000  10.528639 288.594729 287.364596   0.032567   0.116755 288.773929   0.101999
   101 238.379418 307.423340 107.412214  44.940674  28.519115  28.519115   0.000000   0.000000   8.610925 288.213311 287.262213   0.032506   0.116752 288.612047   0.101953
   102 218.762080 307.082616  93.400622  35.831777  26.758794  26.758794   0.000000   0.000000   6.657686 287.820337 287.153664   0.032457   0.116748 288.424975   0.101913
   103 199.097843 306.711786  79.374952  26.771704  24.989867  24.989867   0.000000   0.000000   4.666714 287.415243 287.038845   0.032420   0.116745 288.215058   0.101878
   104 179.435134 306.310381  65.375710  17.806639  23.208931  23.208931   0.000000   0.000000   2.634787 286.997154 286.917627   0.032394   0.116743 287.983892   0.101849
   105 159.833010 305.878233  51.453754   9.003121  21.407509  21.407509   0.000000   0.000000   0.556688 286.564469 286.789824   0.032380   0.116740 287.732261   0.101825
   106 140.364932 305.415969  37.675881   0.482954  19.556734  19.556734   0.000000   0.000000  -1.577482 286.113125 286.655102   0.032378   0.116738 287.459347   0.101808
   107 121.124219 304.927962  24.140938  -7.332775  17.547551  17.547551   0.000000   0.000000  -3.793838 285.626142 286.512464   0.032389   0.116736 286.999904   0.101796
   108 102.232079 304.341227  10.960796 -10.852253  13.438399  13.438399   0.000000   0.000000  -6.204249 284.962681 286.355272   0.032430   0.116734 286.497133   0.101797
   109  83.849579 303.663653  -1.013322 -15.118434  10.173446  10.173446   0.000000   0.000000  -9.748140 284.229291 286.181905   0.032494   0.116733 285.937708   0.101809
   110  66.195682 302.758822 -12.295231 -18.113165   7.332280   7.332280   0.000000   0.000000 -13.668300 283.415759 285.990459   0.032579   0.116732 285.303728   0.101829
   111  49.574220 301.692064 -22.535419 -20.367997   4.799172   4.799172   0.000000   0.000000 -18.022900 282.549991 285.780328   0.032683   0.116731 284.620525   0.101857
   112  34.412445 300.506710 -31.498698 -22.144413   2.639316   2.639316   0.000000   0.000000 -22.612362 281.679356 285.552861   0.032804   0.116731 283.924773   0.101891
   113  21.307016 299.220028 -38.930751 -23.524374   0.882222   0.882222   0.000000   0.000000 -27.114536 280.857290 285.311407   0.032939   0.116731 283.259230   0.101931
   114  11.038830 297.850756 -44.449459 -24.620824  -0.480887  -0.480887   0.000000   0.000000 -31.178815 280.148534 285.061579   0.033084   0.116731 282.677049   0.101974
   115   4.394781 296.423394 -47.708106 -25.554847  -1.471200  -1.471200   0.000000   0.000000 -34.391313 279.621693 284.811195   0.033239   0.116731 282.232971   0.102021
   116   1.461158 294.952229 -48.940999 -26.353919  -2.112777  -2.112777   0.000000   0.000000 -36.326514 279.305689 284.568458   0.033399   0.116731 281.949148   0.102069
   117   0.000000 293.449145 -50.050652 -26.990437  -2.453465  -2.453465   0.000000   0.000000 -36.839383 279.106837 284.336947   0.033563   0.116732 281.751902   0.102118
   118   0.000000 291.930540 -50.571568 -27.459427  -2.643441  -2.643441   0.000000   0.000000 -36.610769 278.994892 284.118709   0.033730   0.116732 281.618439   0.102167
   119   0.000000 290.414768 -51.506752 -27.776819  -2.726382  -2.726382   0.000000   0.000000 -35.866720 278.899403 283.912786   0.033897   0.116732 281.495296   0.102216
   120   0.000000 288.919636 -52.501088 -27.996720  -2.789850  -2.789850   0.000000   0.000000 -35.093677 278.804058 283.717726   0.034066   0.116733 281.371557   0.102265
   121   0.000000 287.457789 -53.464289 -28.169568  -2.854997  -2.854997   0.000000   0.000000 -34.395672 278.707537 283.532235   0.034236   0.116733 281.247152   0.102314
   122   0.000000 286.033266 -54.386152 -28.314223  -2.923455  -2.923455   0.000000   0.000000 -33.772888 278.610662 283.355237   0.034407   0.116733 281.123103   0.102362
   123   0.000000 284.647941 -55.268787 -28.438722  -2.993858  -2.993858   0.000000   0.000000 -33.212024 278.514200 283.185835   0.034579   0.116734 281.000116   0.102411
   124   0.000000 283.301951 -56.115714 -28.543267  -3.064698  -3.064698   0.000000   0.000000 -32.701439 278.418403 283.023267   0.034753   0.116734 280.878423   0.102459
   125   0.000000 281.995221 -56.928189 -28.628201  -3.135238  -3.135238   0.000000   0.000000 -32.234046 278.323363 282.866879   0.034928   0.116734 280.758208   0.102507
   126   0.000000 280.728079 -57.706320 -28.697364  -3.205175  -3.205175   0.000000   0.000000 -31.804613 278.229327 282.716111   0.035105   0.116735 280.639808   0.102555
   127   0.000000 279.501289 -58.450533 -28.755521  -3.274102  -3.274102   0.000000   0.000000 -31.407492 278.136667 282.570494   0.035283   0.116735 280.523579   0.102603
   128   0.000000 278.314673 -59.162741 -28.803208  -3.341327  -3.341327   0.000000   0.000000 -31.036792 278.045533 282.429622   0.035462   0.116736 280.409641   0.102651
   129   0.000000 277.167658 -59.844191 -28.839999  -3.406447  -3.406447   0.000000   0.000000 -30.688626 277.947236 282.292789   0.035644   0.116736 280.291755   0.102699
   130   0.000000 276.059737 -60.454307 -28.893158  -3.298760  -3.298760   0.000000   0.000000 -30.418870 277.843165 282.159422   0.035824   0.116736 280.171049   0.102746
   131   0.000000 274.988319 -61.002260 -28.964484  -3.091641  -3.091641   0.000000   0.000000 -30.213801 277.739678 282.029270   0.036002   0.116737 280.052111   0.102792
   132   0.000000 273.950657 -61.520778 -29.038808  -2.898448  -2.898448   0.000000   0.000000 -30.027145 277.638295 281.902170   0.036179   0.116737 279.935919   0.102837
   133   0.000000 272.944973 -62.018727 -29.110556  -2.711882  -2.711882   0.000000   0.000000 -29.847126 277.539234 281.777986   0.036353   0.116737 279.822521   0.102881
   134   0.000000 271.970067 -62.498265 -29.176965  -2.531587  -2.531587   0.000000   0.000000 -29.671260 277.442391 281.656589   0.036525   0.116738 279.711788   0.102925
   135   0.000000 271.025108 -62.959670 -29.237651  -2.357499  -2.357499   0.000000   0.000000 -29.499389 277.347669 281.537862   0.036696   0.116738 279.603639   0.102968
   136   0.000000 270.109460 -63.403075 -29.293415  -2.189569  -2.189569   0.000000   0.000000 -29.331353 277.255041 281.421697   0.036864   0.116738 279.498051   0.103009
   137   0.000000 269.222431 -63.828990 -29.344887  -2.027632  -2.027632   0.000000   0.000000 -29.166592 277.164493 281.307994   0.037030   0.116739 279.395003   0.103050
   138   0.000000 268.363172 -64.238152 -29.392214  -1.871490  -1.871490   0.000000   0.000000 -29.004505 277.075992 281.196664   0.037194   0.116739 279.294449   0.103090
   139   0.000000 267.530772 -64.631250 -29.435698  -1.721000  -1.721000   0.000000   0.000000 -28.844704 276.989497 281.087623   0.037355   0.116739 279.196345   0.103130
   140   0.000000 266.724396 -65.008884 -29.475931  -1.576032  -1.576032   0.000000   0.000000 -28.686878 276.904984 280.980793   0.037515   0.116739 279.100651   0.103169
   141   0.000000 265.943068 -65.371851 -29.513050  -1.436416  -1.436416   0.000000   0.000000 -28.530666 276.822405 280.876103   0.037673   0.116739 279.007305   0.103207
   142   0.000000 265.185805 -65.720865 -29.547253  -1.302027  -1.302027   0.000000   0.000000 -28.375885 276.741708 280.773483   0.037828   0.116739 278.916239   0.103244
   143   0.000000 264.451599 -66.056634 -29.578738  -1.172750  -1.172750   0.000000   0.000000 -28.222422 276.662837 280.672868   0.037981   0.116740 278.827381   0.103281
   144   0.000000 263.739449 -66.379844 -29.607672  -1.048472  -1.048472   0.000000   0.000000 -28.070219 276.585733 280.574199   0.038133   0.116740 278.740653   0.103317
   145   0.000000 263.048295 -66.691224 -29.635770  -0.929105  -0.929105   0.000000   0.000000 -27.919261 276.510399 280.477417   0.038282   0.116740 278.656038   0.103352
   146   0.000000 262.376981 -66.991894 -29.661937  -0.814393  -0.814393   0.000000   0.000000 -27.769125 276.436741 280.382467   0.038429   0.116740 278.573415   0.103387
   147   0.000000 261.724452 -67.282415 -29.685739  -0.704302  -0.704302   0.000000   0.000000 -27.620084 276.364654 280.289294   0.038575   0.116740 278.492658   0.103421
   148   0.000000 261.089700 -67.563265 -29.706969  -0.598808  -0.598808   0.000000   0.000000 -27.472480 276.294042 280.197844   0.038718   0.116740 278.413653   0.103455
   149   0.000000 260.471727 -67.834941 -29.725451  -0.497865  -0.497865   0.000000   0.000000 -27.326612 276.224810 280.108061   0.038859   0.116740 278.336290   0.103488
   150   0.000000 259.869558 -68.097941 -29.741013  -0.401418  -0.401418   0.000000   0.000000 -27.182754 276.156869 280.019893   0.038998   0.116740 278.260457   0.103520
   151   0.000000 259.282233 -68.352759 -29.753464  -0.309400  -0.309400   0.000000   0.000000 -27.041170 276.090127 279.933288   0.039136   0.116740 278.186046   0.103553
   152   0.000000 258.708827 -68.599862 -29.762633  -0.221741  -0.221741   0.000000   0.000000 -26.902123 276.024496 279.848192   0.039271   0.116740 278.112951   0.103584
   153   0.000000 258.148446 -68.839694 -29.768338  -0.138364  -0.138364   0.000000   0.000000 -26.765871 275.959889 279.764555   0.039405   0.116740 278.041067   0.103615
   154   0.000000 257.600236 -69.072669 -29.770416  -0.059186  -0.059186   0.000000   0.000000 -26.632665 275.896220 279.682326   0.039537   0.116740 277.970294   0.103646
   155   0.000000 257.063387 -69.299168 -29.768712   0.015883   0.015883   0.000000   0.000000 -26.502745 275.833407 279.601455   0.039668   0.116740 277.900532   0.103676
   156   0.000000 256.537136 -69.519544 -29.763089   0.086943   0.086943   0.000000   0.000000 -26.376337 275.771371 279.521892   0.039796   0.116740 277.831690   0.103706
   157   0.000000 256.020772 -69.734113 -29.753434   0.154099   0.154099   0.000000   0.000000 -26.253648 275.710038 279.443590   0.039923   0.116740 277.763680   0.103735
   158   0.000000 255.513635 -69.943163 -29.739648   0.217467   0.217467   0.000000   0.000000 -26.134863 275.649336 279.366500   0.040049   0.116740 277.696421   0.103764
   159   0.000000 255.015123 -70.146947 -29.721672   0.277172   0.277172   0.000000   0.000000 -26.020143 275.589201 279.290575   0.040172   0.116740 277.629835   0.103792
   160   0.000000 254.524686 -70.345690 -29.699462   0.333347   0.333347   0.000000   0.000000 -25.909619 275.529572 279.215771   0.040295   0.116740 277.563856   0.103821
   161   0.000000 254.041832 -70.539586 -29.673018   0.386134   0.386134   0.000000   0.000000 -25.803396 275.470394 279.142043   0.040416   0.116740 277.498420   0.103848
   162   0.000000 253.566123 -70.728806 -29.642357   0.435684   0.435684   0.000000   0.000000 -25.701545 275.411618 279.069348   0.040535   0.116740 277.433474   0.103876
   163   0.000000 253.097174 -70.913493 -29.607542   0.482154   0.482154   0.000000   0.000000 -25.604110 275.353202 278.997644   0.040654   0.116740 277.368969   0.103903
   164   0.000000 252.634651 -71.093770 -29.568652   0.525709   0.525709   0.000000   0.000000 -25.511098 275.295107 278.926892   0.040771   0.116740 277.304864   0.103930
   165   0.000000 252.178268 -71.269740 -29.525807   0.566518   0.566518   0.000000   0.000000 -25.422491 275.237304 278.857052   0.040886   0.116740 277.241127   0.103956
   166   0.000000 251.727785 -71.441491 -29.479145   0.604753   0.604753   0.000000   0.000000 -25.338237 275.179766 278.788089   0.041001   0.116740 277.177730   0.103982
   167   0.000000 251.282999 -71.609096 -29.428832   0.640591   0.640591   0.000000   0.000000 -25.258262 275.122472 278.719966   0.041114   0.116740 277.114651   0.104008
   168   0.000000 250.843749 -71.772618 -29.375052   0.674206   0.674206   0.000000   0.000000 -25.182461 275.065407 278.652652   0.041226   0.116740 277.051875   0.104034
   169   0.000000 250.409899 -71.932114 -29.318005   0.705774   0.705774   0.000000   0.000000 -25.110712 275.008559 278.586113   0.041337   0.116740 276.989393   0.104059
   170   0.000000 249.981346 -72.087628 -29.257902   0.735467   0.735467   0.000000   0.000000 -25.042872 274.951922 278.520320   0.041447   0.116739 276.927196   0.104084
   171   0.000000 249.558004 -72.239210 -29.194956   0.763452   0.763452   0.000000   0.000000 -24.978783 274.895491 278.455245   0.041556   0.116739 276.865283   0.104109
   172   0.000000 249.139812 -72.386898 -29.129395   0.789890   0.789890   0.000000   0.000000 -24.918278 274.839264 278.390861   0.041664   0.116739 276.803655   0.104134
   173   0.000000 248.726711 -72.530743 -29.061429   0.814936   0.814936   0.000000   0.000000 -24.861178 274.783243 278.327144   0.041772   0.116739 276.742312   0.104158
   174   0.000000 248.318668 -72.670777 -28.991290   0.838734   0.838734   0.000000   0.000000 -24.807305 274.727432 278.264071   0.041878   0.116739 276.681262   0.104182
   175   0.000000 247.915637 -72.807061 -28.919172   0.861424   0.861424   0.000000   0.000000 -24.756471 274.671833 278.201619   0.041983   0.116739 276.620508   0.104206
   176   0.000000 247.517597 -72.939629 -28.845305   0.883130   0.883130   0.000000   0.000000 -24.708501 274.616453 278.139768   0.042087   0.116739 276.560059   0.104230
   177   0.000000 247.124501 -73.068551 -28.769852   0.903971   0.903971   0.000000   0.000000 -24.663208 274.561297 278.078500   0.042190   0.116739 276.499919   0.104253
   178   0.000000 246.736332 -73.193865 -28.693037   0.924050   0.924050   0.000000   0.000000 -24.620427 274.506371 278.017797   0.042293   0.116739 276.440097   0.104276
   179   0.000000 246.353031 -73.315659 -28.614980   0.943467   0.943467   0.000000   0.000000 -24.579983 274.451680 277.957642   0.042394   0.116739 276.380598   0.104299
   180   0.000000 245.974578 -73.433968 -28.535898   0.962303   0.962303   0.000000   0.000000 -24.541731 274.397232 277.898019   0.042495   0.116738 276.321430   0.104322
   181   0.000000 245.600896 -73.548900 -28.452080   0.980597   0.980597   0.000000   0.000000 -24.505510 274.342895 277.838908   0.042595   0.116738 276.262451   0.104344
   182   0.000000 245.232185 -73.659665 -28.366661   0.998057   0.998057   0.000000   0.000000 -24.472091 274.288717 277.780293   0.042694   0.116738 276.203720   0.104367
   183   0.000000 244.868233 -73.766678 -28.279557   1.014936   1.014936   0.000000   0.000000 -24.441035 274.234708 277.722158   0.042792   0.116738 276.145238   0.104389
   184   0.000000 244.508921 -73.870105 -28.190924   1.031335   1.031335   0.000000   0.000000 -24.412151 274.180874 277.664488   0.042889   0.116738 276.087007   0.104411
   185   0.000000 244.154039 -73.970175 -28.100689   1.047332   1.047332   0.000000   0.000000 -24.385297 274.127208 277.607269   0.042986   0.116738 276.029016   0.104433
   186   0.000000 243.803502 -74.066932 -28.009137   1.062958   1.062958   0.000000   0.000000 -24.360430 274.073711 277.550489   0.043082   0.116738 275.971264   0.104454
   187   0.000000 243.457088 -74.160601 -27.916132   1.078269   1.078269   0.000000   0.000000 -24.337443 274.020372 277.494133   0.043176   0.116738 275.913736   0.104476
   188   0.000000 243.114736 -74.251184 -27.821999   1.093277   1.093277   0.000000   0.000000 -24.316327 273.967192 277.438189   0.043270   0.116737 275.856431   0.104497
   189   0.000000 242.776194 -74.338932 -27.726488   1.108032   1.108032   0.000000   0.000000 -24.296983 273.914155 277.382646   0.043364   0.116737 275.799329   0.104518
   190   0.000000 242.441430 -74.423803 -27.629996   1.122524   1.122524   0.000000   0.000000 -24.279438 273.861264 277.327491   0.043456   0.116737 275.742431   0.104539
   191   0.000000 242.110155 -74.506088 -27.532138   1.136804   1.136804   0.000000   0.000000 -24.263590 273.808497 277.272712   0.043548   0.116737 275.685709   0.104559
   192   0.000000 241.782371 -74.585687 -27.433416   1.150845   1.150845   0.000000   0.000000 -24.249506 273.755860 277.218299   0.043639   0.116737 275.629169   0.104580
   193   0.000000 241.457741 -74.662949 -27.333280   1.164700   1.164700   0.000000   0.000000 -24.237072 273.703325 277.164239   0.043729   0.116737 275.572775   0.104600
   194   0.000000 241.136319 -74.737696 -27.232385   1.178324   1.178324   0.000000   0.000000 -24.226399 273.650900 277.110522   0.043818   0.116737 275.516536   0.104620
   195   0.000000 240.817704 -74.810355 -27.129970   1.191781   1.191781   0.000000   0.000000 -24.217352 273.597488 277.057093   0.043906   0.116736 275.459751   0.104640
   196   0.000000 240.502018 -74.875861 -27.037890   1.233503   1.233503   0.000000   0.000000 -24.217232 273.544330 277.003953   0.043993   0.116736 275.403208   0.104660
   197   0.000000 240.188150 -74.940890 -26.941879   1.263781   1.263781   0.000000   0.000000 -24.217357 273.491201 276.951093   0.044079   0.116736 275.346680   0.104679
   198   0.000000 239.876379 -75.004150 -26.844300   1.294760   1.294760   0.000000   0.000000 -24.219242 273.438071 276.898502   0.044163   0.116736 275.290167   0.104698
   199   0.000000 239.566266 -75.065940 -26.744630   1.325590   1.325590   0.000000   0.000000 -24.223016 273.384893 276.846170   0.044246   0.116736 275.233615   0.104717
   200   0.000000 239.258176 -75.125689 -26.644404   1.356220   1.356220   0.000000   0.000000 -24.228936 273.331703 276.794086   0.044327   0.116736 275.177068   0.104736
   201   0.000000 238.951433 -75.184219 -26.541822   1.386794   1.386794   0.000000   0.000000 -24.236677 273.278437 276.742239   0.044408   0.116736 275.120448   0.104755
   202   0.000000 238.646544 -75.240748 -26.438887   1.417158   1.417158   0.000000   0.000000 -24.246609 273.225143 276.690619   0.044486   0.116735 275.063812   0.104773
   203   0.000000 238.342648 -75.296329 -26.333204   1.447497   1.447497   0.000000   0.000000 -24.258330 273.171738 276.639216   0.044564   0.116735 275.007057   0.104791
   204   0.000000 238.040443 -75.349909 -26.227402   1.477603   1.477603   0.000000   0.000000 -24.272344 273.119760 276.588078   0.044640   0.116735 274.951176   0.104809
   205   0.000000 237.738834 -75.409451 -26.103116   1.468393   1.468393   0.000000   0.000000 -24.278226 273.067094 276.537168   0.044716   0.116735 274.894773   0.104827
   206   0.000000 237.439631 -75.463709 -25.985305   1.482538   1.482538   0.000000   0.000000 -24.290512 273.014338 276.486471   0.044791   0.116735 274.838357   0.104845
   207   0.000000 237.141156 -75.516990 -25.865244   1.494844   1.494844   0.000000   0.000000 -24.304932 272.961446 276.435975   0.044866   0.116734 274.781791   0.104862
   208   0.000000 236.844442 -75.568095 -25.745654   1.506878   1.506878   0.000000   0.000000 -24.321702 272.908518 276.385671   0.044939   0.116734 274.725182   0.104880
   209   0.000000 236.547678 -75.619227 -25.621157   1.518900   1.518900   0.000000   0.000000 -24.340072 272.855366 276.335544   0.045012   0.116734 274.668302   0.104897
   210   0.000000 236.252480 -75.667974 -25.497375   1.530349   1.530349   0.000000   0.000000 -24.361249 272.802130 276.285586   0.045084   0.116734 274.611318   0.104914
   211   0.000000 235.956540 -75.717209 -25.367272   1.541755   1.541755   0.000000   0.000000 -24.384189 272.748572 276.235778   0.045155   0.116734 274.553937   0.104931
   212   0.000000 235.661967 -75.763814 -25.238013   1.552395   1.552395   0.000000   0.000000 -24.410443 272.694872 276.186112   0.045226   0.116734 274.496375   0.104948
   213   0.000000 235.365819 -75.811457 -25.100564   1.562948   1.562948   0.000000   0.000000 -24.438677 272.640723 276.136566   0.045296   0.116733 274.438255   0.104965
   214   0.000000 235.070813 -75.856130 -24.964050   1.572487   1.572487   0.000000   0.000000 -24.470899 272.586356 276.087130   0.045365   0.116733 274.379857   0.104981
   215   0.000000 234.773254 -75.902456 -24.817192   1.581880   1.581880   0.000000   0.000000 -24.505415 272.531388 276.037780   0.045433   0.116733 274.320713   0.104998
   216   0.000000 234.476613 -75.945353 -24.671628   1.589983   1.589983   0.000000   0.000000 -24.544744 272.476119 275.988504   0.045501   0.116733 274.261194   0.105014
   217   0.000000 234.176373 -75.990558 -24.522586   1.598107   1.598107   0.000000   0.000000 -24.586693 272.420397 275.939287   0.045568   0.116733 274.201097   0.105030
   218   0.000000 233.876451 -76.033586 -24.378086   1.605878   1.605878   0.000000   0.000000 -24.632226 272.364540 275.890125   0.045634   0.116732 274.140818   0.105046
   219   0.000000 233.571760 -76.080792 -24.222808   1.614244   1.614244   0.000000   0.000000 -24.679094 272.308024 275.840996   0.045700   0.116732 274.079743   0.105062
   220   0.000000 233.268017 -76.124301 -24.075100   1.621561   1.621561   0.000000   0.000000 -24.730804 272.251390 275.791899   0.045764   0.116732 274.018564   0.105078
   221   0.000000 232.959310 -76.172261 -23.917250   1.629681   1.629681   0.000000   0.000000 -24.783559 272.194115 275.742812   0.045829   0.116732 273.956640   0.105094
   222   0.000000 232.652387 -76.215804 -23.770303   1.636955   1.636955   0.000000   0.000000 -24.840874 272.136875 275.693742   0.045892   0.116732 273.894826   0.105109
   223   0.000000 232.340636 -76.264343 -23.614566   1.645631   1.645631   0.000000   0.000000 -24.898072 272.079120 275.644675   0.045955   0.116731 273.832422   0.105125
   224   0.000000 232.031601 -76.308128 -23.472532   1.653889   1.653889   0.000000   0.000000 -24.958883 271.941824 275.592406   0.046018   0.116731 273.719636   0.105140
   225   0.000000 231.718191 -76.004271 -24.060756   1.173040   1.173040   0.000000   0.000000 -25.554074 271.893366 275.540850   0.046096   0.116731 273.664295   0.105157
   226   0.000000 231.366780 -76.130815 -23.815250   1.010751   1.010751   0.000000   0.000000 -25.532393 271.852274 275.490225   0.046180   0.116731 273.609770   0.105174
   227   0.000000 231.013756 -76.291594 -23.449147   0.877089   0.877089   0.000000   0.000000 -25.465660 271.810236 275.440395   0.046268   0.116731 273.554488   0.105191
   228   0.000000 230.681730 -76.427910 -23.125747   0.744362   0.744362   0.000000   0.000000 -25.411110 271.769283 275.391323   0.046361   0.116731 273.501503   0.105209
   229   0.000000 230.360837 -76.558300 -22.818006   0.619196   0.619196   0.000000   0.000000 -25.354278 271.729141 275.342968   0.046458   0.116731 273.449993   0.105227
   230   0.000000 230.055900 -76.676875 -22.537658   0.500507   0.500507   0.000000   0.000000 -25.296792 271.690189 275.295313   0.046559   0.116731 273.400571   0.105246
   231   0.000000 229.758750 -76.793226 -22.268713   0.388988   0.388988   0.000000   0.000000 -25.235871 271.651942 275.248324   0.046663   0.116731 273.352290   0.105264
   232   0.000000 229.474262 -76.900481 -22.020985   0.282923   0.282923   0.000000   0.000000 -25.174668 271.614639 275.201981   0.046772   0.116731 273.305713   0.105283
   233   0.000000 229.195376 -77.006531 -21.782878   0.182580   0.182580   0.000000   0.000000 -25.111389 271.577898 275.156254   0.046883   0.116731 273.259994   0.105302
   234   0.000000 228.926934 -77.104995 -21.561901   0.086729   0.086729   0.000000   0.000000 -25.048486 271.541912 275.111124   0.046998   0.116731 273.215695   0.105322
   235   0.000000 228.662548 -77.202914 -21.348908  -0.004496  -0.004496  -0.000000  -0.000000 -24.984481 271.506375 275.066563   0.047116   0.116731 273.172041   0.105341
   236   0.000000 228.407060 -77.294241 -21.150139  -0.091956  -0.091956  -0.000000  -0.000000 -24.921322 271.471455 275.022555   0.047237   0.116731 273.129597   0.105361
   237   0.000000 228.154509 -77.385499 -20.957922  -0.175602  -0.175602  -0.000000  -0.000000 -24.857703 271.436896 274.979074   0.047362   0.116731 273.087642   0.105381
   238   0.000000 227.909767 -77.470832 -20.777932  -0.256036  -0.256036  -0.000000  -0.000000 -24.795242 271.402859 274.936103   0.047489   0.116731 273.046746   0.105401
   239   0.000000 227.667130 -77.556472 -20.603222  -0.333258  -0.333258  -0.000000  -0.000000 -24.732712 271.369116 274.893621   0.047619   0.116731 273.006220   0.105421
   240   0.000000 227.431529 -77.636638 -20.439412  -0.407694  -0.407694  -0.000000  -0.000000 -24.671538 271.335827 274.851614   0.047751   0.116731 272.966643   0.105441
   241   0.000000 227.197394 -77.717434 -20.279719  -0.479365  -0.479365  -0.000000  -0.000000 -24.610509 271.302781 274.810061   0.047887   0.116731 272.927348   0.105461
   242   0.000000 226.969743 -77.793058 -20.130079  -0.548591  -0.548591  -0.000000  -0.000000 -24.550961 271.270143 274.768950   0.048024   0.116731 272.888921   0.105482
   243   0.000000 226.743056 -77.869595 -19.983492  -0.615389  -0.615389  -0.000000  -0.000000 -24.491648 271.237707 274.728263   0.048165   0.116731 272.850708   0.105503
   244   0.000000 226.522453 -77.941165 -19.846451  -0.680020  -0.680020  -0.000000  -0.000000 -24.433894 271.205649 274.687989   0.048308   0.116731 272.813307   0.105523
   245   0.000000 226.302414 -78.013902 -19.711486  -0.742479  -0.742479  -0.000000  -0.000000 -24.376383 271.173759 274.648112   0.048453   0.116731 272.776065   0.105544
   246   0.000000 226.088167 -78.081806 -19.585791  -0.803005  -0.803005  -0.000000  -0.000000 -24.320473 271.142229 274.608624   0.048601   0.116731 272.739592   0.105565
   247   0.000000 225.874155 -78.151111 -19.461264  -0.861555  -0.861555  -0.000000  -0.000000 -24.264762 271.110840 274.569508   0.048752   0.116731 272.703237   0.105586
   248   0.000000 225.665722 -78.215670 -19.345892  -0.918372  -0.918372  -0.000000  -0.000000 -24.210674 271.079800 274.530758   0.048904   0.116731 272.667620   0.105607
   249   0.000000 225.457249 -78.281845 -19.230842  -0.973369  -0.973369  -0.000000  -0.000000 -24.156708 271.048878 274.492360   0.049059   0.116731 272.632085   0.105629
   250   0.000000 225.254195 -78.343326 -19.124945  -1.026807  -1.026807  -0.000000  -0.000000 -24.104378 271.018299 274.454309   0.049216   0.116732 272.597265   0.105650
   251   0.000000 225.050869 -78.406621 -19.018584  -1.078549  -1.078549  -0.000000  -0.000000 -24.052070 270.987819 274.416591   0.049376   0.116732 272.562500   0.105671
   252   0.000000 224.852844 -78.465251 -18.921455  -1.128886  -1.128886  -0.000000  -0.000000 -24.001400 270.957681 274.379201   0.049537   0.116732 272.528433   0.105693
   253   0.000000 224.654347 -78.525880 -18.812112  -1.177404  -1.177404  -0.000000  -0.000000 -23.950644 270.927241 274.342113   0.049701   0.116732 272.493920   0.105714
   254   0.000000 224.461664 -78.579596 -18.709687  -1.225605  -1.225605  -0.000000  -0.000000 -23.904101 270.896862 274.305313   0.049867   0.116732 272.459764   0.105736
   255   0.000000 224.268646 -78.633944 -18.602782  -1.272886  -1.272886  -0.000000  -0.000000 -23.859158 270.866299 274.268781   0.050035   0.116732 272.425307   0.105757
   256   0.000000 224.080821 -78.682499 -18.502636  -1.319499  -1.319499  -0.000000  -0.000000 -23.817377 270.835830 274.232510   0.050205   0.116732 272.391207   0.105779
   257   0.000000 223.892038 -78.732439 -18.397333  -1.365100  -1.365100  -0.000000  -0.000000 -23.776759 270.805161 274.196480   0.050378   0.116733 272.356774   0.105800
   258   0.000000 223.707979 -78.776963 -18.298996  -1.410105  -1.410105  -0.000000  -0.000000 -23.739239 270.774572 274.160686   0.050552   0.116733 272.322669   0.105822
   259   0.000000 223.522536 -78.823232 -18.195260  -1.454152  -1.454152  -0.000000  -0.000000 -23.702797 270.743761 274.125109   0.050729   0.116733 272.288201   0.105844
   260   0.000000 223.341445 -78.864350 -18.098654  -1.497690  -1.497690  -0.000000  -0.000000 -23.669435 270.713018 274.089744   0.050908   0.116733 272.254036   0.105866
   261   0.000000 223.158663 -78.907451 -17.996528  -1.540321  -1.540321  -0.000000  -0.000000 -23.637084 270.682035 274.054574   0.051089   0.116733 272.219488   0.105888
   262   0.000000 222.979913 -78.945643 -17.901579  -1.582511  -1.582511  -0.000000  -0.000000 -23.607772 270.651108 274.019595   0.051272   0.116734 272.185219   0.105910
   263   0.000000 222.799256 -78.985971 -17.801101  -1.623842  -1.623842  -0.000000  -0.000000 -23.579411 270.619930 273.984791   0.051457   0.116734 272.150556   0.105932
   264   0.000000 222.622337 -79.021632 -17.707738  -1.664780  -1.664780  -0.000000  -0.000000 -23.554021 270.588796 273.950158   0.051644   0.116734 272.116148   0.105954
   265   0.000000 222.443365 -79.059516 -17.608940  -1.704906  -1.704906  -0.000000  -0.000000 -23.529533 270.557406 273.915681   0.051833   0.116734 272.081342   0.105976
   266   0.000000 222.267853 -79.092979 -17.517106  -1.744673  -1.744673  -0.000000  -0.000000 -23.507926 270.526047 273.881358   0.052025   0.116734 272.046770   0.105998
   267   0.000000 222.090199 -79.128701 -17.420021  -1.783670  -1.783670  -0.000000  -0.000000 -23.487181 270.494431 273.847175   0.052218   0.116735 272.011799   0.106020
   268   0.000000 221.915737 -79.160255 -17.329672  -1.822330  -1.822330  -0.000000  -0.000000 -23.469211 270.462833 273.813129   0.052414   0.116735 271.977042   0.106042
   269   0.000000 221.739086 -79.194063 -17.234331  -1.860261  -1.860261  -0.000000  -0.000000 -23.452070 270.430981 273.779207   0.052612   0.116735 271.941890   0.106064
   270   0.000000 221.565369 -79.223963 -17.145436  -1.897866  -1.897866  -0.000000  -0.000000 -23.437583 270.399136 273.745408   0.052812   0.116735 271.906933   0.106086
   271   0.000000 221.389454 -79.256077 -17.051864  -1.934781  -1.934781  -0.000000  -0.000000 -23.423899 270.367041 273.711718   0.053014   0.116735 271.871589   0.106108
   272   0.000000 221.216222 -79.284550 -16.964402  -1.971373  -1.971373  -0.000000  -0.000000 -23.412739 270.334943 273.678137   0.053218   0.116736 271.836420   0.106131
   273   0.000000 221.040811 -79.315171 -16.872617  -2.007313  -2.007313  -0.000000  -0.000000 -23.402363 270.302600 273.644654   0.053424   0.116736 271.800876   0.106153
   274   0.000000 220.867838 -79.342416 -16.786572  -2.042927  -2.042927  -0.000000  -0.000000 -23.394375 270.270244 273.611267   0.053632   0.116736 271.765488   0.106175
   275   0.000000 220.692730 -79.371724 -16.696585  -2.077926  -2.077926  -0.000000  -0.000000 -23.387156 270.237653 273.577965   0.053842   0.116736 271.729738   0.106197
   276   1.317010 220.519827 -78.344315 -16.611948  -2.112591  -2.112591  -0.000000  -0.000000 -23.382187 270.235770 273.545983   0.054055   0.116737 271.714315   0.106220
   277   3.893697 220.344848 -76.444519 -16.234725  -2.065010  -2.065010  -0.000000  -0.000000 -23.171497 270.268996 273.516607   0.054265   0.116737 271.721024   0.106242
   278  10.102851 220.187337 -71.774255 -15.527320  -1.924987  -1.924987  -0.000000  -0.000000 -22.733278 270.392277 273.493205   0.054468   0.116737 271.786495   0.106263
   279  20.000069 220.062734 -64.513110 -13.907860  -1.540283  -1.540283  -0.000000  -0.000000 -21.706493 270.609559 273.478969   0.054652   0.116737 271.911278   0.106284
   280  32.829486 220.023731 -55.233476 -11.188264  -0.882957  -0.882957  -0.000000  -0.000000 -20.085870 270.892392 273.475649   0.054802   0.116737 272.078483   0.106302
   281  47.794156 220.126358 -44.397092  -7.530522  -0.012465  -0.012465  -0.000000  -0.000000 -18.082799 271.210605 273.483635   0.054908   0.116737 272.272582   0.106317
   282  64.276100 220.420229 -32.320491  -3.285371   0.994853   0.994853   0.000000   0.000000 -15.911206 271.546248 273.502591   0.054961   0.116737 272.487399   0.106329
   283  81.831369 220.918451 -19.268690   1.244405   2.082509   2.082509   0.000000   0.000000 -13.694405 271.893988 273.532037   0.054959   0.116737 272.789378   0.106337
   284 100.144444 229.654069   2.320658 -23.912188   2.992658   2.992658   0.000000   0.000000 -11.466342 273.265514 273.612212   0.054912   0.116737 274.297664   0.106343
   285 118.988397 228.164849   9.840740   7.006942   8.268818   8.268818   0.000000   0.000000  -2.426884 273.274585 273.683444   0.054602   0.116736 274.228400   0.106331
   286 138.196710 236.381653  33.136971 -23.613299   7.684762   7.684762   0.000000   0.000000  -2.862011 275.713454 273.844631   0.054328   0.116735 276.179598   0.106322
   287 157.644396 234.859890  36.122471  35.996484  16.699354  16.699354   0.000000   0.000000  13.081757 275.729395 273.989638   0.053629   0.116733 276.009298   0.106284
   288 177.235471 242.683438  59.310668  -1.000477  14.143288  14.143288   0.000000   0.000000  12.178293 277.322306 274.184102   0.053077   0.116731 277.542269   0.106254
   289 196.894559 242.653501  67.599309  37.719932  16.692741  16.692741   0.000000   0.000000  21.967431 277.801495 274.378768   0.052437   0.116729 277.674030   0.106216
   290 216.561202 247.349127  85.633252  31.445457  16.683474  16.683474   0.000000   0.000000  23.959090 278.756449 274.593388   0.051829   0.116727 278.577887   0.106178
   291 236.185933 250.628331  99.986799  42.629498  16.902689  16.902689   0.000000   0.000000  29.141431 279.598503 274.821988   0.051245   0.116725 279.241182   0.106140
   292 255.727512 254.601084 115.442994  46.306840  16.595817  16.595817   0.000000   0.000000  33.435605 280.574599 275.069148   0.050706   0.116723 280.024600   0.106102
   293 275.150966 258.900950 130.434578  52.973284  16.816847  16.816847   0.000000   0.000000  38.538159 281.570462 275.334383   0.050190   0.116721 280.849382   0.106064
   294 294.426160 263.094603 145.057969  61.541778  16.935153  16.935153   0.000000   0.000000  43.652550 282.532682 275.615127   0.049701   0.116719 281.642248   0.106026
   295 313.526752 267.010070 159.386890  71.242372  16.752711  16.752711   0.000000   0.000000  48.422882 283.441786 275.908300   0.049249   0.116717 282.376174   0.105988
   296 332.429413 270.740984 173.595825  80.842962  16.257682  16.257682   0.000000   0.000000  52.734405 284.287774 276.210729   0.048842   0.116715 283.064623   0.105952
   297 351.113240 274.283799 187.722536  89.920921  16.670718  16.670718   0.000000   0.000000  56.539317 285.031417 276.517971   0.048448   0.116713 283.701689   0.105915
   298 369.559306 277.584328 201.907490  97.227816  19.794307  19.794307   0.000000   0.000000  59.594120 285.736226 276.828568   0.047988   0.116711 284.292105   0.105868
   299 387.750314 280.580265 215.762629 105.272159  22.812075  22.812075   0.000000   0.000000  62.353604 286.390252 277.140702   0.047474   0.116708 284.826119   0.105811
   300 405.670333 283.318358 229.386581 113.229926  25.675053  25.675053   0.000000   0.000000  64.746851 287.003412 277.453100   0.046920   0.116705 285.313037   0.105746
   301 423.304579 285.822244 242.744153 121.247767  28.420195  28.420195   0.000000   0.000000  66.852184 287.579312 277.764723   0.046337   0.116701 285.757586   0.105671
   302 440.639258 288.123225 255.839801 129.208048  31.051683  31.051683   0.000000   0.000000  68.702125 288.123118 278.074799   0.045732   0.116698 286.165625   0.105589
   303 457.661424 290.247746 268.665068 137.097875  33.582552  33.582552   0.000000   0.000000  70.338227 288.638801 278.382757   0.045115   0.116694 286.541990   0.105499
   304 474.358880 292.219824 281.215282 144.888972  36.021949  36.021949   0.000000   0.000000  71.792310 289.129818 278.688179   0.044491   0.116689 286.890956   0.105401
   305 490.720087 294.059996 293.485098 152.557171  38.378175  38.378175   0.000000   0.000000  73.091470 289.599157 278.990774   0.043865   0.116685 287.216139   0.105296
   306 506.734093 295.785299 305.468268 160.085272  40.658727  40.658727   0.000000   0.000000  74.258680 290.049313 279.290343   0.043242   0.116680 287.520531   0.105184
   307 522.390484 297.409743 317.158301 167.466551  42.870091  42.870091   0.000000   0.000000  75.312789 290.482191 279.586753   0.042624   0.116675 287.806571   0.105065
   308 537.679328 298.945329 328.550028 174.691565  45.016804  45.016804   0.000000   0.000000  76.268068 290.899322 279.879913   0.042016   0.116669 288.076329   0.104940
   309 552.591144 300.402384 339.638803 181.750536  47.102267  47.102267   0.000000   0.000000  77.135863 291.301972 280.169766   0.041418   0.116664 288.331581   0.104808
   310 567.116864 301.789603 350.419989 188.637118  49.129132  49.129132   0.000000   0.000000  77.925443 291.691146 280.456276   0.040832   0.116658 288.573816   0.104671
   311 581.247814 303.114147 360.889067 195.344842  51.099029  51.099029   0.000000   0.000000  78.644090 292.067658 280.739420   0.040260   0.116652 288.804257   0.104527
   312 600.525480 304.381815 375.481249 201.865639  53.012779  53.012779   0.000000   0.000000  79.297666 292.513899 281.022486   0.039702   0.116645 289.034377   0.104378
   313 613.863817 305.597314 384.879591 211.636605  55.410718  55.410718   0.000000   0.000000  80.439891 292.856273 281.301394   0.039152   0.116639 289.242520   0.104221
   314 626.782659 306.824587 394.516716 216.918617  57.137599  57.137599   0.000000   0.000000  80.884157 293.208739 281.577081   0.038620   0.116632 289.452242   0.104059
   315 639.274723 307.959696 403.660428 223.195795  58.954215  58.954215   0.000000   0.000000  81.421606 293.541155 281.849147   0.038103   0.116625 289.645598   0.103892
   316 651.333035 309.057721 412.525688 228.829429  60.650030  60.650030   0.000000   0.000000  81.844061 293.865369 282.117696   0.037602   0.116617 289.831713   0.103720
   317 662.950926 310.110383 421.034116 234.377635  62.303453  62.303453   0.000000   0.000000  82.233710 294.178498 282.382693   0.037117   0.116610 290.009198   0.103543
   318 674.122020 311.125652 429.204931 239.667647  63.891244  63.891244   0.000000   0.000000  82.570635 294.481963 282.644148   0.036648   0.116602 290.179404   0.103361
   319 684.840232 312.104659 437.026959 244.756101  65.420953  65.420953   0.000000   0.000000  82.864710 294.775598 282.902050   0.036195   0.116595 290.342560   0.103175
   320 695.099762 313.049948 444.499458 249.623953  66.889108  66.889108   0.000000   0.000000  83.114833 295.059635 283.156390   0.035756   0.116586 290.499133   0.102985
   321 704.895091 313.963167 451.618780 254.275963  68.295375  68.295375   0.000000   0.000000  83.322713 295.334112 283.407150   0.035333   0.116578 290.649444   0.102791
   322 714.220978 314.845941 458.382560 258.708912  69.638175  69.638175   0.000000   0.000000  83.488734 295.599088 283.654305   0.034924   0.116570 290.793810   0.102593
   323 723.072459 315.699643 464.788266 262.921941  70.916258  70.916258   0.000000   0.000000  83.613482 295.854592 283.897827   0.034530   0.116561 290.932507   0.102391
   324 731.444842 316.525514 470.833608 266.913262  72.128281  72.128281   0.000000   0.000000  83.697361 296.100652 284.137681   0.034149   0.116553 291.065790   0.102186
   325 739.333706 317.324662 476.516388 270.714078  73.274377  73.274377   0.000000   0.000000  83.740795 296.336649 284.373804   0.033781   0.116544 291.193934   0.101978
   326 746.734902 318.098543 481.838620 274.290914  74.348453  74.348453   0.000000   0.000000  83.739916 296.562798 284.606141   0.033427   0.116535 291.317245   0.101767
   327 753.644549 318.847799 486.797013 277.653193  75.351010  75.351010   0.000000   0.000000  83.696601 296.779033 284.834631   0.033085   0.116526 291.435886   0.101553
   328 760.059034 319.573396 491.390373 280.796651  76.280547  76.280547   0.000000   0.000000  83.610815 296.985370 285.059212   0.032756   0.116517 291.550073   0.101337
   329 765.975013 320.276137 495.617071 283.721613  77.136363  77.136363   0.000000   0.000000  83.483106 297.181795 285.279824   0.032439   0.116508 291.659991   0.101119
   330 771.389409 320.956799 499.475846 286.427036  77.917646  77.917646   0.000000   0.000000  83.313794 297.368295 285.496404   0.032133   0.116498 291.765819   0.100898
   331 776.299410 321.616097 502.965545 288.912435  78.623776  78.623776   0.000000   0.000000  83.103240 297.544852 285.708887   0.031839   0.116489 291.867724   0.100676
   332 780.702473 322.254695 506.085208 291.177252  79.254229  79.254229   0.000000   0.000000  82.851758 297.711444 285.917208   0.031555   0.116479 291.965864   0.100453
   333 784.596320 322.873210 508.834044 293.221042  79.808613  79.808613   0.000000   0.000000  82.559649 297.868045 286.121304   0.031282   0.116470 292.060384   0.100228
   334 787.978940 323.472212 511.211434 295.043396  80.286655  80.286655   0.000000   0.000000  82.227190 298.014628 286.321107   0.031019   0.116460 292.151421   0.100002
   335 790.848588 324.052232 513.216935 296.643953  80.688209  80.688209   0.000000   0.000000  81.854644 298.151161 286.516552   0.030767   0.116450 292.239104   0.099775
   336 793.203785 324.613763 514.850275 298.022391  81.013260  81.013260   0.000000   0.000000  81.442262 298.277613 286.707572   0.030524   0.116441 292.323550   0.099548
   337 795.043317 325.157256 516.111350 299.178412  81.261921  81.261921   0.000000   0.000000  80.990288 298.393951 286.894099   0.030290   0.116431 292.404869   0.099321
   338 796.366239 325.683127 517.000221 300.111719  81.434436  81.434436   0.000000   0.000000  80.498961 298.500142 287.076067   0.030065   0.116421 292.483160   0.099093
   339 797.171869 326.191759 517.517112 300.822001  81.531187  81.531187   0.000000   0.000000  79.968520 298.596154 287.253409   0.029850   0.116411 292.558515   0.098866
   340 797.459794 326.683496 517.662403 301.308923  81.552691  81.552691   0.000000   0.000000  79.399215 298.681958 287.426058   0.029643   0.116402 292.631013   0.098639
   341 797.229866 327.158651 517.436625 301.572116  81.499609  81.499609   0.000000   0.000000  78.791305 298.757527 287.593946   0.029444   0.116392 292.700726   0.098413
   342 796.482203 327.617504 516.840456 301.611173  81.372740  81.372740   0.000000   0.000000  78.145066 298.822838 287.757009   0.029253   0.116382 292.767717   0.098187
   343 795.217189 328.060296 515.874712 301.425646  81.173024  81.173024   0.000000   0.000000  77.460797 298.877869 287.915181   0.029071   0.116372 292.832036   0.097963
   344 793.435475 328.487233 514.540348 301.015044  80.901534  80.901534   0.000000   0.000000  76.738815 298.922608 288.068398   0.028896   0.116363 292.893725   0.097740
   345 791.137978 328.898483 512.838446 300.378835  80.559477  80.559477   0.000000   0.000000  75.979467 298.957043 288.216597   0.028728   0.116353 292.952812   0.097519
   346 788.325880 329.294174 510.770220 299.516457  80.148181  80.148181   0.000000   0.000000  75.183122 298.981169 288.359715   0.028568   0.116343 293.009318   0.097299
   347 785.000631 329.674396 508.337007 298.427316  79.669096  79.669096   0.000000   0.000000  74.350178 298.994988 288.497694   0.028415   0.116334 293.063248   0.097082
   348 781.163946 330.039200 505.540271 297.110798  79.123781  79.123781   0.000000   0.000000  73.481059 298.998504 288.630473   0.028268   0.116324 293.114599   0.096867
   349 776.817806 330.388597 502.381598 295.566265  78.513900  78.513900   0.000000   0.000000  72.576217 298.991730 288.757997   0.028129   0.116315 293.163354   0.096654
   350 771.964460 330.722557 498.862696 293.793060  77.841216  77.841216   0.000000   0.000000  71.636129 298.974683 288.880211   0.027996   0.116306 293.209488   0.096443
   351 766.606422 331.041016 494.985397 291.790508  77.107579  77.107579   0.000000   0.000000  70.661301 298.947386 288.997063   0.027869   0.116296 293.252962   0.096235
   352 760.746472 331.343867 490.751652 289.557918  76.314929  76.314929   0.000000   0.000000  69.652267 298.909871 289.108501   0.027749   0.116287 293.293724   0.096031
   353 754.387658 331.630969 486.163534 287.094590  75.465281  75.465281   0.000000   0.000000  68.609590 298.862175 289.214480   0.027635   0.116278 293.331714   0.095829
   354 747.533295 331.902143 481.223236 284.399817  74.560722  74.560722   0.000000   0.000000  67.533864 298.804340 289.314953   0.027527   0.116269 293.366860   0.095631
   355 740.186965 332.157176 475.933072 281.472899  73.603401  73.603401   0.000000   0.000000  66.425711 298.736420 289.409879   0.027425   0.116260 293.399079   0.095436
   356 732.352518 332.395821 470.295482 278.313153  72.595528  72.595528   0.000000   0.000000  65.285784 298.658470 289.499218   0.027329   0.116252 293.428277   0.095244
   357 724.034075 332.617804 464.313033 274.919928  71.539357  71.539357   0.000000   0.000000  64.114765 298.570558 289.582934   0.027238   0.116243 293.454353   0.095056
   358 715.236024 332.822822 457.988423 271.292623  70.437185  70.437185   0.000000   0.000000  62.913364 298.472754 289.660994   0.027152   0.116235 293.477196   0.094873
   359 705.963028 333.010548 451.324488 267.430709  69.291342  69.291342   0.000000   0.000000  61.682316 298.365137 289.733369   0.027072   0.116226 293.496688   0.094693
   360 696.220021 333.180636 444.324212 263.333747  68.104181  68.104181   0.000000   0.000000  60.422379 298.247792 289.800031   0.026998   0.116218 293.512702   0.094517
   361 686.012213 333.332722 436.990729 259.017288  66.878662  66.878662   0.000000   0.000000  59.134332 298.120511 289.860945   0.026928   0.116210 293.525128   0.094345
   362 675.345090 333.466638 429.329285 254.462696  65.614913  65.614913   0.000000   0.000000  57.816960 297.983544 289.916087   0.026864   0.116202 293.533855   0.094178
   363 664.224422 333.581774 421.342212 249.675083  64.316381  64.316381   0.000000   0.000000  56.472200 297.836993 289.965436   0.026805   0.116195 293.538702   0.094015
   364 652.656261 333.677744 413.033161 244.652271  62.985394  62.985394   0.000000   0.000000  55.100903 297.681007 290.008976   0.026750   0.116187 293.539519   0.093856
   365 640.646949 333.754112 404.405673 239.394714  61.624556  61.624556   0.000000   0.000000  53.704214 297.515719 290.046699   0.026701   0.116180 293.536147   0.093702
   366 628.203124 333.810470 395.463629 233.902384  60.236320  60.236320   0.000000   0.000000  52.283146 297.341270 290.078596   0.026656   0.116172 293.528434   0.093553
   367 615.331725 333.846414 386.211116 228.175774  58.823113  58.823113   0.000000   0.000000  50.838714 297.157796 290.104667   0.026616   0.116165 293.516224   0.093409
   368 602.039999 333.861561 376.652486 222.215605  57.387293  57.387293   0.000000   0.000000  49.371900 296.965437 290.124914   0.026580   0.116158 293.499368   0.093269
   369 588.335516 333.855544 366.792350 216.022943  55.931158  55.931158   0.000000   0.000000  47.883659 296.764331 290.139342   0.026549   0.116152 293.477717   0.093134
   370 574.226173 333.828018 356.635602 209.599177  54.456942  54.456942   0.000000   0.000000  46.374922 296.554617 290.147960   0.026523   0.116145 293.451125   0.093004
   371 559.720216 333.778664 346.187428 202.946050  52.966810  52.966810   0.000000   0.000000  44.846596 296.336432 290.150780   0.026501   0.116139 293.419451   0.092879
   372 544.826250 333.707189 335.453327 196.065671  51.462859  51.462859   0.000000   0.000000  43.299564 296.109917 290.147819   0.026483   0.116133 293.382556   0.092758
   373 529.553264 333.613332 324.439128 188.960528  49.947116  49.947116   0.000000   0.000000  41.734686 295.875208 290.139093   0.026470   0.116127 293.340305   0.092643
   374 513.910654 333.496862 313.151012 181.633512  48.421539  48.421539   0.000000   0.000000  40.152803 295.632444 290.124625   0.026461   0.116121 293.292565   0.092533
   375 497.908253 333.357584 301.595541 174.087930  46.888013  46.888013   0.000000   0.000000  38.554737 295.381765 290.104437   0.026456   0.116115 293.239205   0.092427
   376 481.556366 333.195337 289.779682 166.327533  45.348359  45.348359   0.000000   0.000000  36.941294 295.123310 290.078557   0.026456   0.116110 293.180095   0.092327
   377 464.865816 333.010000 277.710849 158.356538  43.804325  43.804325   0.000000   0.000000  35.313266 294.857218 290.047013   0.026459   0.116105 293.115106   0.092232
   378 447.847993 332.801488 265.396942 150.179658  42.257597  42.257597   0.000000   0.000000  33.671436 294.583633 290.009836   0.026467   0.116099 293.044105   0.092141
   379 430.514925 332.569760 252.846400 141.802141  40.709796  40.709796   0.000000   0.000000  32.016579 294.302699 289.967061   0.026479   0.116095 292.966954   0.092056
   380 412.879356 332.314817 240.068264 133.229811  39.162483  39.162483   0.000000   0.000000  30.349471 294.014563 289.918722   0.026495   0.116090 292.883505   0.091975
   381 394.954843 332.036705 227.072258 124.469124  37.617161  37.617161   0.000000   0.000000  28.670888 293.719376 289.864859   0.026515   0.116085 292.793593   0.091900
   382 376.755884 331.735519 213.868882 115.527235  36.075279  36.075279   0.000000   0.000000  26.981620 293.417294 289.805512   0.026540   0.116081 292.697030   0.091829
   383 358.298072 331.411407 200.469537 106.412079  34.538239  34.538239   0.000000   0.000000  25.282473 293.108482 289.740727   0.026568   0.116077 292.593579   0.091764
   384 339.598289 331.064574 186.886680  97.132477  33.007396  33.007396   0.000000   0.000000  23.574284 292.793110 289.670549   0.026600   0.116073 292.482923   0.091703
   385 320.674957 330.695288 173.134016  87.698274  31.484068  31.484068   0.000000   0.000000  21.857928 292.471363 289.595029   0.026637   0.116069 292.364568   0.091647
   386 301.548358 330.303890 159.226753  78.120506  29.969540  29.969540   0.000000   0.000000  20.134339 292.143437 289.514220   0.026677   0.116066 292.237322   0.091596
   387 282.241041 329.890805 145.181926  68.411635  28.465069  28.465069   0.000000   0.000000  18.404520 291.809548 289.428180   0.026722   0.116062 292.099520   0.091549
   388 262.778372 329.456562 131.018832  58.585849  26.971891  26.971891   0.000000   0.000000  16.669576 291.469934 289.336972   0.026770   0.116059 291.951715   0.091507
   389 243.189236 329.001810 116.759597  48.659487  25.491215  25.491215   0.000000   0.000000  14.930732 291.124859 289.240664   0.026823   0.116056 291.794658   0.091470
   390 223.507002 328.527365 102.429952  38.651629  24.024215  24.024215   0.000000   0.000000  13.189364 290.774621 289.139331   0.026880   0.116053 291.629057   0.091438
   391 203.770807 328.034260  88.060308  28.585002  22.571980  22.571980   0.000000   0.000000  11.447026 290.419548 289.033054   0.026941   0.116050 291.455599   0.091410
   392 184.027342 327.523856  73.687273  18.487494  21.135374  21.135374   0.000000   0.000000   9.705453 290.059991 288.921924   0.027007   0.116048 291.274960   0.091386
   393 164.333327 326.998072  59.355931   8.395302  19.714538  19.714538   0.000000   0.000000   7.966472 289.696254 288.806034   0.027076   0.116045 291.087817   0.091367
   394 144.759029 326.460096  45.123721  -1.634368  18.305107  18.305107   0.000000   0.000000   6.231539 289.328052 288.685459   0.027150   0.116043 290.738681   0.091352
   395 125.393339 326.269659  31.411972  -8.997516  14.889758  14.889758   0.000000   0.000000   4.498146 288.841967 288.555448   0.027237   0.116041 290.517743   0.091348
   396 106.351208 325.641682  18.152462 -18.472993  13.115352  13.115352   0.000000   0.000000   2.005633 288.399726 288.418614   0.027330   0.116040 290.216753   0.091350
   397  87.784722 324.508763   4.539364 -23.027823  11.245434  11.245434   0.000000   0.000000  -0.132215 287.828813 288.269953   0.027430   0.116038 289.826537   0.091357
   398  69.899779 323.352896  -7.886080 -29.962905   9.219489   9.219489   0.000000   0.000000  -3.087983 287.255114 288.110325   0.027538   0.116037 289.418436   0.091370
   399  52.981139 321.878272 -19.850971 -35.144663   7.331943   7.331943   0.000000   0.000000  -5.986481 286.638312 287.938765   0.027653   0.116036 288.964482   0.091390
   400  37.428803 320.270586 -30.646454 -40.371396   5.483621   5.483621   0.000000   0.000000  -9.103171 286.023020 287.756285   0.027776   0.116036 288.494922   0.091415
   401  23.804173 318.448104 -40.136528 -44.550816   3.779241   3.779241   0.000000   0.000000 -12.132860 285.414476 287.564000   0.027906   0.116035 288.015927   0.091445
   402  12.858710 316.516956 -47.643628 -48.307453   2.229504   2.229504   0.000000   0.000000 -15.046670 284.859668 287.364890   0.028043   0.116035 287.559522   0.091480
   403   5.418197 314.453424 -52.768254 -50.963719   0.926334   0.926334   0.000000   0.000000 -17.536557 284.385324 287.162756   0.028186   0.116035 287.145905   0.091519
   404   1.795281 312.343165 -55.307551 -52.701509  -0.096872  -0.096872   0.000000   0.000000 -19.442022 284.024202 286.962397   0.028334   0.116035 286.801309   0.091561
   405   0.000000 310.244218 -56.956109 -53.352496  -0.799667  -0.799667   0.000000   0.000000 -20.567369 283.738008 286.766510   0.028486   0.116035 286.503330   0.091605
   406   0.000000 308.223188 -57.476180 -53.312262  -1.307395  -1.307395   0.000000   0.000000 -21.199511 283.518389 286.577186   0.028640   0.116035 286.250928   0.091650
   407   0.000000 306.318336 -58.221559 -52.747479  -1.654019  -1.654019   0.000000   0.000000 -21.411579 283.320850 286.394451   0.028796   0.116035 286.018418   0.091696
   408   0.000000 304.561991 -58.935900 -52.162801  -1.950895  -1.950895   0.000000   0.000000 -21.515207 283.138692 286.218087   0.028954   0.116036 285.803883   0.091743
   409   0.000000 302.941198 -59.597618 -51.631906  -2.213811  -2.213811   0.000000   0.000000 -21.555762 282.970342 286.047868   0.029113   0.116036 285.605469   0.091790
   410   0.000000 301.434812 -60.218936 -51.126074  -2.446484  -2.446484   0.000000   0.000000 -21.542680 282.813429 285.883525   0.029274   0.116036 285.420426   0.091838
   411   0.000000 300.026237 -60.803784 -50.637527  -2.654365  -2.654365   0.000000   0.000000 -21.490674 282.665951 285.724762   0.029436   0.116037 285.246895   0.091886
   412   0.000000 298.707292 -61.349864 -50.194365  -2.842350  -2.842350   0.000000   0.000000 -21.411682 282.527514 285.571322   0.029600   0.116037 285.083997   0.091935
   413   0.000000 297.466155 -61.866468 -49.769656  -3.011221  -3.011221   0.000000   0.000000 -21.306661 282.396723 285.422937   0.029764   0.116037 284.930070   0.091984
   414   0.000000 296.292381 -62.356622 -49.353374  -3.164288  -3.164288   0.000000   0.000000 -21.183495 282.272213 285.279327   0.029930   0.116038 284.783742   0.092033
   415   0.000000 295.180100 -62.819099 -48.955767  -3.304574  -3.304574   0.000000   0.000000 -21.049795 282.148020 285.140005   0.030098   0.116038 284.641264   0.092083
   416   0.000000 294.124445 -63.229029 -48.652087  -3.269061  -3.269061   0.000000   0.000000 -20.943894 282.022165 285.004464   0.030265   0.116038 284.501107   0.092132
   417   0.000000 293.113294 -63.588398 -48.441228  -3.043055  -3.043055   0.000000   0.000000 -20.876096 281.900016 284.872487   0.030431   0.116039 284.365789   0.092180
   418   0.000000 292.136668 -63.933377 -48.241909  -2.842533  -2.842533   0.000000   0.000000 -20.807299 281.781887 284.743902   0.030596   0.116039 284.234743   0.092227
   419   0.000000 291.192038 -64.267883 -48.037271  -2.653931  -2.653931   0.000000   0.000000 -20.734105 281.667313 284.618538   0.030759   0.116039 284.107554   0.092273
   420   0.000000 290.277844 -64.591075 -47.831218  -2.478002  -2.478002   0.000000   0.000000 -20.658579 281.556057 284.496241   0.030921   0.116040 283.983933   0.092319
   421   0.000000 289.392722 -64.903047 -47.620604  -2.313784  -2.313784   0.000000   0.000000 -20.581289 281.447806 284.376861   0.031082   0.116040 283.863719   0.092364
   422   0.000000 288.535779 -65.203070 -47.414554  -2.160959  -2.160959   0.000000   0.000000 -20.503390 281.342595 284.260272   0.031242   0.116040 283.746823   0.092408
   423   0.000000 287.705802 -65.492443 -47.206364  -2.018052  -2.018052   0.000000   0.000000 -20.423735 281.240179 284.146349   0.031401   0.116041 283.633072   0.092451
   424   0.000000 286.900897 -65.771750 -46.998179  -1.884663  -1.884663   0.000000   0.000000 -20.343190 281.140402 284.034981   0.031559   0.116041 283.522242   0.092494
   425   0.000000 286.120872 -66.040368 -46.791171  -1.760012  -1.760012   0.000000   0.000000 -20.262051 281.043171 283.926061   0.031716   0.116041 283.414317   0.092536
   426   0.000000 285.363753 -66.299724 -46.585046  -1.643370  -1.643370   0.000000   0.000000 -20.180226 280.948355 283.819492   0.031872   0.116041 283.309063   0.092578
   427   0.000000 284.629240 -66.549420 -46.379368  -1.534081  -1.534081   0.000000   0.000000 -20.097965 280.855827 283.715184   0.032026   0.116041 283.206444   0.092619
   428   0.000000 283.915566 -66.790528 -46.175176  -1.431630  -1.431630   0.000000   0.000000 -20.015493 280.765485 283.613048   0.032180   0.116042 283.106255   0.092660
   429   0.000000 283.222578 -67.022654 -45.971984  -1.335427  -1.335427   0.000000   0.000000 -19.932942 280.677226 283.513005   0.032333   0.116042 283.008469   0.092700
   430   0.000000 282.548311 -67.247180 -45.769111  -1.245002  -1.245002   0.000000   0.000000 -19.850451 280.590908 283.414976   0.032486   0.116042 282.912857   0.092739
   431   0.000000 281.892946 -67.463206 -45.568286  -1.159999  -1.159999   0.000000   0.000000 -19.768475 280.506481 283.318888   0.032637   0.116042 282.819436   0.092779
   432   0.000000 281.254431 -67.672457 -45.367204  -1.079894  -1.079894   0.000000   0.000000 -19.686849 280.423786 283.224669   0.032787   0.116042 282.727959   0.092817
   433   0.000000 280.632976 -67.873937 -45.190801  -1.004590  -1.004590   0.000000   0.000000 -19.606181 280.343444 283.132282   0.032937   0.116042 282.639022   0.092856
   434   0.000000 280.025282 -68.073822 -45.012771  -0.931888  -0.931888   0.000000   0.000000 -19.521868 280.264990 283.041672   0.033086   0.116042 282.552081   0.092893
   435   0.000000 279.432650 -68.268578 -44.840664  -0.862742  -0.862742   0.000000   0.000000 -19.436771 280.188378 282.952787   0.033234   0.116042 282.467220   0.092931
   436   0.000000 278.853910 -68.459087 -44.673125  -0.796780  -0.796780   0.000000   0.000000 -19.350867 280.113503 282.865577   0.033381   0.116043 282.384257   0.092968
   437   0.000000 278.289250 -68.644644 -44.509659  -0.733857  -0.733857   0.000000   0.000000 -19.264523 280.040283 282.779993   0.033528   0.116043 282.303178   0.093005
   438   0.000000 277.737633 -68.825838 -44.349916  -0.673841  -0.673841   0.000000   0.000000 -19.177969 279.968628 282.695986   0.033673   0.116043 282.223811   0.093041
   439   0.000000 277.198703 -69.002554 -44.191437  -0.616575  -0.616575   0.000000   0.000000 -19.091504 279.898396 282.613506   0.033818   0.116043 282.146070   0.093077
   440   0.000000 276.671796 -69.174737 -44.035814  -0.562139  -0.562139   0.000000   0.000000 -19.005767 279.829521 282.532503   0.033963   0.116043 282.069809   0.093112
   441   0.000000 276.155735 -69.343195 -43.876885  -0.510281  -0.510281   0.000000   0.000000 -18.920878 279.761756 282.452925   0.034106   0.116043 281.994815   0.093148
   442   0.000000 275.650451 -69.506793 -43.719448  -0.461406  -0.461406   0.000000   0.000000 -18.838184 279.695072 282.374720   0.034249   0.116043 281.920984   0.093183
   443   0.000000 275.153534 -69.667714 -43.551438  -0.415087  -0.415087   0.000000   0.000000 -18.757541 279.629052 282.297825   0.034391   0.116043 281.847909   0.093217
   444   0.000000 274.665765 -69.823187 -43.382657  -0.372207  -0.372207   0.000000   0.000000 -18.681410 279.563714 282.222181   0.034533   0.116043 281.775542   0.093252
   445   0.000000 274.182975 -69.977333 -43.192721  -0.332059  -0.332059   0.000000   0.000000 -18.609270 279.498405 282.147710   0.034673   0.116043 281.703208   0.093286
   446   0.000000 273.707253 -70.124981 -42.999679  -0.296171  -0.296171   0.000000   0.000000 -18.545138 279.433239 282.074344   0.034814   0.116043 281.630990   0.093319
   447   0.000000 273.232114 -70.272970 -42.772736  -0.263325  -0.263325   0.000000   0.000000 -18.487736 279.367287 282.001981   0.034953   0.116043 281.557920   0.093353
   448   0.000000 272.762091 -70.412447 -42.545014  -0.235794  -0.235794   0.000000   0.000000 -18.442858 279.300945 281.930547   0.035092   0.116043 281.484432   0.093386
   449   0.000000 272.287700 -70.554516 -42.272143  -0.211278  -0.211278   0.000000   0.000000 -18.407212 279.233026 281.859923   0.035231   0.116043 281.409288   0.093419
   450   0.000000 271.818572 -70.684151 -42.015086  -0.192848  -0.192848   0.000000   0.000000 -18.388276 279.164622 281.790046   0.035369   0.116043 281.333719   0.093452
   451   0.000000 271.340217 -70.820655 -41.702312  -0.176007  -0.176007   0.000000   0.000000 -18.377968 279.094147 281.720794   0.035507   0.116043 281.256055   0.093485
   452   0.000000 270.872140 -70.937523 -41.444723  -0.165333  -0.165333   0.000000   0.000000 -18.386525 279.024016 281.652154   0.035644   0.116043 281.178909   0.093517
   453   0.000000 270.389430 -71.070483 -41.106687  -0.152520  -0.152520   0.000000   0.000000 -18.396965 278.951526 281.584000   0.035781   0.116043 281.099442   0.093549
   454   0.000000 269.928101 -71.171693 -40.887130  -0.146102  -0.146102   0.000000   0.000000 -18.427324 278.881151 281.516407   0.035918   0.116043 281.022363   0.093581
   455   0.000000 269.444653 -71.304720 -40.534006  -0.131874  -0.131874   0.000000   0.000000 -18.446798 278.807935 281.449230   0.036054   0.116043 280.942476   0.093613
   456   0.000000 268.998190 -71.388584 -40.379768  -0.125831  -0.125831   0.000000   0.000000 -18.489067 278.739079 281.382641   0.036190   0.116043 280.867387   0.093645
   457   0.000000 268.519974 -71.524292 -40.018423  -0.105724  -0.105724   0.000000   0.000000 -18.504933 278.666613 281.316457   0.036326   0.116043 280.788563   0.093676
   458   0.000000 268.095782 -71.590653 -39.938698  -0.097177  -0.097177   0.000000   0.000000 -18.548905 278.600683 281.250939   0.036461   0.116043 280.717047   0.093708
   459   0.000000 267.629237 -71.729458 -39.577186  -0.069059  -0.069059   0.000000   0.000000 -18.551791 278.530283 281.185858   0.036595   0.116043 280.640587   0.093739
   460   0.000000 267.232801 -71.779228 -39.569082  -0.056439  -0.056439   0.000000   0.000000 -18.589027 278.468224 281.121546   0.036730   0.116043 280.573730   0.093770
   461   0.000000 266.783206 -71.920444 -39.213831  -0.020120  -0.020120   0.000000   0.000000 -18.573253 278.400853 281.057726   0.036863   0.116043 280.500572   0.093800
   462   0.000000 266.417941 -71.954833 -39.269877  -0.003148  -0.003148   0.000000   0.000000 -18.598115 278.343214 280.994783   0.036996   0.116043 280.438992   0.093831
   463   0.000000 265.988669 -72.097712 -38.923020   0.040386   0.040386   0.000000   0.000000 -18.560978 278.279420 280.932390   0.037128   0.116043 280.369660   0.093861
   464   0.000000 265.656093 -72.117783 -39.035313   0.060948   0.060948   0.000000   0.000000 -18.570791 278.226423 280.870972   0.037260   0.116043 280.313584   0.093891
   465   0.000000 265.248658 -72.261825 -38.695300   0.110130   0.110130   0.000000   0.000000 -18.511849 278.166396 280.810157   0.037390   0.116043 280.248252   0.093921
   466   0.000000 264.948837 -72.268344 -38.857588   0.132905   0.132905   0.000000   0.000000 -18.506327 278.118032 280.750399   0.037520   0.116043 280.197634   0.093950
   467   0.000000 264.563312 -72.413367 -38.520676   0.186056   0.186056   0.000000   0.000000 -18.426569 278.061715 280.691280   0.037649   0.116043 280.136233   0.093979
   468   0.000000 264.295393 -72.406816 -38.728969   0.209488   0.209488   0.000000   0.000000 -18.406951 278.017848 280.633284   0.037777   0.116043 280.090875   0.094008
   469   0.000000 263.930920 -72.552933 -38.382796   0.265117   0.265117   0.000000   0.000000 -18.308052 277.964833 280.575937   0.037904   0.116043 280.033010   0.094037
   470   0.000000 263.693978 -72.532225 -38.627808   0.287171   0.287171   0.000000   0.000000 -18.277724 277.924947 280.519752   0.038030   0.116043 279.992367   0.094065
   471   0.000000 263.349627 -72.677842 -38.274434   0.343369   0.343369   0.000000   0.000000 -18.163635 277.874958 280.464212   0.038156   0.116043 279.937733   0.094094
   472   0.000000 263.141305 -72.643902 -38.556747   0.363125   0.363125   0.000000   0.000000 -18.124780 277.838845 280.409863   0.038280   0.116043 279.901484   0.094122
   473   0.000000 262.814676 -72.790314 -38.190627   0.419319   0.419319   0.000000   0.000000 -17.997125 277.791552 280.356140   0.038403   0.116043 279.849713   0.094149
   474   0.000000 262.632557 -72.743890 -38.508870   0.435939   0.435939   0.000000   0.000000 -17.952117 277.758910 280.303625   0.038526   0.116043 279.817486   0.094177
   475   0.000000 262.321671 -72.891546 -38.128124   0.491554   0.491554   0.000000   0.000000 -17.813005 277.714025 280.251707   0.038648   0.116043 279.768265   0.094204
   476   0.000000 262.163434 -72.833497 -38.480400   0.504592   0.504592   0.000000   0.000000 -17.763776 277.684560 280.201006   0.038768   0.116043 279.739706   0.094231
   477   0.000000 261.866508 -72.982705 -38.084008   0.559265   0.559265   0.000000   0.000000 -17.615117 277.641825 280.150866   0.038888   0.116043 279.692753   0.094258
   478   0.000000 261.729951 -72.913915 -38.468202   0.568512   0.568512   0.000000   0.000000 -17.563287 277.615254 280.101941   0.039007   0.116043 279.667528   0.094284
   479   0.000000 261.445378 -73.064872 -38.055795   0.622027   0.622027   0.000000   0.000000 -17.406808 277.574434 280.053538   0.039125   0.116043 279.622586   0.094311
   480   0.000000 261.328410 -72.986242 -38.469630   0.627442   0.627442   0.000000   0.000000 -17.353731 277.550488 280.006345   0.039242   0.116043 279.600378   0.094337
   481   0.000000 261.054742 -73.139056 -38.041330   0.679678   0.679678   0.000000   0.000000 -17.190998 277.511371 279.959629   0.039359   0.116043 279.557216   0.094363
   482   0.000000 260.955389 -73.051483 -38.482447   0.681333   0.681333   0.000000   0.000000 -17.137807 277.489793 279.914112   0.039474   0.116042 279.537727   0.094389
   483   0.000000 260.691316 -73.206197 -38.038714   0.732235   0.732235   0.000000   0.000000 -16.970231 277.452187 279.869026   0.039589   0.116042 279.496136   0.094414
   484   0.000000 260.607718 -73.110563 -38.504722   0.730275   0.730275   0.000000   0.000000 -16.917873 277.432735 279.825124   0.039703   0.116042 279.479084   0.094440
   485   0.000000 260.352053 -73.267169 -38.046237   0.779830   0.779830   0.000000   0.000000 -16.746727 277.396465 279.781607   0.039816   0.116042 279.438874   0.094465
   486   0.000000 260.282460 -73.164332 -38.534750   0.774444   0.774444   0.000000   0.000000 -16.695995 277.378908 279.739255   0.039928   0.116042 279.423993   0.094490
   487   0.000000 260.034123 -73.322787 -38.062347   0.822663   0.822663   0.000000   0.000000 -16.522427 277.343814 279.697241   0.040040   0.116042 279.384991   0.094515
   488   0.000000 259.976895 -73.213572 -38.571032   0.814065   0.814065   0.000000   0.000000 -16.473988 277.327937 279.656370   0.040151   0.116042 279.372032   0.094539
   489   0.000000 259.734904 -73.373800 -38.085645   0.860977   0.860977   0.000000   0.000000 -16.299031 277.293872 279.615791   0.040261   0.116042 279.334077   0.094564
   490   0.000000 259.688508 -73.258992 -38.612269   0.849396   0.849396   0.000000   0.000000 -16.253437 277.279474 279.576332   0.040371   0.116042 279.322809   0.094588
   491   0.000000 259.451973 -73.420903 -38.114883   0.895039   0.895039   0.000000   0.000000 -16.078011 277.246302 279.537119   0.040479   0.116042 279.285757   0.094612
   492   0.000000 259.414988 -73.301241 -38.657333   0.880708   0.880708   0.000000   0.000000 -16.035717 277.233195 279.499000   0.040588   0.116041 279.275963   0.094636
   493   0.000000 259.183102 -73.464730 -38.148945   0.925131   0.925131   0.000000   0.000000 -15.860633 277.200795 279.461082   0.040695   0.116041 279.239684   0.094660
   494   0.000000 259.154216 -73.340903 -38.705251   0.908281   0.908281   0.000000   0.000000 -15.822009 277.188806 279.424232   0.040802   0.116041 279.231164   0.094684
   495   0.000000 258.926250 -73.505860 -38.186848   0.951539   0.951539   0.000000   0.000000 -15.647978 277.157066 279.387539   0.040908   0.116041 279.195538   0.094708
   496   0.000000 258.904263 -73.378506 -38.755203   0.932397   0.932397   0.000000   0.000000 -15.613312 277.146038 279.351887   0.041014   0.116041 279.188112   0.094731
   497   0.000000 258.679563 -73.544819 -38.227745   0.974550   0.974550   0.000000   0.000000 -15.440946 277.114857 279.316351   0.041119   0.116041 279.153032   0.094754
   498   0.000000 258.663385 -73.414517 -38.806523   0.953335   0.953335   0.000000   0.000000 -15.410459 277.104646 279.281828   0.041224   0.116041 279.146533   0.094778
   499   0.000000 258.441367 -73.582078 -38.270922   0.994449   0.994449   0.000000   0.000000 -15.240271 277.073934 279.247380   0.041327   0.116041 279.111906   0.094801
   500   0.000000 258.430018 -73.449353 -38.858683   0.971371   0.971371   0.000000   0.000000 -15.214117 277.064412 279.213917   0.041431   0.116041 279.106186   0.094824
   501   0.000000 258.210165 -73.618057 -38.315788   1.011516   1.011516   0.000000   0.000000 -15.046531 277.034090 279.180491   0.041534   0.116040 279.071927   0.094846
   502   0.000000 258.202774 -73.483378 -38.911280   0.986776   0.986776   0.000000   0.000000 -15.024807 277.025144 279.148023   0.041636   0.116040 279.066855   0.094869
   503   0.000000 257.984636 -73.653129 -38.361876   1.026026   1.026026   0.000000   0.000000 -14.860157 276.995141 279.115556   0.041738   0.116040 279.032892   0.094892
   504   0.000000 257.980435 -73.516909 -38.964037   0.999810   0.999810   0.000000   0.000000 -14.842905 276.986670 279.084019   0.041840   0.116040 279.028354   0.094914
   505   0.000000 257.763619 -73.687619 -38.401522   1.038206   1.038206   0.000000   0.000000 -14.681445 276.956736 279.052441   0.041940   0.116040 278.994467   0.094937
   506   0.000000 257.762352 -73.548936 -39.002290   1.010074   1.010074   0.000000   0.000000 -14.669933 276.948362 279.021756   0.042041   0.116040 278.990131   0.094959
   507   0.000000 257.546996 -73.718696 -38.433437   1.046974   1.046974   0.000000   0.000000 -14.513758 276.918415 278.990990   0.042140   0.116040 278.956240   0.094981
   508   0.000000 257.547550 -73.578242 -39.033712   1.017355   1.017355   0.000000   0.000000 -14.508025 276.910074 278.961083   0.042240   0.116040 278.951985   0.095003
   509   0.000000 257.332769 -73.747617 -38.457906   1.053140   1.053140   0.000000   0.000000 -14.357059 276.880018 278.931056   0.042339   0.116039 278.917971   0.095025
   510   0.000000 257.334096 -73.605963 -39.056217   1.022244   1.022244   0.000000   0.000000 -14.357265 276.871582 278.901854   0.042438   0.116039 278.913644   0.095047
   511   0.000000 257.119372 -73.774852 -38.475021   1.057004   1.057004   0.000000   0.000000 -14.211904 276.841347 278.872497   0.042536   0.116039 278.879431   0.095069
   512   0.000000 257.120556 -73.632559 -39.069592   1.025075   1.025075   0.000000   0.000000 -14.218050 276.832697 278.843929   0.042635   0.116039 278.874893   0.095090
   513   0.000000 256.905470 -73.800821 -38.484481   1.058881   1.058881   0.000000   0.000000 -14.078624 276.802221 278.815173   0.042732   0.116039 278.840415   0.095112
   514   0.000000 256.905706 -73.658385 -39.073636   1.026139   1.026139   0.000000   0.000000 -14.090664 276.793253 278.787173   0.042830   0.116039 278.835544   0.095134
   515   0.000000 256.689904 -73.825870 -38.485975   1.059048   1.059048   0.000000   0.000000 -13.957442 276.762482 278.758954   0.042926   0.116039 278.800743   0.095155
   516   0.000000 256.688471 -73.683738 -39.068157   1.025692   1.025692   0.000000   0.000000 -13.975300 276.753098 278.731455   0.043023   0.116039 278.795428   0.095176
   517   0.000000 256.471645 -73.850300 -38.479206   1.057752   1.057752   0.000000   0.000000 -13.848496 276.721985 278.703709   0.043119   0.116038 278.760255   0.095198
   518   0.000000 256.467897 -73.708875 -39.052990   1.023957   1.023957   0.000000   0.000000 -13.872073 276.712100 278.676651   0.043216   0.116038 278.754395   0.095219
   519   0.000000 256.249780 -73.874372 -38.463911   1.055210   1.055210   0.000000   0.000000 -13.751859 276.680599 278.649319   0.043311   0.116038 278.718805   0.095240
   520   0.000000 256.243138 -73.734018 -39.028006   1.021136   1.021136   0.000000   0.000000 -13.781037 276.670135 278.622641   0.043407   0.116038 278.712310   0.095261
   521   0.000000 256.023496 -73.898316 -38.439871   1.051619   1.051619   0.000000   0.000000 -13.667539 276.638210 278.595665   0.043501   0.116038 278.676264   0.095282
   522   0.000000 256.013441 -73.759361 -38.993117   1.017408   1.017408   0.000000   0.000000 -13.702186 276.627097 278.569311   0.043597   0.116038 278.669054   0.095303
   523   0.000000 255.792073 -73.922338 -38.406909   1.047154   1.047154   0.000000   0.000000 -13.595494 276.594713 278.542637   0.043691   0.116038 278.632518   0.095323
   524   0.000000 255.778142 -73.785076 -38.948270   1.012934   1.012934   0.000000   0.000000 -13.635462 276.582891 278.516552   0.043785   0.116038 278.624520   0.095344
   525   0.000000 255.554874 -73.946615 -38.364894   1.041973   1.041973   0.000000   0.000000 -13.535631 276.550019 278.490128   0.043879   0.116037 278.587465   0.095365
   526   0.000000 255.536657 -73.811313 -38.893448   1.007860   1.007860   0.000000   0.000000 -13.580763 276.537432 278.464263   0.043973   0.116037 278.578615   0.095385
   527   0.000000 255.311340 -73.971308 -38.313729   1.036221   1.036221   0.000000   0.000000 -13.487819 276.504047 278.438040   0.044066   0.116037 278.541016   0.095406
   528   0.000000 255.288475 -73.838205 -38.828664   1.002321   1.002321   0.000000   0.000000 -13.537948 276.490647 278.412345   0.044160   0.116037 278.531257   0.095426
   529   0.000000 255.060985 -73.996557 -38.253358   1.030029   1.030029   0.000000   0.000000 -13.451888 276.456727 278.386276   0.044252   0.116037 278.493094   0.095447
   530   0.000000 255.033149 -73.865867 -38.753960   0.996437   0.996437   0.000000   0.000000 -13.506841 276.442471 278.360706   0.044346   0.116037 278.482376   0.095467
   531   0.000000 254.803383 -74.022485 -38.183756   1.023515   1.023515   0.000000   0.000000 -13.427641 276.407999 278.334747   0.044438   0.116037 278.443630   0.095487
   532   0.000000 254.770296 -73.894402 -38.669404   0.990316   0.990316   0.000000   0.000000 -13.487239 276.392851 278.309259   0.044530   0.116037 278.431909   0.095507
   533   0.000000 254.538168 -74.049203 -38.104927   1.016787   1.016787   0.000000   0.000000 -13.414854 276.357810 278.283369   0.044622   0.116037 278.392566   0.095527
   534   0.000000 254.499582 -73.923901 -38.575083   0.984058   0.984058   0.000000   0.000000 -13.478912 276.341739 278.257922   0.044714   0.116036 278.379804   0.095548
   535   0.000000 254.265026 -74.076808 -38.016901   1.009942   1.009942   0.000000   0.000000 -13.413280 276.306117 278.232062   0.044805   0.116036 278.339853   0.095567
   536   0.000000 254.220726 -73.954443 -38.471105   0.977753   0.977753   0.000000   0.000000 -13.481615 276.289095 278.206618   0.044897   0.116036 278.326017   0.095587
   537   0.000000 253.983690 -74.105387 -37.919732   1.003067   1.003067   0.000000   0.000000 -13.422660 276.252882 278.180752   0.044988   0.116036 278.285448   0.095607
   538   0.000000 253.933488 -73.986100 -38.357593   0.971479   0.971479   0.000000   0.000000 -13.495084 276.234887 278.155275   0.045079   0.116036 278.270510   0.095627
   539   0.000000 253.693935 -74.135015 -37.813493   0.996241   0.996241   0.000000   0.000000 -13.442719 276.198075 278.129368   0.045169   0.116036 278.229317   0.095647
   540   0.000000 253.637669 -74.018935 -38.234684   0.965309   0.965309   0.000000   0.000000 -13.519047 276.179086 278.103825   0.045260   0.116036 278.213251   0.095666
   541   0.000000 253.395573 -74.165763 -37.694140   0.989510   0.989510   0.000000   0.000000 -13.473174 276.141560 278.077840   0.045349   0.116036 278.171328   0.095686
   542   0.000000 253.333331 -74.052274 -38.094600   0.958928   0.958928   0.000000   0.000000 -13.553958 276.121397 278.052189   0.045440   0.116035 278.153963   0.095706
   543   0.000000 253.088868 -74.196016 -37.561563   0.982180   0.982180   0.000000   0.000000 -13.515543 276.083141 278.026086   0.045529   0.116035 278.111284   0.095725
   544   0.000000 253.020035 -74.085648 -37.941668   0.952154   0.952154   0.000000   0.000000 -13.600614 276.061785 278.000288   0.045619   0.116035 278.092567   0.095744
   545   0.000000 252.772710 -74.226704 -37.415757   0.974602   0.974602   0.000000   0.000000 -13.569518 276.022756 277.974028   0.045708   0.116035 278.049077   0.095764
   546   0.000000 252.696734 -74.119803 -37.775148   0.945174   0.945174   0.000000   0.000000 -13.658905 276.000154 277.948045   0.045797   0.116035 278.028944   0.095783
   547   0.000000 252.446306 -74.258170 -37.257446   0.966830   0.966830   0.000000   0.000000 -13.635235 275.960333 277.921591   0.045886   0.116035 277.984623   0.095802
   548   0.000000 252.362737 -74.155097 -37.595615   0.938108   0.938108   0.000000   0.000000 -13.728805 275.936444 277.895385   0.045975   0.116035 277.963022   0.095821
   549   0.000000 252.109043 -74.290755 -37.087075   0.958995   0.958995   0.000000   0.000000 -13.712585 275.895823 277.868703   0.046063   0.116035 277.917859   0.095841
   550   0.000000 252.017523 -74.191824 -37.403648   0.931086   0.931086   0.000000   0.000000 -13.810157 275.870618 277.842240   0.046151   0.116035 277.894751   0.095860
   551   0.000000 251.760455 -74.324754 -36.905068   0.951235   0.951235   0.000000   0.000000 -13.801351 275.829193 277.815296   0.046239   0.116034 277.848743   0.095879
   552   0.000000 251.660700 -74.230234 -37.199813   0.924232   0.924232   0.000000   0.000000 -13.902721 275.802652 277.788544   0.046327   0.116034 277.824099   0.095898
   553   0.000000 251.400186 -74.360421 -36.711843   0.943674   0.943674   0.000000   0.000000 -13.901249 275.760423 277.761309   0.046414   0.116034 277.777245   0.095916
   554   0.000000 251.291970 -74.270544 -36.984662   0.917660   0.917660   0.000000   0.000000 -14.006199 275.732532 277.734239   0.046502   0.116034 277.751046   0.095935
   555   0.000000 251.027970 -74.397980 -36.507822   0.936425   0.936425   0.000000   0.000000 -14.011948 275.689504 277.706683   0.046589   0.116034 277.703351   0.095954
   556   0.000000 250.911122 -74.312937 -36.758746   0.911467   0.911467   0.000000   0.000000 -14.120256 275.660256 277.679268   0.046676   0.116034 277.675584   0.095973
   557   0.000000 250.643618 -74.437622 -36.293443   0.929585   0.929585   0.000000   0.000000 -14.133081 275.616435 277.651367   0.046763   0.116034 277.627054   0.095991
   558   0.000000 250.518016 -74.357575 -36.522624   0.905741   0.905741   0.000000   0.000000 -14.244522 275.585831 277.623581   0.046850   0.116034 277.597714   0.096010
   559   0.000000 250.247011 -74.479516 -36.069166   0.923242   0.923242   0.000000   0.000000 -14.264254 275.541226 277.595312   0.046936   0.116034 277.548361   0.096029
   560   0.000000 250.112578 -74.404594 -36.276864   0.900559   0.900559   0.000000   0.000000 -14.378599 275.509271 277.567135   0.047022   0.116033 277.517449   0.096047
   561   0.000000 249.838094 -74.523809 -35.835475   0.917473   0.917473   0.000000   0.000000 -14.405047 275.463895 277.538476   0.047108   0.116033 277.467287   0.096066
   562   0.000000 249.694793 -74.454115 -36.022055   0.895990   0.895990   0.000000   0.000000 -14.522065 275.430600 277.509888   0.047194   0.116033 277.434810   0.096084
   563   0.000000 249.416870 -74.570630 -35.592884   0.912349   0.912349   0.000000   0.000000 -14.555015 275.384468 277.480822   0.047279   0.116033 277.383855   0.096102
   564   1.594241 249.264706 -73.230845 -35.758804   0.892099   0.892099   0.000000   0.000000 -14.674474 275.384696 277.453262   0.047364   0.116033 277.369255   0.096121
   565   4.828314 248.983399 -70.917500 -34.759112   1.010733   1.010733   0.000000   0.000000 -14.479962 275.414024 277.428266   0.047445   0.116033 277.359345   0.096138
   566  11.837323 248.854493 -65.570094 -33.698869   1.193380   1.193380   0.000000   0.000000 -14.099693 275.546086 277.409870   0.047520   0.116033 277.418208   0.096156
   567  22.429495 248.668896 -57.883735 -30.634464   1.646663   1.646663   0.000000   0.000000 -13.046486 275.761251 277.400883   0.047579   0.116033 277.514669   0.096171
   568  35.794786 248.744296 -48.109779 -26.731277   2.269656   2.269656   0.000000   0.000000 -11.477421 276.070172 277.404299   0.047617   0.116032 277.679971   0.096185
   569  51.162567 248.909091 -37.083177 -21.032087   3.071602   3.071602   0.000000   0.000000  -9.338890 276.431671 277.421116   0.047627   0.116032 277.875155   0.096196
   570  67.950627 249.463903 -24.791090 -15.302383   3.898777   3.898777   0.000000   0.000000  -6.926115 276.864958 277.453074   0.047610   0.116031 278.136340   0.096205
   571  85.743266 250.155625 -11.904150  -7.985946   4.809027   4.809027   0.000000   0.000000  -4.116807 277.325334 277.499904   0.047563   0.116031 278.416763   0.096210
   572 104.244856 251.289967   1.842710  -1.417067   5.631136   5.631136   0.000000   0.000000  -1.221987 277.848686 277.562911   0.047490   0.116030 278.762873   0.096213
   573 123.242100 252.527575  15.778448   6.934703   6.476449   6.476449   0.000000   0.000000   2.000425 278.386610 277.641277   0.047393   0.116029 279.146303   0.096213
   574 142.577839 260.005881  35.955344 -18.067852   7.749182   7.749182   0.000000   0.000000   5.217328 279.754169 277.768374   0.047258   0.116028 280.469188   0.096209
   575 162.133598 258.844751  43.935100  28.040695  10.124692  10.124692   0.000000   0.000000  13.900566 280.079311 277.895964   0.047055   0.116027 280.477251   0.096197
   576 181.817992 265.493392  64.563052   4.972506  10.032592  10.032592   0.000000   0.000000  15.283434 281.225728 278.058772   0.046864   0.116026 281.653812   0.096186
