     0  98.251985 247.991806  -3.909329   1.132374  -3.779735  -4.327415   0.000000   0.547680   0.000000 276.648553 276.838972   0.125677   0.125603 277.490601   0.125616
     1 113.772216 248.471712   9.894761  -2.194051   0.670479   0.109961   0.000000   0.560518  -1.332936 277.175226 276.852018   0.125675   0.125603 277.836120   0.125616
     2 129.683878 248.293056  19.990665   4.857390   1.724777   1.013642   0.000000   0.711136   2.262459 277.567731 276.878415   0.125657   0.125603 278.107375   0.125612
     3 145.892212 248.651728  31.462680  10.281176   3.114640   2.267304   0.000000   0.847336   4.825211 278.012301 276.918838   0.125617   0.125602 278.415954   0.125605
     4 162.316619 249.165158  43.003795  16.719588   4.457034   3.451371   0.000000   1.005662   7.654236 278.465796 276.972329   0.125557   0.125602 278.706711   0.125594
     5 178.888047 249.725142  54.655205  23.586331   5.594582   4.423071   0.000000   1.171511  10.454269 278.923514 277.037899   0.125480   0.125601 278.953014   0.125580
     6 195.546888 250.356712  66.415308  30.641253   6.666623   5.317773   0.000000   1.348850  13.199306 279.388004 277.114789   0.125388   0.125600 279.145900   0.125564
     7 212.241288 251.032040  78.203053  38.098820   7.645807   6.105501   0.000000   1.540307  15.912510 279.850163 277.202008   0.125282   0.125599 279.323326   0.125545
     8 228.925799 251.939981  90.208651  44.901053   8.478016   6.729446   0.000000   1.748570  18.537084 280.331542 277.299494   0.125165   0.125598 279.531103   0.125524
     9 245.560294 252.996187 102.213875  51.836059   9.604802   7.624100   0.000000   1.980702  21.224336 280.795984 277.405855   0.125032   0.125597 279.755833   0.125500
    10 262.109094 254.155044 114.320593  58.173970  11.576133   9.353882   0.000000   2.222251  23.730908 281.268532 277.520790   0.124869   0.125596 279.995029   0.125471
    11 278.540260 255.361671 126.328642  64.713732  13.608248  11.128474   0.000000   2.479775  26.234196 281.738018 277.643621   0.124673   0.125594 280.239252   0.125437
    12 294.825024 256.615816 138.269069  71.148442  15.662280  12.912425   0.000000   2.749854  28.660779 282.206220 277.773809   0.124446   0.125592 280.489079   0.125397
    13 310.937318 257.950794 150.144725  77.328873  17.746883  14.712141   0.000000   3.034742  31.026874 282.678344 277.911070   0.124185   0.125590 280.750728   0.125352
    14 326.853391 259.358458 161.902904  83.405856  19.895582  16.558064   0.000000   3.337519  33.370913 283.152132 278.055062   0.123890   0.125588 281.022779   0.125301
    15 342.551494 260.801691 173.501138  89.489940  22.111271  18.454287   0.000000   3.656983  35.679490 283.621760 278.205260   0.123558   0.125585 281.298714   0.125244
    16 358.011615 262.254110 184.926907  95.547143  24.373798  20.383954   0.000000   3.989844  37.915495 284.083718 278.361059   0.123189   0.125582 281.574033   0.125182
    17 373.215268 263.698890 196.167063 101.560377  26.669121  22.335497   0.000000   4.333624  40.058610 284.535673 278.521823   0.122781   0.125579 281.845935   0.125114
    18 388.145307 265.122357 207.206980 107.529117  28.985527  24.299427   0.000000   4.686100  42.096950 284.975693 278.686903   0.122332   0.125576 282.112183   0.125040
    19 402.785774 266.512362 218.032639 113.454485  31.310843  26.265889   0.000000   5.044955  44.021529 285.402144 278.855646   0.121840   0.125572 282.370814   0.124960
    20 417.121775 267.861250 228.633861 119.320231  33.633249  28.225251   0.000000   5.407998  45.825487 285.814140 279.027420   0.121305   0.125568 282.620657   0.124875
    21 431.139368 269.166257 239.002265 125.104122  35.944044  30.170489   0.000000   5.773554  47.507035 286.211495 279.201642   0.120725   0.125563 282.861379   0.124784
    22 444.825472 270.427206 249.129108 130.789425  38.236799  32.096436   0.000000   6.140363  49.068967 286.594383 279.377779   0.120099   0.125559 283.093079   0.124687
    23 458.167792 271.645524 259.005957 136.360473  40.506111  33.998708   0.000000   6.507403  50.516226 286.963223 279.555355   0.119423   0.125554 283.316109   0.124585
    24 476.381544 272.823298 272.805714 141.804652  42.758068  35.874435   0.000000   6.883633  51.855073 287.414507 279.737549   0.118697   0.125549 283.536570   0.124478
    25 489.031768 273.962012 281.678944 150.210237  45.653494  38.322001   0.000000   7.331493  53.738706 287.738174 279.919323   0.117905   0.125543 283.742363   0.124364
    26 501.303995 275.114403 290.921185 154.511585  47.704912  40.021665   0.000000   7.683246  54.731958 288.078791 280.101570   0.117059   0.125538 283.950548   0.124244
    27 513.188552 276.189157 299.683119 159.858061  49.944437  41.887036   0.000000   8.057401  55.840542 288.394934 280.283520   0.116912   0.125532 284.144019   0.124120
    28 524.676294 277.228834 308.216375 164.648483  52.060142  43.642406   0.000000   8.417736  56.779902 288.701297 280.465012   0.116749   0.125525 284.330579   0.123991
    29 535.758573 278.224548 316.428908 169.407920  54.153089  45.377057   0.000000   8.776032  57.653997 288.993908 280.645739   0.116570   0.125519 284.508653   0.123857
    30 546.427216 279.181884 324.341164 173.966837  56.183202  47.055763   0.000000   9.127438  58.437180 289.274559 280.825476   0.116373   0.125512 284.679323   0.123718
    31 556.674497 280.101502 331.938713 178.377033  58.154869  48.682434   0.000000   9.472435  59.143583 289.543154 281.004001   0.116159   0.125505 284.842770   0.123575
    32 566.493120 280.985695 339.219007 182.618438  60.058858  50.249021   0.000000   9.809837  59.774076 289.800172 281.181118   0.115926   0.125498 284.999459   0.123428
    33 575.876204 281.836277 346.176265 186.693403  61.891943  51.752780   0.000000  10.139162  60.333381 290.045880 281.356647   0.115673   0.125491 285.149759   0.123277
    34 584.817264 282.655169 352.806214 190.596464  63.650546  53.190701   0.000000  10.459846  60.824635 290.280584 281.530424   0.115400   0.125483 285.294048   0.123123
    35 593.310204 283.444132 359.104501 194.324236  65.332495  54.561029   0.000000  10.771466  61.251120 290.504543 281.702299   0.115105   0.125475 285.432669   0.122964
    36 601.349298 284.204812 365.067166 197.872408  66.936076  55.862438   0.000000  11.073638  61.615708 290.718000 281.872132   0.114787   0.125467 285.565938   0.122803
    37 608.929187 284.938711 370.690462 201.276752  68.462926  57.096450   0.000000  11.366476  61.921073 290.920251 282.039762   0.114445   0.125459 285.694307   0.122639
    38 616.044869 285.648123 375.976800 204.491187  69.903580  58.255013   0.000000  11.648567  62.163419 291.111915 282.205054   0.114078   0.125450 285.818194   0.122471
    39 622.691687 286.334032 380.920421 207.526055  71.260615  59.340572   0.000000  11.920044  62.348030 291.293109 282.367880   0.113684   0.125442 285.937780   0.122302
    40 628.865330 286.997675 385.518784 210.373129  72.532653  60.352138   0.000000  12.180514  62.476605 291.464064 282.528124   0.113263   0.125433 286.053289   0.122129
    41 634.561822 287.640017 389.768698 213.030231  73.719877  61.290100   0.000000  12.429777  62.551581 291.624939 282.685678   0.112812   0.125424 286.164895   0.121955
    42 639.777518 288.261922 393.667515 215.493418  74.822681  62.155057   0.000000  12.667624  62.574823 291.775872 282.840440   0.112330   0.125415 286.272752   0.121779
    43 644.509101 288.864117 397.212796 217.759153  75.842377  62.948452   0.000000  12.893924  62.548022 291.916966 282.992313   0.111815   0.125406 286.376989   0.121602
    44 648.753579 289.447283 400.402503 219.823101  76.780748  63.672168   0.000000  13.108580  62.472567 292.048304 283.141205   0.111265   0.125397 286.477723   0.121423
    45 652.508280 290.012162 403.234985 221.680266  77.639672  64.328160   0.000000  13.311512  62.349699 292.169979 283.287026   0.110678   0.125388 286.575083   0.121243
    46 655.770848 290.559641 405.708942 223.325236  78.420829  64.918181   0.000000  13.502647  62.180668 292.282103 283.429695   0.110051   0.125378 286.669215   0.121062
    47 658.539247 291.090763 407.823321 224.752810  79.125631  65.443704   0.000000  13.681927  61.966858 292.384819 283.569133   0.109381   0.125369 286.760294   0.120880
    48 660.811751 291.606661 409.577244 225.958416  79.755240  65.905935   0.000000  13.849305  61.709799 292.478287 283.705271   0.108666   0.125359 286.848504   0.120698
    49 662.586950 292.108482 410.969973 226.938248  80.310624  66.305883   0.000000  14.004741  61.411111 292.562676 283.838045   0.107902   0.125350 286.934030   0.120515
    50 663.863741 292.597306 412.000893 227.689343  80.792614  66.644413   0.000000  14.148201  61.072419 292.638148 283.967395   0.107085   0.125340 287.017046   0.120332
    51 664.641335 293.074051 412.669495 228.209659  81.201916  66.922273   0.000000  14.279643  60.695271 292.704850 284.093270   0.106212   0.125330 287.097696   0.120149
    52 664.919250 293.539403 412.975373 228.498070  81.539085  67.140081   0.000000  14.399004  60.281057 292.762896 284.215619   0.105277   0.125320 287.176084   0.119967
    53 664.697315 293.993778 412.918246 228.554219  81.804500  67.298308   0.000000  14.506192  59.830940 292.812372 284.334395   0.104276   0.125311 287.252271   0.119785
    54 663.975667 294.437332 412.498001 228.378290  81.998368  67.397286   0.000000  14.601082  59.345836 292.853327 284.449552   0.103203   0.125301 287.326273   0.119603
    55 662.754752 294.870006 411.714725 227.970807  82.120742  67.437222   0.000000  14.683519  58.826427 292.885787 284.561044   0.102053   0.125291 287.398074   0.119422
    56 661.035327 295.291569 410.568725 227.332511  82.171554  67.418223   0.000000  14.753331  58.273205 292.909755 284.668824   0.100819   0.125281 287.467625   0.119242
    57 658.818456 295.701676 409.060545 226.464297  82.150649  67.340320   0.000000  14.810329  57.686520 292.925221 284.772846   0.099494   0.125271 287.534862   0.119063
    58 656.105517 296.099913 407.190978 225.367176  82.057838  67.203511   0.000000  14.854327  57.066628 292.932166 284.873061   0.098072   0.125261 287.599706   0.118885
    59 652.898200 296.485835 404.961069 224.042234  81.892963  67.007816   0.000000  14.885147  56.413731 292.930566 284.969422   0.096546   0.125252 287.662075   0.118708
    60 649.198507 296.858995 402.372128 222.490610  81.655957  66.753329   0.000000  14.902629  55.728004 292.920396 285.061879   0.094910   0.125242 287.721884   0.118533
    61 645.008758 297.218970 399.425734 220.713457  81.346904  66.440265   0.000000  14.906640  55.009615 292.901633 285.150384   0.093158   0.125232 287.779052   0.118360
    62 640.331587 297.565374 396.123738 218.711923  80.966068  66.068991   0.000000  14.897078  54.258744 292.874256 285.234886   0.091287   0.125222 287.833500   0.118189
    63 635.169953 297.897867 392.468264 216.487162  80.513916  65.640039   0.000000  14.873877  53.475588 292.838248 285.315338   0.089295   0.125213 287.885156   0.118020
    64 629.527135 298.216158 388.461708 214.040350  79.991115  65.154111   0.000000  14.837004  52.660371 292.793596 285.391690   0.087184   0.125203 287.933955   0.117853
    65 623.406742 298.520001 384.106736 211.372729  79.398526  64.612062   0.000000  14.786464  51.813343 292.740290 285.463894   0.084963   0.125194 287.979835   0.117688
    66 616.812711 298.809189 379.406281 208.485638  78.737187  64.014895   0.000000  14.722292  50.934775 292.678327 285.531904   0.082642   0.125184 288.022739   0.117526
    67 609.749317 299.083545 374.363544 205.380550  78.008289  63.363734   0.000000  14.644556  50.024960 292.607701 285.595673   0.080242   0.125175 288.062611   0.117367
    68 602.221176 299.342913 368.981994 202.059098  77.213163  62.659813   0.000000  14.553350  49.084196 292.528412 285.655156   0.077789   0.125165 288.099397   0.117210
    69 594.233253 299.587152 363.265369 198.523112  76.353253  61.904460   0.000000  14.448793  48.112791 292.440459 285.710310   0.075311   0.125156 288.133042   0.117057
    70 585.790866 299.816117 357.217675 194.774639  75.430103  61.099074   0.000000  14.331029  47.111045 292.343840 285.761090   0.072844   0.125147 288.163485   0.116907
    71 576.899699 300.029656 350.843189 190.815977  74.445333  60.245115   0.000000  14.200217  46.079250 292.238551 285.807454   0.070420   0.125138 288.190662   0.116759
    72 567.565807 300.227593 344.146463 186.649692  73.400622  59.344086   0.000000  14.056536  45.017680 292.124588 285.849361   0.068073   0.125130 288.214501   0.116616
    73 557.795629 300.409722 337.132325 182.290058  72.298584  58.398231   0.000000  13.900352  43.926586 292.001694 285.886761   0.065826   0.125121 288.234946   0.116475
    74 547.596003 300.576009 329.807444 177.727538  71.138696  57.407185   0.000000  13.731511  42.804534 291.869981 285.919608   0.063700   0.125112 288.251933   0.116338
    75 536.974177 300.726045 322.176430 172.969124  69.923742  56.373369   0.000000  13.550373  41.652610 291.729430 285.947861   0.061706   0.125104 288.265326   0.116205
    76 525.937826 300.859510 314.245023 168.017084  68.655442  55.298299   0.000000  13.357143  40.470986 291.580051 285.971475   0.059849   0.125096 288.274999   0.116076
    77 514.495075 300.976013 306.019078 162.875464  67.335815  54.183734   0.000000  13.152081  39.260026 291.421838 285.990412   0.058131   0.125088 288.280806   0.115951
    78 502.654516 301.075140 297.504875 157.548191  65.966787  53.031350   0.000000  12.935437  38.019981 291.254786 286.004631   0.056546   0.125080 288.282591   0.115829
    79 490.425237 301.156443 288.709046 152.039660  64.550318  51.842847   0.000000  12.707471  36.751090 291.078887 286.014093   0.055089   0.125072 288.280183   0.115712
    80 477.816851 301.219448 279.638623 146.354585  63.088364  50.619914   0.000000  12.468450  35.453563 290.894130 286.018760   0.053751   0.125064 288.273394   0.115599
    81 464.839530 301.263657 270.301060 140.498064  61.582885  49.364240   0.000000  12.218646  34.127592 290.700502 286.018594   0.052524   0.125057 288.262023   0.115490
    82 451.504044 301.288556 260.704270 134.475596  60.035848  48.077514   0.000000  11.958334  32.773355 290.497990 286.013558   0.051399   0.125050 288.245848   0.115386
    83 437.821809 301.293619 250.856657 128.293109  58.449223  46.761428   0.000000  11.687795  31.391022 290.286583 286.003617   0.050368   0.125043 288.224631   0.115286
    84 423.804940 301.278314 240.767165 121.957006  56.824981  45.417670   0.000000  11.407311  29.980761 290.066269 285.988735   0.049422   0.125036 288.198108   0.115190
    85 409.466315 301.242103 230.445328 115.474208  55.165096  44.047931   0.000000  11.117166  28.542740 289.837038 285.968876   0.048556   0.125029 288.165990   0.115099
    86 394.819646 301.184452 219.901327 108.852219  53.471539  42.653897   0.000000  10.817641  27.077132 289.598881 285.944007   0.047760   0.125023 288.127955   0.115012
    87 379.879570 301.104829 209.146064 102.099186  51.746271  41.237255   0.000000  10.509016  25.584119 289.351793 285.914095   0.047031   0.125017 288.083637   0.114930
    88 364.661749 301.002704 198.191241  95.223985  49.991242  39.799681   0.000000  10.191561  24.063888 289.095770 285.879107   0.046362   0.125011 288.032613   0.114853
    89 349.182992 300.877555 187.049459  88.236311  48.208379  38.342845   0.000000   9.865534  22.516642 288.830810 285.839011   0.045749   0.125005 287.974385   0.114780
    90 333.461400 300.728870 175.734331  81.146795  46.399577  36.868398   0.000000   9.531179  20.942590 288.556915 285.793779   0.045187   0.124999 287.908336   0.114712
    91 317.516536 300.556142 164.260629  73.967134  44.566687  35.377970   0.000000   9.188716  19.341955 288.274089 285.743379   0.044672   0.124994 287.833672   0.114649
    92 301.369632 300.358878 152.644442  66.710265  42.711494  33.873157   0.000000   8.838338  17.714967 287.982337 285.687785   0.044202   0.124989 287.749272   0.114591
    93 285.043833 300.136600 140.903386  59.390579  40.835695  32.355500   0.000000   8.480195  16.061864 287.681666 285.626968   0.043773   0.124984 287.653285   0.114537
    94 268.564502 299.888846 129.056852  52.024192  38.940850  30.826460   0.000000   8.114390  14.382879 287.372079 285.560904   0.043382   0.124979 287.540458   0.114488
    95 251.959572 299.615180 117.126310  44.629318  37.028324  29.287368   0.000000   7.740955  12.678228 287.053577 285.489566   0.043028   0.124975 287.405783   0.114444
    96 235.259997 299.315198 105.135700  37.226782  35.099173  27.739340   0.000000   7.359834  10.948076 286.726140 285.412928   0.042707   0.124971 287.251576   0.114404
    97 218.500280 298.988543  93.111918  29.840790  33.153959  26.183119   0.000000   6.970840   9.192480 286.389718 285.330965   0.042419   0.124967 287.079730   0.114370
    98 201.719146 298.634931  81.085464  22.500168  31.192368  24.618774   0.000000   6.573594   7.411275 286.044193 285.243645   0.042162   0.124963 286.891736   0.114340
    99 184.960353 298.254188  69.091316  15.240652  29.212400  23.045004   0.000000   6.167396   5.603835 285.689294 285.150929   0.041935   0.124959 286.688728   0.114315
   100 168.273713 297.846331  57.170225   8.109989  27.208187  21.457308   0.000000   5.750879   3.768554 285.324401 285.052756   0.041736   0.124956 286.471447   0.114295
   101 151.716355 297.411739  45.370914   1.184227  25.161353  19.840732   0.000000   5.320621   1.901515 284.947852 284.949004   0.041565   0.124953 286.239938   0.114280
   102 135.354305 296.951718  33.755362  -5.302490  22.968838  18.109706   0.000000   4.859132  -0.008070 284.551702 284.839254   0.041423   0.124950 285.846413   0.114270
   103 119.264457 296.489656  22.447345  -8.731096  18.100573  14.041308   0.000000   4.059265  -2.012860 284.070785 284.720592   0.041348   0.124948 285.477727   0.114272
   104 103.537032 295.898264  11.723089 -12.220186  14.715606  11.261960   0.000000   3.453646  -4.548648 283.528652 284.591315   0.041318   0.124947 285.059941   0.114283
   105  88.278616 295.128866   1.496090 -14.921515  11.626079   8.736150   0.000000   2.889929  -7.438639 282.919473 284.449651   0.041328   0.124945 284.585261   0.114302
   106  73.615845 294.224505  -8.066778 -17.172354   8.780614   6.414424   0.000000   2.366190 -10.711242 282.260124 284.294644   0.041375   0.124944 284.066761   0.114328
   107  59.699709 293.204433 -16.915917 -19.056390   6.238234   4.345961   0.000000   1.892273 -14.241640 281.570648 284.126189   0.041456   0.124943 283.517966   0.114359
   108  46.710194 292.077446 -25.002359 -20.596281   4.015941   2.545267   0.000000   1.470674 -17.888786 280.870304 283.944913   0.041567   0.124943 282.953719   0.114396
   109  34.860288 290.855739 -32.240887 -21.856715   2.112629   1.011534   0.000000   1.101095 -21.522265 280.181316 283.752220   0.041703   0.124943 282.392946   0.114438
   110  24.396919 289.559265 -38.523189 -22.941976   0.519959  -0.262883   0.000000   0.782841 -24.996323 279.531390 283.550424   0.041862   0.124943 281.858015   0.114483
   111  15.593004 288.199538 -43.751522 -23.887561  -0.777827  -1.293455   0.000000   0.515628 -28.133243 278.947164 283.342631   0.042040   0.124943 281.369784   0.114530
   112   8.717989 286.783313 -47.826921 -24.700797  -1.800706  -2.103082   0.000000   0.302376 -30.768269 278.451975 283.132532   0.042233   0.124943 280.947112   0.114580
   113   3.963047 285.323458 -50.688780 -25.407579  -2.565726  -2.716009   0.000000   0.150283 -32.763895 278.064898 282.924193   0.042439   0.124943 280.605341   0.114631
   114   1.291982 283.832616 -52.437177 -26.010910  -3.089685  -3.153107   0.000000   0.063423 -34.015064 277.791319 282.721500   0.042655   0.124944 280.348591   0.114683
   115   0.252888 282.322120 -53.441605 -26.492495  -3.408359  -3.438064   0.000000   0.029704 -34.511269 277.612662 282.527262   0.042878   0.124944 280.162403   0.114735
   116   0.033539 280.806575 -54.245482 -26.844486  -3.585334  -3.607585   0.000000   0.022251 -34.402196 277.489002 282.342498   0.043106   0.124944 280.016207   0.114788
   117   0.000000 279.301919 -55.150194 -27.081212  -3.691489  -3.712176   0.000000   0.020688 -33.974472 277.383543 282.166753   0.043338   0.124945 279.882459   0.114840
   118   0.000000 277.821819 -56.090480 -27.236937  -3.775227  -3.795406   0.000000   0.020179 -33.482473 277.281534 281.999101   0.043574   0.124945 279.750902   0.114892
   119   0.000000 276.375381 -57.014858 -27.345277  -3.855646  -3.875330   0.000000   0.019684 -33.022971 277.179404 281.838617   0.043813   0.124946 279.619620   0.114943
   120   0.000000 274.967438 -57.901857 -27.427432  -3.937410  -3.956597   0.000000   0.019187 -32.614493 277.077416 281.684519   0.044056   0.124946 279.489275   0.114995
   121   0.000000 273.599920 -58.750838 -27.493180  -4.020179  -4.038871   0.000000   0.018692 -32.249723 276.976268 281.536162   0.044303   0.124947 279.360623   0.115046
   122   0.000000 272.273673 -59.564240 -27.546873  -4.102880  -4.121084   0.000000   0.018203 -31.919259 276.876457 281.393009   0.044554   0.124947 279.234149   0.115097
   123   0.000000 270.988848 -60.344226 -27.589928  -4.184587  -4.202312   0.000000   0.017725 -31.615863 276.778230 281.254608   0.044809   0.124948 279.110095   0.115148
   124   0.000000 269.745527 -61.091842 -27.623303  -4.264713  -4.281972   0.000000   0.017259 -31.334642 276.669536 281.120098   0.045069   0.124948 278.979796   0.115198
   125   0.000000 268.543534 -61.751088 -27.682976  -4.106435  -4.123187   0.000000   0.016752 -31.153936 276.556538 280.988958   0.045326   0.124949 278.847871   0.115248
   126   0.000000 267.380081 -62.353522 -27.758073  -3.892324  -3.908542   0.000000   0.016218 -31.026943 276.444585 280.860933   0.045579   0.124949 278.718145   0.115296
   127   0.000000 266.252462 -62.926703 -27.835084  -3.687705  -3.703385   0.000000   0.015680 -30.914435 276.334875 280.735846   0.045829   0.124950 278.591348   0.115344
   128   0.000000 265.159227 -63.477570 -27.908900  -3.488271  -3.503417   0.000000   0.015146 -30.806793 276.227538 280.613544   0.046075   0.124950 278.467488   0.115390
   129   0.000000 264.099508 -64.007535 -27.977424  -3.293799  -3.308417   0.000000   0.014618 -30.702043 276.122485 280.493890   0.046317   0.124950 278.346461   0.115435
   130   0.000000 263.072732 -64.516702 -28.040345  -3.104322  -3.118419   0.000000   0.014097 -30.599841 276.019646 280.376761   0.046555   0.124951 278.228205   0.115480
   131   0.000000 262.078280 -65.005318 -28.097778  -2.919867  -2.933452   0.000000   0.013584 -30.499801 275.918980 280.262043   0.046788   0.124951 278.112682   0.115523
   132   0.000000 261.115515 -65.473767 -28.150130  -2.740446  -2.753527   0.000000   0.013081 -30.401437 275.820467 280.149635   0.047018   0.124951 277.999870   0.115565
   133   0.000000 260.183671 -65.922671 -28.197713  -2.566031  -2.578618   0.000000   0.012587 -30.304175 275.724088 280.039448   0.047242   0.124952 277.889743   0.115607
   134   0.000000 259.281939 -66.352691 -28.240927  -2.396604  -2.408708   0.000000   0.012104 -30.207519 275.629824 279.931398   0.047463   0.124952 277.782270   0.115647
   135   0.000000 258.409396 -66.764610 -28.280042  -2.232133  -2.243766   0.000000   0.011632 -30.111019 275.537647 279.825411   0.047679   0.124952 277.677411   0.115687
   136   0.000000 257.565085 -67.159193 -28.315378  -2.072606  -2.083778   0.000000   0.011173 -30.014348 275.447526 279.721418   0.047891   0.124953 277.575116   0.115726
   137   0.000000 256.747956 -67.537283 -28.347123  -1.918000  -1.928725   0.000000   0.010725 -29.917247 275.359415 279.619355   0.048098   0.124953 277.475323   0.115764
   138   0.000000 255.956939 -67.899689 -28.375496  -1.768312  -1.778602   0.000000   0.010290 -29.819576 275.273268 279.519162   0.048300   0.124953 277.377961   0.115801
   139   0.000000 255.190896 -68.247267 -28.400585  -1.623531  -1.633399   0.000000   0.009868 -29.721255 275.189024 279.420782   0.048499   0.124953 277.282949   0.115837
   140   0.000000 254.448682 -68.580827 -28.422501  -1.483661  -1.493119   0.000000   0.009458 -29.622306 275.106620 279.324163   0.048692   0.124953 277.190198   0.115872
   141   0.000000 253.729109 -68.901205 -28.441231  -1.348698  -1.357759   0.000000   0.009061 -29.522803 275.025981 279.229252   0.048881   0.124954 277.099610   0.115907
   142   0.000000 253.031004 -69.209178 -28.456788  -1.218648  -1.227324   0.000000   0.008676 -29.422900 274.947030 279.135999   0.049066   0.124954 277.011082   0.115941
   143   0.000000 252.353167 -69.505535 -28.469073  -1.093507  -1.101810   0.000000   0.008303 -29.322784 274.869683 279.044356   0.049247   0.124954 276.924505   0.115975
   144   0.000000 251.694435 -69.790997 -28.478024  -0.973279  -0.981222   0.000000   0.007942 -29.222706 274.793854 278.954274   0.049423   0.124954 276.839766   0.116007
   145   0.000000 251.053643 -70.066284 -28.485179  -0.857974  -0.865567   0.000000   0.007593 -29.122935 274.719521 278.865708   0.049595   0.124954 276.756820   0.116039
   146   0.000000 250.429553 -70.332482 -28.489177  -0.747406  -0.754661   0.000000   0.007255 -29.023306 274.646570 278.778614   0.049763   0.124954 276.675517   0.116071
   147   0.000000 249.821068 -70.590113 -28.489481  -0.641620  -0.648547   0.000000   0.006928 -28.924307 274.574881 278.692945   0.049927   0.124954 276.595717   0.116101
   148   0.000000 249.227180 -70.839601 -28.485840  -0.540645  -0.547256   0.000000   0.006611 -28.826444 274.504350 278.608655   0.050086   0.124954 276.517296   0.116132
   149   0.000000 248.646913 -71.081397 -28.477990  -0.444470  -0.450775   0.000000   0.006305 -28.730136 274.434875 278.525698   0.050242   0.124954 276.440131   0.116161
   150   0.000000 248.079360 -71.315912 -28.465749  -0.353062  -0.359070   0.000000   0.006008 -28.635764 274.366363 278.444028   0.050395   0.124954 276.364112   0.116190
   151   0.000000 247.523656 -71.543548 -28.448906  -0.266360  -0.272081   0.000000   0.005721 -28.543658 274.298724 278.363600   0.050544   0.124954 276.289131   0.116219
   152   0.000000 246.979015 -71.764652 -28.427346  -0.184288  -0.189731   0.000000   0.005443 -28.454130 274.231877 278.284368   0.050689   0.124954 276.215092   0.116247
   153   0.000000 246.444706 -71.979549 -28.400940  -0.106747  -0.111920   0.000000   0.005173 -28.367440 274.165742 278.206288   0.050831   0.124954 276.141902   0.116274
   154   0.000000 245.920078 -72.188508 -28.369657  -0.033623  -0.038535   0.000000   0.004912 -28.283824 274.100250 278.129316   0.050969   0.124954 276.069480   0.116301
   155   0.000000 245.404543 -72.391778 -28.333464   0.035222   0.030564   0.000000   0.004659 -28.203466 274.035337 278.053411   0.051105   0.124954 275.997754   0.116328
   156   0.000000 244.897586 -72.589562 -28.292422   0.099941   0.095528   0.000000   0.004413 -28.126515 273.970948 277.978530   0.051238   0.124954 275.926659   0.116354
   157   0.000000 244.398760 -72.782036 -28.246603   0.160703   0.156528   0.000000   0.004175 -28.053071 273.907034 277.904633   0.051368   0.124954 275.856141   0.116380
   158   0.000000 243.907680 -72.969349 -28.196151   0.217694   0.213750   0.000000   0.003944 -27.983194 273.843554 277.831683   0.051495   0.124954 275.786156   0.116405
   159   0.000000 243.424028 -73.151621 -28.141242   0.271112   0.267391   0.000000   0.003721 -27.916898 273.780476 277.759641   0.051620   0.124954 275.716667   0.116430
   160   0.000000 242.947529 -73.328966 -28.082085   0.321167   0.317663   0.000000   0.003504 -27.854158 273.717772 277.688474   0.051742   0.124954 275.647646   0.116454
   161   0.000000 242.477979 -73.501456 -28.018948   0.368073   0.364779   0.000000   0.003294 -27.794912 273.655423 277.618146   0.051862   0.124954 275.579076   0.116478
   162   0.000000 242.015186 -73.669189 -27.952078   0.412056   0.408965   0.000000   0.003091 -27.739058 273.593416 277.548627   0.051980   0.124954 275.510940   0.116502
   163   0.000000 241.559037 -73.832206 -27.881819   0.453334   0.450440   0.000000   0.002894 -27.686477 273.531743 277.479887   0.052095   0.124954 275.443236   0.116526
   164   0.000000 241.109395 -73.990607 -27.808411   0.492137   0.489433   0.000000   0.002704 -27.637006 273.470398 277.411897   0.052209   0.124954 275.375956   0.116549
   165   0.000000 240.666217 -74.144403 -27.732266   0.528672   0.526152   0.000000   0.002520 -27.590492 273.409385 277.344632   0.052321   0.124954 275.309109   0.116572
   166   0.000000 240.229384 -74.293722 -27.653563   0.563165   0.560823   0.000000   0.002342 -27.546727 273.347286 277.278013   0.052430   0.124954 275.241800   0.116594
   167   0.000000 239.798907 -74.432177 -27.586441   0.632935   0.630767   0.000000   0.002167 -27.515086 273.285778 277.212032   0.052537   0.124954 275.175115   0.116616
   168   0.000000 239.373846 -74.568224 -27.514595   0.685510   0.683511   0.000000   0.001998 -27.483777 273.224616 277.146672   0.052640   0.124954 275.108820   0.116638
   169   0.000000 238.954325 -74.700635 -27.439929   0.737650   0.735816   0.000000   0.001835 -27.454391 273.163741 277.081914   0.052741   0.124954 275.042893   0.116659
   170   0.000000 238.540343 -74.829148 -27.363346   0.788349   0.786672   0.000000   0.001677 -27.427207 273.104824 277.017805   0.052840   0.124954 274.978379   0.116680
   171   0.000000 238.132045 -74.961101 -27.268344   0.793274   0.791777   0.000000   0.001496 -27.390862 273.045602 276.954298   0.052937   0.124954 274.913861   0.116701
   172   0.000000 237.730202 -75.085599 -27.178630   0.823710   0.822372   0.000000   0.001339 -27.360869 272.986635 276.891373   0.053033   0.124953 274.849779   0.116722
   173   0.000000 237.334658 -75.205300 -27.089973   0.851174   0.849986   0.000000   0.001187 -27.333160 272.928055 276.829015   0.053128   0.124953 274.786195   0.116742
   174   0.000000 236.944766 -75.321421 -26.999520   0.877931   0.876889   0.000000   0.001042 -27.306718 272.869812 276.767210   0.053221   0.124953 274.723034   0.116762
   175   0.000000 236.560693 -75.433569 -26.908263   0.903767   0.902864   0.000000   0.000903 -27.281785 272.811915 276.705942   0.053312   0.124953 274.660302   0.116782
   176   0.000000 236.181782 -75.542423 -26.814476   0.928830   0.928061   0.000000   0.000769 -27.258191 272.754290 276.645196   0.053402   0.124953 274.597908   0.116801
   177   0.000000 235.808285 -75.647407 -26.719501   0.952939   0.952298   0.000000   0.000641 -27.236342 272.696947 276.584956   0.053490   0.124953 274.535855   0.116821
   178   0.000000 235.439243 -75.749493 -26.620642   0.976250   0.975731   0.000000   0.000519 -27.216060 272.595823 276.523509   0.053577   0.124953 274.446859   0.116840
   179   0.000000 235.075056 -75.651889 -26.995998   0.670203   0.669872   0.000000   0.000331 -27.493799 272.551596 276.463197   0.053677   0.124953 274.393759   0.116859
   180   0.000000 234.687347 -75.830938 -26.728110   0.515437   0.515189   0.000000   0.000248 -27.381205 272.511977 276.404101   0.053785   0.124953 274.340590   0.116880
   181   0.000000 234.310772 -76.019795 -26.373447   0.381555   0.381376   0.000000   0.000179 -27.244870 272.471892 276.346103   0.053899   0.124953 274.287545   0.116900
   182   0.000000 233.954286 -76.187170 -26.046336   0.250670   0.250555   0.000000   0.000115 -27.119476 272.432528 276.289142   0.054018   0.124953 274.236141   0.116921
   183   0.000000 233.615009 -76.341137 -25.734328   0.126431   0.126374   0.000000   0.000057 -26.996298 272.393980 276.233171   0.054144   0.124953 274.186256   0.116942
   184   0.000000 233.288600 -76.486326 -25.428932   0.008696   0.008693   0.000000   0.000004 -26.874341 272.355979 276.178140   0.054274   0.124953 274.137453   0.116963
   185   0.000000 232.975192 -76.621411 -25.135878  -0.103782  -0.103738  -0.000000  -0.000044 -26.755127 272.318582 276.124005   0.054410   0.124953 274.089774   0.116984
   186   0.000000 232.670567 -76.750727 -24.845704  -0.211116  -0.211027  -0.000000  -0.000088 -26.637964 272.281476 276.070718   0.054551   0.124953 274.042786   0.117006
   187   0.000000 232.376702 -76.870970 -24.569457  -0.314535  -0.314406  -0.000000  -0.000129 -26.524690 272.244874 276.018242   0.054696   0.124953 273.996741   0.117027
   188   0.000000 232.088736 -76.987791 -24.293360  -0.413556  -0.413390  -0.000000  -0.000166 -26.413575 272.208400 275.966531   0.054847   0.124953 273.951139   0.117049
   189   0.000000 231.810570 -77.095743 -24.034155  -0.509529  -0.509329  -0.000000  -0.000200 -26.306915 272.172429 275.915558   0.055001   0.124953 273.906438   0.117071
   190   0.000000 231.535919 -77.202580 -23.771392  -0.601417  -0.601186  -0.000000  -0.000231 -26.201907 272.136452 275.865281   0.055160   0.124953 273.861981   0.117093
   191   0.000000 231.271064 -77.299953 -23.529880  -0.690953  -0.690693  -0.000000  -0.000260 -26.101802 272.101047 275.815681   0.055324   0.124953 273.818480   0.117115
   192   0.000000 231.007472 -77.398697 -23.279607  -0.776445  -0.776160  -0.000000  -0.000286 -26.002440 272.065496 275.766716   0.055491   0.124953 273.775020   0.117137
   193   0.000000 230.754326 -77.486723 -23.056049  -0.860256  -0.859946  -0.000000  -0.000310 -25.908539 272.030626 275.718378   0.055663   0.124953 273.732631   0.117160
   194   0.000000 230.500235 -77.578747 -22.817502  -0.939909  -0.939578  -0.000000  -0.000331 -25.814258 271.995464 275.670622   0.055838   0.124953 273.690069   0.117182
   195   0.000000 230.257588 -77.658433 -22.611495  -1.018539  -1.018188  -0.000000  -0.000352 -25.726102 271.961106 275.623450   0.056017   0.124953 273.648726   0.117205
   196   0.000000 230.011890 -77.744697 -22.384144  -1.092844  -1.092475  -0.000000  -0.000369 -25.636410 271.926315 275.576817   0.056200   0.124953 273.606992   0.117228
   197   0.000000 229.778720 -77.816950 -22.194703  -1.166735  -1.166349  -0.000000  -0.000386 -25.553516 271.892439 275.530731   0.056387   0.124954 273.566627   0.117250
   198   0.000000 229.540589 -77.898125 -21.978184  -1.236155  -1.235756  -0.000000  -0.000400 -25.468042 271.858008 275.485144   0.056577   0.124954 273.525665   0.117273
   199   0.000000 229.315970 -77.963789 -21.803944  -1.305685  -1.305272  -0.000000  -0.000413 -25.389957 271.824580 275.440072   0.056771   0.124954 273.486206   0.117296
   200   0.000000 229.084731 -78.040371 -21.597884  -1.370666  -1.370242  -0.000000  -0.000424 -25.308445 271.790495 275.395465   0.056968   0.124954 273.445962   0.117319
   201   0.000000 228.867785 -78.100236 -21.437278  -1.436185  -1.435750  -0.000000  -0.000435 -25.234794 271.757473 275.351344   0.057168   0.124954 273.407325   0.117342
   202   0.000000 228.642830 -78.172624 -21.241175  -1.497154  -1.496711  -0.000000  -0.000443 -25.157092 271.723713 275.307656   0.057371   0.124954 273.367740   0.117365
   203   0.000000 228.432707 -78.227416 -21.092559  -1.559002  -1.558551  -0.000000  -0.000451 -25.087604 271.691047 275.264426   0.057578   0.124955 273.329832   0.117388
   204   0.000000 228.213446 -78.295956 -20.905766  -1.616371  -1.615915  -0.000000  -0.000456 -25.013656 271.657578 275.221602   0.057788   0.124955 273.290838   0.117411
   205   0.000000 228.009318 -78.346329 -20.767530  -1.674887  -1.674424  -0.000000  -0.000462 -24.948167 271.625210 275.179209   0.058000   0.124955 273.253558   0.117434
   206   0.000000 227.795165 -78.411336 -20.589310  -1.729049  -1.728583  -0.000000  -0.000466 -24.877989 271.591992 275.137195   0.058216   0.124955 273.215080   0.117457
   207   0.000000 227.596233 -78.457880 -20.459958  -1.784562  -1.784093  -0.000000  -0.000470 -24.816421 271.559863 275.095587   0.058434   0.124955 273.178325   0.117480
   208   0.000000 227.386610 -78.519648 -20.289551  -1.835885  -1.835414  -0.000000  -0.000471 -24.750071 271.526848 275.054334   0.058656   0.124956 273.140285   0.117504
   209   0.000000 227.192121 -78.562885 -20.167759  -1.888710  -1.888237  -0.000000  -0.000473 -24.692397 271.494898 275.013461   0.058880   0.124956 273.103957   0.117527
   210   0.000000 226.986464 -78.621693 -20.004437  -1.937524  -1.937051  -0.000000  -0.000473 -24.629943 271.462039 274.972919   0.059106   0.124956 273.066280   0.117550
   211   0.000000 226.795721 -78.662086 -19.889064  -1.987948  -1.987475  -0.000000  -0.000473 -24.576157 271.430212 274.932734   0.059335   0.124956 273.030287   0.117573
   212   0.000000 226.593502 -78.718202 -19.732165  -2.034548  -2.034077  -0.000000  -0.000471 -24.517655 271.397464 274.892856   0.059567   0.124957 272.992902   0.117596
   213   0.000000 226.405874 -78.756163 -19.622246  -2.082829  -2.082360  -0.000000  -0.000470 -24.467748 271.365709 274.853313   0.059801   0.124957 272.957162   0.117620
   214   0.000000 226.206603 -78.809838 -19.471190  -2.127470  -2.127004  -0.000000  -0.000466 -24.413228 271.333030 274.814055   0.060037   0.124957 272.920007   0.117643
   215   0.000000 226.021525 -78.845732 -19.365918  -2.173831  -2.173367  -0.000000  -0.000464 -24.367175 271.301304 274.775109   0.060276   0.124957 272.884449   0.117666
   216   0.000000 225.824760 -78.897202 -19.220208  -2.216730  -2.216271  -0.000000  -0.000459 -24.316638 271.268658 274.736428   0.060517   0.124958 272.847468   0.117689
   217   0.000000 225.641736 -78.931352 -19.124523  -2.261567  -2.261112  -0.000000  -0.000455 -24.274390 271.237136 274.698046   0.060761   0.124958 272.812281   0.117712
   218   0.000000 225.446786 -78.982059 -18.989721  -2.302653  -2.302205  -0.000000  -0.000449 -24.226368 271.204861 274.659922   0.061006   0.124958 272.775847   0.117736
   219   0.000000 225.265012 -79.016722 -18.898872  -2.345193  -2.344750  -0.000000  -0.000443 -24.185433 271.173600 274.622088   0.061254   0.124958 272.741077   0.117759
   220   0.000000 225.071839 -79.066945 -18.770722  -2.384378  -2.383942  -0.000000  -0.000435 -24.139418 271.141594 274.584501   0.061504   0.124959 272.705087   0.117782
   221   0.000000 224.891652 -79.101353 -18.685319  -2.425046  -2.424618  -0.000000  -0.000429 -24.100354 271.110573 274.547193   0.061755   0.124959 272.670724   0.117805
   222   0.000000 224.700473 -79.150790 -18.563626  -2.462507  -2.462087  -0.000000  -0.000420 -24.056340 271.078835 274.510123   0.062008   0.124959 272.635175   0.117828
   223   0.000000 224.522012 -79.184794 -18.483314  -2.501427  -2.501015  -0.000000  -0.000412 -24.019022 271.048055 274.473321   0.062264   0.124960 272.601212   0.117852
   224   0.000000 224.332915 -79.233361 -18.367596  -2.537263  -2.536861  -0.000000  -0.000402 -23.976867 271.016580 274.436749   0.062521   0.124960 272.566094   0.117875
   225   0.000000 224.156246 -79.266877 -18.292020  -2.574544  -2.574152  -0.000000  -0.000393 -23.941183 270.986039 274.400435   0.062779   0.124960 272.532521   0.117898
   226   0.000000 223.969264 -79.314531 -18.181819  -2.608854  -2.608472  -0.000000  -0.000381 -23.900771 270.954823 274.364341   0.063039   0.124960 272.497820   0.117921
   227   0.000000 223.794416 -79.347506 -18.110654  -2.644602  -2.644231  -0.000000  -0.000371 -23.866632 270.924516 274.328497   0.063301   0.124961 272.464624   0.117944
   228   0.000000 223.609546 -79.394229 -18.005553  -2.677476  -2.677117  -0.000000  -0.000359 -23.827866 270.893551 274.292865   0.063564   0.124961 272.430326   0.117967
   229   0.000000 223.436525 -79.426623 -17.938509  -2.711790  -2.711442  -0.000000  -0.000348 -23.795200 270.863474 274.257473   0.063828   0.124961 272.397496   0.117990
   230   0.000000 223.253747 -79.472410 -17.838133  -2.743316  -2.742980  -0.000000  -0.000335 -23.757997 270.832752 274.222286   0.064093   0.124962 272.363586   0.118013
   231   0.000000 223.082543 -79.504197 -17.774948  -2.776288  -2.775964  -0.000000  -0.000323 -23.726739 270.802899 274.187331   0.064360   0.124962 272.331108   0.118036
   232   0.000000 222.901827 -79.549051 -17.678963  -2.806544  -2.806235  -0.000000  -0.000310 -23.691024 270.772414 274.152573   0.064628   0.124962 272.297571   0.118059
   233   0.000000 222.732421 -79.580216 -17.619402  -2.838259  -2.837962  -0.000000  -0.000297 -23.661115 270.742779 274.118038   0.064896   0.124963 272.265434   0.118082
   234   0.000000 222.553728 -79.624148 -17.527512  -2.867321  -2.867038  -0.000000  -0.000283 -23.626816 270.712523 274.083694   0.065166   0.124963 272.232257   0.118105
   235   0.000000 222.386095 -79.654682 -17.471362  -2.897854  -2.897585  -0.000000  -0.000269 -23.598198 270.683101 274.049565   0.065437   0.124963 272.200448   0.118127
   236   0.000000 222.209384 -79.697707 -17.383303  -2.925790  -2.925536  -0.000000  -0.000254 -23.565249 270.653068 274.015620   0.065708   0.124964 272.167619   0.118150
   237   0.000000 222.043494 -79.727608 -17.330373  -2.955212  -2.954972  -0.000000  -0.000240 -23.537865 270.623854 273.981883   0.065980   0.124964 272.136128   0.118173
   238   0.000000 221.868722 -79.769747 -17.245909  -2.982084  -2.981860  -0.000000  -0.000224 -23.506201 270.594038 273.948323   0.066252   0.124965 272.103635   0.118196
   239   0.000000 221.704545 -79.799019 -17.196025  -3.010459  -3.010249  -0.000000  -0.000210 -23.479995 270.565029 273.914965   0.066525   0.124965 272.072453   0.118218
   240   0.000000 221.531666 -79.840293 -17.114947  -3.036324  -3.036131  -0.000000  -0.000193 -23.449551 270.535425 273.881777   0.066799   0.124965 272.040285   0.118241
   241   0.000000 221.369168 -79.868946 -17.067953  -3.063709  -3.063531  -0.000000  -0.000178 -23.424466 270.506616 273.848784   0.067073   0.124966 272.009405   0.118264
   242   0.000000 221.198140 -79.909378 -16.990076  -3.088620  -3.088459  -0.000000  -0.000161 -23.395181 270.477219 273.815957   0.067347   0.124966 271.977553   0.118286
   243   0.000000 221.037287 -79.937424 -16.945829  -3.115069  -3.114923  -0.000000  -0.000145 -23.371160 270.448608 273.783318   0.067621   0.124966 271.946966   0.118309
   244   0.000000 220.868066 -79.977043 -16.870986  -3.139074  -3.138946  -0.000000  -0.000128 -23.342972 270.419416 273.750838   0.067896   0.124967 271.915422   0.118331
   245   0.000000 220.708826 -80.004496 -16.829360  -3.164634  -3.164522  -0.000000  -0.000112 -23.319957 270.390999 273.718543   0.068170   0.124967 271.885122   0.118354
   246   0.000000 220.541373 -80.043328 -16.757404  -3.187777  -3.187683  -0.000000  -0.000094 -23.292803 270.362010 273.686400   0.068444   0.124968 271.853881   0.118376
   247   0.000000 220.383714 -80.070207 -16.718286  -3.212492  -3.212415  -0.000000  -0.000077 -23.270736 270.333786 273.654437   0.068719   0.124968 271.823863   0.118398
   248   0.000000 220.217990 -80.108281 -16.649083  -3.234813  -3.234754  -0.000000  -0.000059 -23.244552 270.304997 273.622622   0.068993   0.124968 271.792918   0.118421
   249   0.000000 220.061884 -80.134604 -16.612372  -3.258722  -3.258680  -0.000000  -0.000042 -23.223373 270.276966 273.590980   0.069267   0.124969 271.763179   0.118443
   250   0.000000 219.897854 -80.171948 -16.545806  -3.280258  -3.280235  -0.000000  -0.000024 -23.198097 270.248376 273.559483   0.069540   0.124969 271.732526   0.118465
   251   0.000000 219.743275 -80.197736 -16.511411  -3.303398  -3.303392  -0.000000  -0.000006 -23.177745 270.220538 273.528154   0.069813   0.124969 271.703062   0.118488
   252   0.000000 219.580908 -80.234379 -16.447374  -3.324181  -3.324194  -0.000000   0.000013 -23.153311 270.192147 273.496965   0.070086   0.124970 271.672698   0.118510
   253   0.000000 219.427833 -80.259650 -16.406886  -3.346060  -3.346090  -0.000000   0.000031 -23.133725 270.164121 273.465926   0.070358   0.124970 271.643084   0.118532
   254   0.000000 219.267529 -80.293551 -16.337287  -3.366213  -3.366262  -0.000000   0.000050 -23.112638 270.135252 273.434999   0.070630   0.124971 271.612277   0.118554
   255   0.000000 219.116439 -80.314899 -16.298502  -3.388382  -3.388450  -0.000000   0.000068 -23.098230 270.106845 273.404199   0.070900   0.124971 271.582315   0.118576
   256   0.000000 218.957643 -80.345765 -16.229383  -3.408537  -3.408625  -0.000000   0.000087 -23.081479 270.077619 273.373491   0.071170   0.124972 271.551156   0.118598
   257   0.000000 218.807415 -80.364809 -16.189930  -3.430620  -3.430726  -0.000000   0.000106 -23.071109 270.048830 273.342892   0.071440   0.124972 271.520794   0.118620
   258   0.000000 218.649287 -80.393452 -16.120464  -3.450709  -3.450835  -0.000000   0.000126 -23.058436 270.019216 273.312368   0.071708   0.124972 271.489228   0.118642
   259   0.000000 218.499216 -80.410743 -16.079910  -3.472713  -3.472858  -0.000000   0.000145 -23.052065 269.990008 273.281934   0.071976   0.124973 271.458413   0.118664
   260   0.000000 218.341191 -80.437554 -16.010018  -3.492767  -3.492932  -0.000000   0.000166 -23.043479 269.959977 273.251558   0.072243   0.124973 271.426400   0.118685
   261   0.000000 218.190754 -80.453479 -15.968118  -3.514697  -3.514882  -0.000000   0.000185 -23.041069 269.930322 273.221257   0.072509   0.124974 271.395093   0.118707
   262   0.000000 218.032408 -80.478749 -15.897793  -3.534732  -3.534938  -0.000000   0.000206 -23.036543 269.899852 273.190998   0.072774   0.124974 271.362603   0.118729
   263   0.000000 217.881199 -80.493611 -15.854374  -3.556582  -3.556809  -0.000000   0.000227 -23.038027 269.869726 273.160799   0.073038   0.124974 271.330775   0.118751
   264   0.000000 217.722201 -80.517565 -15.783646  -3.576600  -3.576848  -0.000000   0.000249 -23.037506 269.838801 273.130628   0.073300   0.124975 271.297787   0.118772
   265   0.000000 217.569898 -80.531611 -15.738596  -3.598353  -3.598623  -0.000000   0.000270 -23.042792 269.808189 273.100503   0.073562   0.124975 271.265416   0.118794
   266   0.000000 217.409986 -80.554434 -15.667515  -3.618346  -3.618638  -0.000000   0.000292 -23.046199 269.776796 273.070394   0.073823   0.124976 271.231916   0.118815
   267   0.000000 217.256333 -80.567864 -15.620774  -3.639978  -3.640293  -0.000000   0.000314 -23.055182 269.745684 273.040316   0.074082   0.124976 271.198986   0.118837
   268   0.000000 217.095299 -80.589709 -15.549402  -3.659929  -3.660266  -0.000000   0.000338 -23.062423 269.713816 273.010243   0.074340   0.124977 271.164963   0.118859
   269   0.000000 216.940094 -80.602687 -15.500953  -3.681412  -3.681773  -0.000000   0.000361 -23.074986 269.682196 272.980189   0.074597   0.124977 271.131466   0.118880
   270   0.000000 216.777774 -80.623682 -15.429366  -3.701297  -3.701681  -0.000000   0.000385 -23.085952 269.649848 272.950130   0.074852   0.124977 271.096914   0.118901
   271   0.000000 216.620859 -80.636344 -15.379235  -3.722599  -3.723008  -0.000000   0.000408 -23.101970 269.617715 272.920078   0.075107   0.124978 271.062844   0.118923
   272   0.000000 216.457126 -80.656597 -15.307514  -3.742389  -3.742822  -0.000000   0.000433 -23.116538 269.584886 272.890011   0.075360   0.124978 271.027763   0.118944
   273   0.000000 216.298384 -80.669055 -15.255760  -3.763476  -3.763934  -0.000000   0.000458 -23.135877 269.552240 272.859942   0.075611   0.124979 270.993119   0.118966
   274   0.000000 216.133142 -80.688660 -15.183994  -3.783137  -3.783621  -0.000000   0.000484 -23.153914 269.518929 272.829848   0.075861   0.124979 270.957512   0.118987
   275   0.000000 215.972489 -80.701004 -15.130709  -3.803972  -3.804481  -0.000000   0.000509 -23.176432 269.485773 272.799743   0.076110   0.124980 270.922299   0.119008
   276   0.027633 215.805669 -80.697938 -15.058990  -3.823448  -3.824005  -0.000000   0.000556 -23.197792 269.452604 272.769629   0.076357   0.124980 270.886562   0.119029
   277   0.203197 215.643051 -80.572454 -14.997075  -3.842440  -3.843158  -0.000000   0.000718 -23.219177 269.423024 272.739649   0.076603   0.124981 270.853357   0.119051
   278   1.107522 215.474982 -79.884738 -14.878607  -3.851714  -3.853181  -0.000000   0.001467 -23.216377 269.410052 272.710428   0.076846   0.124981 270.830134   0.119072
   279   3.564375 215.313173 -78.020409 -14.579263  -3.821691  -3.825142  -0.000000   0.003451 -23.102630 269.436039 272.683385   0.077086   0.124982 270.831590   0.119093
   280   8.077987 215.158476 -74.671376 -13.821374  -3.700868  -3.707645  -0.000000   0.006777 -22.731420 269.515764 272.660365   0.077320   0.124982 270.866348   0.119113
   281  14.722480 215.042860 -69.811127 -12.452108  -3.454908  -3.465547  -0.000000   0.010638 -22.012208 269.652863 272.643175   0.077542   0.124982 270.938132   0.119133
   282  23.323192 214.989321 -63.573386 -10.381975  -3.070863  -3.084535  -0.000000   0.013672 -20.932186 269.840260 272.633186   0.077747   0.124983 271.043297   0.119151
   283  33.614580 215.039280 -56.100952  -7.690110  -2.559498  -2.574104  -0.000000   0.014606 -19.550481 270.068562 272.631289   0.077932   0.124983 271.178672   0.119168
   284  45.322071 215.210218 -47.557184  -4.438787  -1.935104  -1.947946  -0.000000   0.012842 -17.939092 270.326567 272.637884   0.078092   0.124983 271.338645   0.119182
   285  58.195178 215.529012 -38.069074  -0.807704  -1.219972  -1.228603  -0.000000   0.008631 -16.179219 270.606809 272.653070   0.078225   0.124984 271.521240   0.119195
   286  72.017060 215.990638 -27.783530   3.087248  -0.424104  -0.427069  -0.000000   0.002965 -14.323822 270.905403 272.676810   0.078327   0.124984 271.783404   0.119204
   287  86.604211 222.122111 -11.470071 -16.838371  -0.184339  -0.183471  -0.000000  -0.000868 -12.399848 271.953898 272.737102   0.078421   0.124984 272.884968   0.119213
   288 101.802621 221.102787  -4.912535   9.822664   3.390128   3.380212   0.000000   0.009916  -5.482428 272.049444 272.793960   0.078380   0.124983 272.886750   0.119211
   289 117.483153 226.876458  12.809373 -13.662202   3.110688   3.064618   0.000000   0.046069  -5.211615 273.041851 272.882365   0.078350   0.124983 273.918572   0.119209
   290 133.537169 226.034972  20.416563  11.846855   6.664007   6.572377   0.000000   0.091630   1.116399 273.179664 272.966690   0.078185   0.124982 273.949578   0.119197
   291 149.872779 229.954436  36.669341  -2.932169   7.023752   6.871172   0.000000   0.152581   1.490820 273.854299 273.068257   0.078004   0.124981 274.632627   0.119183
   292 166.411727 229.798270  46.712233  13.030220   8.835416   8.636162   0.000000   0.199254   5.502298 275.054974 273.205781   0.077749   0.124980 275.106872   0.119164
   293 183.086877 232.235700  56.956175  36.259911  12.625214  12.249392   0.000000   0.375821  12.944357 275.534373 273.348386   0.077342   0.124979 275.589674   0.119134
   294 199.840189 234.731208  70.579164  36.741412  12.184067  11.678320   0.000000   0.505747  15.301909 276.239628 273.504676   0.076946   0.124977 276.135557   0.119106
   295 216.621099 237.826716  83.748677  40.287429  12.551539  11.842069   0.000000   0.709470  19.144661 277.033841 273.677118   0.076532   0.124976 276.783381   0.119077
   296 233.385225 240.915697  96.457503  46.941811  13.301530  12.334111   0.000000   0.967419  23.497061 277.810493 273.863865   0.076086   0.124974 277.418756   0.119047
   297 250.093324 243.956049 109.125227  53.731228  14.038562  12.776274   0.000000   1.262288  27.626394 278.573578 274.063432   0.075609   0.124972 278.037321   0.119015
   298 266.710453 247.237483 121.987823  59.092888  14.590898  12.986337   0.000000   1.604562  31.571023 279.363874 274.276057   0.075112   0.124971 278.691494   0.118983
   299 283.205292 250.530605 134.603617  65.772987  15.207867  13.208024   0.000000   1.999843  35.614719 280.141170 274.500416   0.074596   0.124969 279.338518   0.118951
   300 299.549591 253.690876 147.000814  73.262911  15.694771  13.263833   0.000000   2.430938  39.485281 280.888620 274.734681   0.074068   0.124967 279.953955   0.118918
   301 315.717721 256.644919 159.171278  81.383135  15.996777  13.111276   0.000000   2.885500  43.077574 281.588504 274.976525   0.073541   0.124965 280.524415   0.118887
   302 331.686303 259.396925 171.190725  89.406260  16.496221  13.145575   0.000000   3.350646  46.283850 282.198718 275.222236   0.073007   0.124963 281.043905   0.118855
   303 347.433903 261.958560 183.266613  95.613209  19.249094  15.451699   0.000000   3.797395  48.835378 282.779297 275.470755   0.072359   0.124961 281.526182   0.118816
   304 362.940782 264.304378 195.068453 102.281475  21.929757  17.687395   0.000000   4.242362  51.159789 283.322751 275.720824   0.071600   0.124958 281.966871   0.118770
   305 378.188686 266.482505 206.668436 108.761047  24.507016  19.826050   0.000000   4.680966  53.213488 283.837781 275.971612   0.070735   0.124955 282.375177   0.118718
   306 393.160668 268.510262 218.029183 115.219152  27.016298  21.900826   0.000000   5.115472  55.063183 284.326751 276.222431   0.069770   0.124952 282.754494   0.118659
   307 407.840945 270.408488 229.148605 121.568047  29.458930  23.913744   0.000000   5.545186  56.730244 284.793187 276.472764   0.068713   0.124948 283.108840   0.118594
   308 422.214769 272.192937 240.014263 127.814353  31.843597  25.873118   0.000000   5.970479  58.242959 285.239395 276.722207   0.067571   0.124945 283.441198   0.118523
   309 436.268330 273.885029 250.625760 133.885335  34.174572  27.782830   0.000000   6.391742  59.620316 285.668528 276.970484   0.066354   0.124940 283.755436   0.118447
   310 449.988660 275.506211 260.978774 139.741756  36.462670  29.652241   0.000000   6.810429  60.886305 286.083635 277.217438   0.065074   0.124936 284.055334   0.118365
   311 463.363562 277.070493 271.062584 145.395774  38.719245  31.491276   0.000000   7.227969  62.063379 286.486589 277.462972   0.063744   0.124931 284.343367   0.118277
   312 481.650953 278.583140 285.079857 150.881213  40.960753  33.304675   0.000000   7.656077  63.165324 286.956480 277.710011   0.062376   0.124926 284.632296   0.118184
   313 494.330359 280.044605 294.204481 159.423446  43.671471  35.530478   0.000000   8.140993  64.725282 287.326919 277.954779   0.060966   0.124921 284.897172   0.118085
   314 506.630370 281.517210 303.543629 163.799148  45.779602  37.229446   0.000000   8.550156  65.604977 287.705513 278.198003   0.059550   0.124916 285.163306   0.117980
   315 518.541369 282.891258 312.425769 169.145069  47.982225  39.010417   0.000000   8.971808  66.552568 288.063121 278.439192   0.058137   0.124910 285.410730   0.117871
   316 530.054262 284.217848 321.045921 173.910582  50.077603  40.697353   0.000000   9.380250  67.367501 288.410865 278.678318   0.056741   0.124904 285.648533   0.117756
   317 541.160446 285.487485 329.330523 178.615248  52.136450  42.351949   0.000000   9.784501  68.127824 288.745973 278.915230   0.055374   0.124898 285.875071   0.117637
   318 551.851785 286.707636 337.295529 183.093218  54.134788  43.953591   0.000000  10.181197  68.815201 289.069830 279.149828   0.054043   0.124891 286.091714   0.117513
   319 562.120589 287.879716 344.929488 187.392179  56.078333  45.507434   0.000000  10.570899  69.440012 289.382404 279.382009   0.052756   0.124885 286.298762   0.117385
   320 571.959592 289.006815 352.230345 191.490435  57.963053  47.010184   0.000000  10.952868  70.002765 289.684077 279.611678   0.051518   0.124878 286.496805   0.117253
   321 581.361941 290.091243 359.193388 195.389998  59.788286  48.461452   0.000000  11.326834  70.506788 289.975042 279.838746   0.050332   0.124870 286.686296   0.117117
   322 590.321175 291.135322 365.815197 199.085993  61.552286  49.859905   0.000000  11.692381  70.954066 290.255503 280.063128   0.049200   0.124863 286.867685   0.116977
   323 598.831217 292.141131 372.092339 202.576104  63.253639  51.204500   0.000000  12.049139  71.346624 290.525622 280.284741   0.048121   0.124855 287.041380   0.116833
   324 606.886361 293.110561 378.021698 205.858225  64.890849  52.494121   0.000000  12.396728  71.686165 290.785527 280.503505   0.047096   0.124848 287.207757   0.116686
   325 614.481266 294.045290 383.600384 208.957150  66.463798  53.728763   0.000000  12.735035  71.974154 291.034791 280.719323   0.046123   0.124840 287.367168   0.116535
   326 621.610941 294.947135 388.828936 211.847324  67.966711  54.903683   0.000000  13.063028  72.208275 291.273610 280.932102   0.045200   0.124831 287.519995   0.116382
   327 628.270746 295.817185 393.704056 214.536562  69.399087  56.018633   0.000000  13.380454  72.390552 291.501948 281.141751   0.044326   0.124823 287.666490   0.116225
   328 634.456378 296.656726 398.224164 217.022324  70.758710  57.071899   0.000000  13.686811  72.521375 291.719818 281.348178   0.043499   0.124815 287.806936   0.116066
   329 640.163872 297.466868 402.387493 219.305521  72.043940  58.062265   0.000000  13.981675  72.601479 291.927200 281.551291   0.042715   0.124806 287.941587   0.115904
   330 645.389593 298.248658 406.192637 221.386204  73.253027  58.988423   0.000000  14.264604  72.631365 292.124071 281.750998   0.041974   0.124797 288.070685   0.115741
   331 650.130230 299.003056 409.638373 223.264893  74.384354  59.849183   0.000000  14.535171  72.611512 292.310397 281.947207   0.041271   0.124788 288.194458   0.115575
   332 654.382798 299.730957 412.723711 224.942064  75.436382  60.643425   0.000000  14.792957  72.542331 292.486141 282.139826   0.040606   0.124779 288.313118   0.115407
   333 658.144631 300.433222 415.447889 226.418190  76.407711  61.370151   0.000000  15.037560  72.424200 292.651262 282.328764   0.039976   0.124770 288.426874   0.115238
   334 661.413378 301.110701 417.810379 227.693599  77.297111  62.028509   0.000000  15.268602  72.257493 292.805728 282.513928   0.039379   0.124761 288.535926   0.115067
   335 664.187007 301.764250 419.810876 228.768497  78.103562  62.617832   0.000000  15.485730  72.042599 292.949506 282.695228   0.038814   0.124751 288.640473   0.114895
   336 666.463795 302.394697 421.449246 229.643094  78.826253  63.137627   0.000000  15.688626  71.779946 293.082575 282.872576   0.038277   0.124742 288.740704   0.114722
   337 668.242334 303.002803 422.725493 230.317732  79.464537  63.587547   0.000000  15.876990  71.469992 293.204911 283.045883   0.037768   0.124732 288.836794   0.114549
   338 669.521525 303.589223 423.639738 230.792887  80.017887  63.967345   0.000000  16.050542  71.113199 293.316493 283.215061   0.037286   0.124723 288.928894   0.114375
   339 670.300580 304.154500 424.192221 231.069076  80.485866  64.276853   0.000000  16.209014  70.710019 293.417298 283.380027   0.036827   0.124713 289.017133   0.114200
   340 670.579017 304.699075 424.383312 231.146747  80.868135  64.515986   0.000000  16.352149  70.260898 293.507307 283.540695   0.036392   0.124704 289.101617   0.114026
   341 670.356665 305.223308 424.213514 231.026216  81.164480  64.684767   0.000000  16.479713  69.766288 293.586507 283.696983   0.035980   0.124694 289.182432   0.113852
   342 669.633662 305.727496 423.683471 230.707631  81.374850  64.783356   0.000000  16.591494  69.226666 293.654889 283.848811   0.035588   0.124684 289.259650   0.113678
   343 668.410452 306.211893 422.793971 230.190939  81.499389  64.812074   0.000000  16.687315  68.642546 293.712456 283.996100   0.035215   0.124674 289.333327   0.113504
   344 666.687791 306.676729 421.545951 229.475850  81.538465  64.771435   0.000000  16.767030  68.014497 293.759223 284.138774   0.034862   0.124664 289.403509   0.113332
   345 664.466743 307.122217 419.940498 228.561849  81.492697  64.662161   0.000000  16.830536  67.343149 293.795217 284.276760   0.034526   0.124655 289.470231   0.113160
   346 661.748680 307.548556 417.978841 227.448242  81.362954  64.485181   0.000000  16.877773  66.629198 293.820475 284.409989   0.034207   0.124645 289.533518   0.112990
   347 658.535291 307.955914 415.662341 226.134241  81.150330  64.241610   0.000000  16.908719  65.873407 293.835049 284.538394   0.033904   0.124635 289.593385   0.112821
   348 654.828573 308.344418 412.992486 224.619016  80.856100  63.932713   0.000000  16.923387  65.076590 293.838998 284.661912   0.033617   0.124625 289.649830   0.112653
   349 650.630840 308.714140 409.970894 222.901731  80.481693  63.559871   0.000000  16.921822  64.239601 293.832388 284.780485   0.033344   0.124616 289.702838   0.112488
   350 645.944724 309.065098 406.599318 220.981560  80.028658  63.124561   0.000000  16.904096  63.363323 293.815294 284.894057   0.033085   0.124606 289.752377   0.112324
   351 640.773174 309.397251 402.879656 218.857685  79.498658  62.628347   0.000000  16.870311  62.448660 293.787796 285.002577   0.032840   0.124597 289.798401   0.112163
   352 635.119464 309.710512 398.813960 216.529305  78.893465  62.072873   0.000000  16.820592  61.496537 293.749981 285.105996   0.032608   0.124587 289.840850   0.112004
   353 628.987192 310.004749 394.404453 213.995643  78.214958  61.459863   0.000000  16.755094  60.507892 293.701941 285.204272   0.032388   0.124578 289.879653   0.111847
   354 622.380287 310.279797 389.653535 211.255964  77.465123  60.791125   0.000000  16.673998  59.483678 293.643773 285.297364   0.032180   0.124569 289.914727   0.111693
   355 615.303013 310.535460 384.563798 208.309596  76.646049  60.068538   0.000000  16.577511  58.424860 293.575581 285.385236   0.031983   0.124559 289.945980   0.111542
   356 607.759973 310.771520 379.138041 205.155952  75.759921  59.294056   0.000000  16.465866  57.332413 293.497472 285.467855   0.031797   0.124550 289.973312   0.111393
   357 599.756116 310.987738 373.379275 201.794551  74.809011  58.469691   0.000000  16.339320  56.207319 293.409559 285.545192   0.031622   0.124541 289.996619   0.111248
   358 591.296745 311.183862 367.290743 198.225048  73.795668  57.597513   0.000000  16.198155  55.050565 293.311957 285.617223   0.031457   0.124532 290.015787   0.111106
   359 582.387526 311.359628 360.875931 194.447257  72.722309  56.679637   0.000000  16.042673  53.863140 293.204787 285.683925   0.031302   0.124524 290.030702   0.110967
   360 573.034492 311.514768 354.138578 190.461178  71.591406  55.718211   0.000000  15.873195  52.646032 293.088171 285.745281   0.031156   0.124515 290.041243   0.110832
   361 563.244060 311.649006 347.082698 186.279013  70.406236  54.715990   0.000000  15.690246  51.400228 292.962003 285.801268   0.031020   0.124507 290.047289   0.110701
   362 553.023040 311.762203 339.714003 181.887540  69.167273  53.673473   0.000000  15.493799  50.125148 292.826528 285.851870   0.030892   0.124498 290.048736   0.110573
   363 542.378651 311.853913 332.036280 177.290889  67.877986  52.593618   0.000000  15.284368  48.822610 292.681884 285.897077   0.030774   0.124490 290.045425   0.110449
   364 531.318533 311.923878 324.054422 172.488395  66.540958  51.478634   0.000000  15.062324  47.493648 292.528238 285.936883   0.030664   0.124482 290.037228   0.110328
   365 519.850773 311.971823 315.773477 167.481278  65.159046  50.330953   0.000000  14.828092  46.139484 292.365750 285.971286   0.030562   0.124474 290.024013   0.110212
   366 507.983918 311.997520 307.198952 162.270619  63.735051  49.152955   0.000000  14.582096  44.761247 292.194584 286.000290   0.030468   0.124467 290.005652   0.110100
   367 495.727009 312.000771 298.336752 156.857964  62.271839  47.947068   0.000000  14.324772  43.360058 292.014902 286.023900   0.030382   0.124459 289.982025   0.109991
   368 483.089600 311.981421 289.193227 151.245163  60.772317  46.715754   0.000000  14.056563  41.937015 291.826870 286.042127   0.030303   0.124452 289.953015   0.109887
   369 470.081800 311.939356 279.775192 145.434469  59.239423  45.461506   0.000000  13.777918  40.493203 291.630655 286.054984   0.030233   0.124445 289.918507   0.109788
   370 456.714307 311.874496 270.089956 139.428577  57.676099  44.186813   0.000000  13.489286  39.029697 291.426427 286.062489   0.030169   0.124438 289.878391   0.109692
   371 442.998452 311.786793 260.145342 133.230706  56.085240  42.894130   0.000000  13.191110  37.547563 291.214358 286.064663   0.030112   0.124431 289.832557   0.109601
   372 428.946256 311.676219 249.949732 126.844656  54.469651  41.585832   0.000000  12.883819  36.047864 290.994624 286.061530   0.030063   0.124425 289.780891   0.109514
   373 414.570486 311.542765 239.512101 120.274872  52.832016  40.264197   0.000000  12.567819  34.531660 290.767406 286.053118   0.030021   0.124418 289.723275   0.109431
   374 399.884730 311.386438 228.842078 113.526486  51.174878  38.931384   0.000000  12.243494  33.000015 290.532887 286.039457   0.029985   0.124412 289.659581   0.109353
   375 384.903481 311.207265 217.950005 106.605365  49.500636  37.589441   0.000000  11.911196  31.454009 290.291259 286.020582   0.029956   0.124406 289.589665   0.109279
   376 369.642235 311.005300 206.847017  99.518154  47.811550  36.240306   0.000000  11.571244  29.894737 290.042722 285.996531   0.029933   0.124401 289.513360   0.109209
   377 354.117607 310.780625 195.545136  92.272323  46.109752  34.885834   0.000000  11.223919  28.323332 289.787485 285.967347   0.029917   0.124395 289.430459   0.109144
   378 338.347475 310.533361 184.057375  84.876235  44.397266  33.527806   0.000000  10.869461  26.740969 289.525772 285.933075   0.029908   0.124390 289.340677   0.109083
   379 322.351141 310.263677 172.397877  77.339220  42.676016  32.167955   0.000000  10.508060  25.148879 289.257819 285.893766   0.029904   0.124385 289.243551   0.109027
   380 306.149532 309.971793 160.582059  69.671680  40.947838  30.807984   0.000000  10.139854  23.548370 288.983880 285.849475   0.029907   0.124380 289.137823   0.108975
   381 289.765438 309.657995 148.626808  61.885220  39.214487  29.449575   0.000000   9.764911  21.940839 288.704232 285.800263   0.029916   0.124375 289.022576   0.108927
   382 273.223800 309.322639 136.550699  53.992819  37.477633  28.094407   0.000000   9.383226  20.327789 288.419174 285.746196   0.029932   0.124371 288.898505   0.108883
   383 256.552056 308.966163 124.374272  46.009051  35.738850  26.744157   0.000000   8.994694  18.710851 288.129033 285.687347   0.029953   0.124366 288.766255   0.108844
   384 239.780567 308.589098 112.120364  37.950390  33.999592  25.400497   0.000000   8.599095  17.091802 287.834167 285.623798   0.029981   0.124362 288.626445   0.108809
   385 222.943134 308.192083  99.814530  29.835628  32.261138  24.065074   0.000000   8.196064  15.472579 287.534962 285.555636   0.030014   0.124358 288.479673   0.108778
   386 206.077638 307.775882  87.485567  21.686525  30.524492  22.739450   0.000000   7.785042  13.855280 287.231834 285.482958   0.030054   0.124355 288.326530   0.108751
   387 189.226822 307.341409  75.166190  13.528931  28.790153  21.424942   0.000000   7.365211  12.242131 286.925207 285.405869   0.030100   0.124351 288.167594   0.108728
   388 172.439271 306.889768  62.893955   5.395304  27.057440  20.122111   0.000000   6.935329  10.635361 286.615442 285.324480   0.030152   0.124348 288.003418   0.108709
   389 155.770621 306.422327  50.712657  -2.664863  25.320634  18.827752   0.000000   6.492881   9.036736 286.302470 285.238886   0.030209   0.124345 287.684290   0.108694
   390 139.285079 306.143199  38.871865  -8.072928  20.665905  15.074262   0.000000   5.591643   7.445085 285.916972 285.146428   0.030289   0.124342 287.494014   0.108691
   391 123.057315 305.606131  27.354846 -15.157424  18.517965  13.402415   0.000000   5.115549   5.393810 285.546048 285.048172   0.030377   0.124340 287.236908   0.108693
   392 107.174822 304.698810  15.672244 -19.051837  16.116930  11.548337   0.000000   4.568593   3.485131 285.087791 284.941025   0.030476   0.124338 286.920113   0.108701
   393  91.740849 303.744115   4.740455 -24.501462  13.696046   9.681645   0.000000   4.014401   1.027359 284.622104 284.825378   0.030585   0.124337 286.585784   0.108714
   394  76.877972 302.557533  -5.932964 -28.795577  11.394923   7.926798   0.000000   3.468124  -1.422919 284.121639 284.700480   0.030705   0.124335 286.215643   0.108733
   395  62.732318 301.254356 -15.981789 -33.114578   9.135038   6.211130   0.000000   2.923909  -4.051886 283.610966 284.566619   0.030835   0.124334 285.826127   0.108757
   396  49.478223 299.787791 -25.437966 -36.797490   6.977436   4.586572   0.000000   2.390864  -6.689573 283.088138 284.423964   0.030975   0.124333 285.417225   0.108785
   397  37.322556 298.211307 -34.075202 -40.202502   4.921806   3.047608   0.000000   1.874198  -9.350783 282.570082 284.273326   0.031125   0.124333 285.000650   0.108818
   398  26.506668 296.511414 -41.798463 -43.053660   3.018616   1.632066   0.000000   1.386550 -11.922707 282.063789 284.115701   0.031284   0.124332 284.583333   0.108856
   399  17.301029 294.736284 -48.378713 -45.571349   1.295950   0.351727   0.000000   0.944223 -14.363382 281.589234 283.952770   0.031453   0.124332 284.179861   0.108897
   400   9.981604 292.888112 -53.690166 -47.537073  -0.187048  -0.758421   0.000000   0.571373 -16.544753 281.157698 283.786489   0.031630   0.124332 283.799224   0.108941
   401   4.766434 291.007704 -57.571550 -49.021288  -1.397857  -1.691472   0.000000   0.293615 -18.401539 280.784594 283.619231   0.031814   0.124332 283.453695   0.108988
   402   1.681876 289.121935 -60.047823 -49.935393  -2.306893  -2.433229   0.000000   0.126336 -19.842462 280.476681 283.453406   0.032004   0.124333 283.149211   0.109037
   403   0.368355 287.267378 -61.400548 -50.278385  -2.936183  -2.991579   0.000000   0.055396 -20.837076 280.229497 283.291020   0.032199   0.124333 282.884716   0.109087
   404   0.049169 285.479177 -62.192256 -50.123180  -3.358398  -3.396005   0.000000   0.037607 -21.430661 280.024767 283.133179   0.032398   0.124333 282.650365   0.109138
   405   0.000000 283.789628 -62.880445 -49.674600  -3.667144  -3.700972   0.000000   0.033828 -21.758886 279.842615 282.980119   0.032601   0.124334 282.435222   0.109190
   406   0.000000 282.209054 -63.534595 -49.126708  -3.924365  -3.956940   0.000000   0.032575 -21.962533 279.673655 282.831715   0.032806   0.124334 282.234529   0.109242
   407   0.000000 280.738192 -64.147524 -48.605709  -4.155118  -4.186552   0.000000   0.031434 -22.106416 279.515817 282.687802   0.033015   0.124335 282.047082   0.109294
   408   0.000000 279.363638 -64.721929 -48.111221  -4.363589  -4.393975   0.000000   0.030386 -22.203893 279.367574 282.548199   0.033226   0.124335 281.871205   0.109347
   409   0.000000 278.074843 -65.260454 -47.645134  -4.552936  -4.582356   0.000000   0.029420 -22.264377 279.223862 282.412569   0.033440   0.124336 281.703182   0.109400
   410   0.000000 276.861908 -65.748225 -47.248297  -4.606857  -4.635359   0.000000   0.028502 -22.320950 279.075386 282.280259   0.033655   0.124336 281.536902   0.109452
   411   0.000000 275.713793 -66.151407 -47.019137  -4.310596  -4.338168   0.000000   0.027571 -22.434111 278.931993 282.151092   0.033869   0.124337 281.377782   0.109504
   412   0.000000 274.614202 -66.532916 -46.820111  -4.047187  -4.073848   0.000000   0.026662 -22.533690 278.794503 282.024952   0.034080   0.124337 281.225050   0.109554
   413   0.000000 273.555802 -66.903664 -46.613130  -3.794462  -3.820245   0.000000   0.025783 -22.613141 278.661922 281.901707   0.034289   0.124338 281.077637   0.109603
   414   0.000000 272.537309 -67.260043 -46.407776  -3.555179  -3.580112   0.000000   0.024933 -22.678495 278.533902 281.781237   0.034496   0.124338 280.935239   0.109651
   415   0.000000 271.555656 -67.603263 -46.200899  -3.328854  -3.352964   0.000000   0.024111 -22.731344 278.410021 281.663421   0.034701   0.124339 280.797440   0.109698
   416   0.000000 270.609593 -67.932453 -45.997349  -3.115459  -3.138776   0.000000   0.023317 -22.773800 278.290118 281.548155   0.034904   0.124339 280.664060   0.109744
   417   0.000000 269.696268 -68.249530 -45.792488  -2.914158  -2.936709   0.000000   0.022551 -22.806258 278.173850 281.435335   0.035106   0.124339 280.534736   0.109789
   418   0.000000 268.814895 -68.553562 -45.590982  -2.724744  -2.746556   0.000000   0.021812 -22.830397 278.061108 281.324872   0.035305   0.124340 280.409353   0.109833
   419   0.000000 267.962855 -68.846505 -45.388214  -2.546294  -2.567393   0.000000   0.021099 -22.846346 277.951593 281.216674   0.035502   0.124340 280.287585   0.109876
   420   0.000000 267.139778 -69.127249 -45.189069  -2.378556  -2.398968   0.000000   0.020412 -22.855566 277.845240 281.110663   0.035698   0.124340 280.169375   0.109918
   421   0.000000 266.343116 -69.397898 -44.988570  -2.220568  -2.240317   0.000000   0.019749 -22.857965 277.741773 281.006760   0.035891   0.124341 280.054407   0.109960
   422   0.000000 265.572881 -69.657093 -44.792076  -2.072122  -2.091232   0.000000   0.019110 -22.854913 277.641163 280.904896   0.036083   0.124341 279.942675   0.110001
   423   0.000000 264.826456 -69.907190 -44.593824  -1.932237  -1.950731   0.000000   0.018494 -22.846128 277.543139 280.804998   0.036273   0.124341 279.833855   0.110041
   424   0.000000 264.104217 -70.146502 -44.399978  -1.800816  -1.818716   0.000000   0.017900 -22.833016 277.447705 280.707007   0.036462   0.124341 279.727986   0.110080
   425   0.000000 263.403376 -70.377714 -44.203637  -1.676862  -1.694189   0.000000   0.017327 -22.815112 277.354578 280.610855   0.036648   0.124342 279.624718   0.110119
   426   0.000000 262.724658 -70.598758 -44.011998  -1.560429  -1.577203   0.000000   0.016774 -22.793940 277.263793 280.516488   0.036833   0.124342 279.524133   0.110157
   427   0.000000 262.065034 -70.812701 -43.816731  -1.450502  -1.466742   0.000000   0.016240 -22.768867 277.175043 280.423844   0.037017   0.124342 279.425844   0.110194
   428   0.000000 261.425550 -71.017064 -43.626189  -1.347307  -1.363032   0.000000   0.015725 -22.741603 277.088390 280.332871   0.037199   0.124342 279.329967   0.110231
   429   0.000000 260.802898 -71.215305 -43.430422  -1.249813  -1.265040   0.000000   0.015227 -22.711367 277.003493 280.243509   0.037380   0.124342 279.236067   0.110267
   430   0.000000 260.198395 -71.404538 -43.238914  -1.158430  -1.173176   0.000000   0.014746 -22.680112 276.920429 280.155708   0.037559   0.124342 279.144288   0.110303
   431   0.000000 259.608448 -71.588578 -43.040091  -1.072117  -1.086397   0.000000   0.014280 -22.646957 276.838821 280.069409   0.037736   0.124342 279.054142   0.110338
   432   0.000000 259.034562 -71.764187 -42.844358  -0.991462  -1.005290   0.000000   0.013828 -22.614116 276.758750 279.984562   0.037913   0.124343 278.965784   0.110373
   433   0.000000 258.472907 -71.935431 -42.660039  -0.915541  -0.928932   0.000000   0.013391 -22.580685 276.680405 279.901129   0.038088   0.124343 278.879202   0.110407
   434   0.000000 257.923864 -72.102808 -42.475156  -0.843280  -0.856247   0.000000   0.012967 -22.545067 276.603563 279.819066   0.038261   0.124343 278.794270   0.110441
   435   0.000000 257.384619 -72.267992 -42.283045  -0.774859  -0.787415   0.000000   0.012557 -22.508521 276.527828 279.738321   0.038433   0.124343 278.710520   0.110474
   436   0.000000 256.857092 -72.427255 -42.094331  -0.710975  -0.723133   0.000000   0.012158 -22.473445 276.453277 279.658846   0.038605   0.124343 278.628138   0.110507
   437   0.000000 256.337887 -72.584235 -41.896830  -0.650725  -0.662495   0.000000   0.011770 -22.438983 276.379534 279.580586   0.038774   0.124343 278.546622   0.110539
   438   0.000000 255.828557 -72.735671 -41.700270  -0.594814  -0.606205   0.000000   0.011391 -22.407363 276.306653 279.503491   0.038943   0.124343 278.466144   0.110571
   439   0.000000 255.326231 -72.884589 -41.495949  -0.542441  -0.553463   0.000000   0.011022 -22.377868 276.234355 279.427506   0.039111   0.124343 278.386298   0.110603
   440   0.000000 254.831918 -73.028706 -41.290573  -0.493997  -0.504659   0.000000   0.010662 -22.352060 276.162658 279.352582   0.039277   0.124343 278.307219   0.110634
   441   0.000000 254.343777 -73.169880 -41.080845  -0.448880  -0.459189   0.000000   0.010309 -22.329473 276.091431 279.278668   0.039442   0.124343 278.228653   0.110665
   442   0.000000 253.861873 -73.307442 -40.867174  -0.407002  -0.416967   0.000000   0.009964 -22.310661 276.020593 279.205714   0.039607   0.124343 278.150619   0.110696
   443   0.000000 253.385863 -73.441345 -40.653787  -0.368207  -0.377834   0.000000   0.009627 -22.295845 275.950192 279.133678   0.039770   0.124343 278.073058   0.110726
   444   0.000000 252.914173 -73.573325 -40.430952  -0.331825  -0.341121   0.000000   0.009296 -22.284398 275.879950 279.062508   0.039933   0.124343 277.995765   0.110756
   445   0.000000 252.448844 -73.700118 -40.215500  -0.298492  -0.307464   0.000000   0.008973 -22.277906 275.810179 278.992171   0.040094   0.124343 277.918981   0.110786
   446   0.000000 251.985295 -73.827607 -39.980231  -0.266612  -0.275268   0.000000   0.008655 -22.273943 275.740241 278.922610   0.040255   0.124344 277.842115   0.110815
   447   0.000000 251.530125 -73.946442 -39.767874  -0.238195  -0.246539   0.000000   0.008344 -22.276581 275.671007 278.853807   0.040415   0.124344 277.766015   0.110844
   448   0.000000 251.073013 -74.070652 -39.516177  -0.209689  -0.217729   0.000000   0.008039 -22.279597 275.601142 278.785692   0.040574   0.124344 277.689366   0.110873
   449   0.000000 250.629019 -74.179471 -39.318777  -0.185696  -0.193435   0.000000   0.007740 -22.291855 275.532607 278.718281   0.040733   0.124344 277.614157   0.110902
   450   0.000000 250.177676 -74.301784 -39.047607  -0.158876  -0.166324   0.000000   0.007448 -22.299722 275.462803 278.651482   0.040890   0.124344 277.537765   0.110930
   451   0.000000 249.747684 -74.397786 -38.882137  -0.138496  -0.145656   0.000000   0.007160 -22.320757 275.395451 278.585359   0.041047   0.124344 277.464030   0.110958
   452   0.000000 249.302968 -74.519583 -38.590251  -0.111090  -0.117973   0.000000   0.006883 -22.329356 275.325998 278.519789   0.041203   0.124344 277.388245   0.110986
   453   0.000000 248.891149 -74.600050 -38.473812  -0.093106  -0.099715   0.000000   0.006609 -22.356536 275.260554 278.454902   0.041358   0.124344 277.316856   0.111013
   454   0.000000 248.455470 -74.722294 -38.163389  -0.062717  -0.069064   0.000000   0.006347 -22.360431 275.192039 278.390533   0.041512   0.124344 277.242310   0.111040
   455   0.000000 248.066433 -74.785427 -38.108324  -0.045619  -0.051708   0.000000   0.006089 -22.389463 275.129316 278.326886   0.041666   0.124344 277.174259   0.111067
   456   0.000000 247.643190 -74.908514 -37.785107  -0.010279  -0.016124   0.000000   0.005846 -22.382987 275.062514 278.263750   0.041818   0.124344 277.101748   0.111094
   457   0.000000 247.281138 -74.953766 -37.797123   0.007433   0.001829   0.000000   0.005604 -22.408652 275.003280 278.201398   0.041970   0.124344 277.037959   0.111121
   458   0.000000 246.873658 -75.077930 -37.466562   0.048917   0.043536   0.000000   0.005381 -22.386825 274.938942 278.139572   0.042120   0.124344 276.968221   0.111147
   459   0.000000 246.541703 -75.105675 -37.545671   0.068193   0.063035   0.000000   0.005158 -22.404411 274.883783 278.078607   0.042270   0.124344 276.909372   0.111173
   460   0.000000 246.152341 -75.231249 -37.209737   0.116070   0.111115   0.000000   0.004955 -22.363765 274.822439 278.018194   0.042418   0.124344 276.842901   0.111198
   461   0.000000 245.852028 -75.242352 -37.352078   0.136949   0.132198   0.000000   0.004751 -22.370286 274.771665 277.958718   0.042565   0.124344 276.789326   0.111224
   462   0.000000 245.481875 -75.369623 -37.009836   0.190560   0.185992   0.000000   0.004567 -22.309376 274.713559 277.899820   0.042711   0.124344 276.726330   0.111249
   463   0.000000 245.213228 -75.365125 -37.210077   0.212292   0.207911   0.000000   0.004382 -22.303826 274.667222 277.841929   0.042856   0.124344 276.678058   0.111274
   464   0.000000 244.862272 -75.494274 -36.859352   0.270413   0.266196   0.000000   0.004217 -22.222952 274.612373 277.784633   0.042998   0.124344 276.618526   0.111298
   465   0.000000 244.624311 -75.475150 -37.113061   0.291862   0.287815   0.000000   0.004047 -22.205817 274.570371 277.728402   0.043140   0.124344 276.575402   0.111323
   466   0.000000 244.291793 -75.606388 -36.751199   0.353183   0.349284   0.000000   0.003899 -22.106216 274.518660 277.672772   0.043280   0.124343 276.519200   0.111346
   467   0.000000 244.083125 -75.573393 -37.055906   0.373189   0.369444   0.000000   0.003745 -22.078781 274.480838 277.618255   0.043419   0.124343 276.481001   0.111370
   468   0.000000 243.767896 -75.707069 -36.679959   0.436636   0.433024   0.000000   0.003613 -21.961922 274.432086 277.564335   0.043556   0.124343 276.427938   0.111394
   469   0.000000 243.587083 -75.660739 -37.027797   0.454200   0.450728   0.000000   0.003472 -21.925741 274.398098 277.511559   0.043692   0.124343 276.394278   0.111417
   470   0.000000 243.288234 -75.796120 -36.628958   0.518401   0.515047   0.000000   0.003354 -21.794225 274.351847 277.459357   0.043826   0.124343 276.343915   0.111440
   471   0.000000 243.134204 -75.735371 -37.025194   0.532070   0.528845   0.000000   0.003224 -21.752566 274.321513 277.408325   0.043959   0.124343 276.314544   0.111462
   472   0.000000 242.849919 -75.873352 -36.603320   0.596747   0.593629   0.000000   0.003119 -21.607681 274.277605 277.357839   0.044090   0.124343 276.266662   0.111485
   473   0.000000 242.720489 -75.799549 -37.044845   0.606330   0.603330   0.000000   0.003000 -21.561641 274.250689 277.308542   0.044220   0.124343 276.241274   0.111507
   474   0.000000 242.449150 -75.940596 -36.599079   0.671076   0.668171   0.000000   0.002905 -21.404970 274.208913 277.259758   0.044348   0.124343 276.195638   0.111529
   475   0.000000 242.342482 -75.854537 -37.084578   0.676341   0.673545   0.000000   0.002796 -21.355916 274.185198 277.212175   0.044475   0.124343 276.173964   0.111550
   476   0.000000 242.082656 -75.999021 -36.614294   0.740931   0.738219   0.000000   0.002711 -21.188840 274.145361 277.165068   0.044600   0.124343 276.130356   0.111572
   477   0.000000 241.996961 -75.901548 -37.141722   0.741786   0.739176   0.000000   0.002610 -21.137945 274.124621 277.119169   0.044725   0.124343 276.112126   0.111593
   478   0.000000 241.747352 -76.049675 -36.646855   0.806032   0.803497   0.000000   0.002535 -20.961839 274.086542 277.073706   0.044847   0.124343 276.070337   0.111614
   479   0.000000 241.680816 -75.941699 -37.213458   0.802482   0.800041   0.000000   0.002440 -20.910147 274.068537 277.029454   0.044968   0.124343 276.055269   0.111634
   480   0.000000 241.440213 -76.093536 -36.694421   0.866195   0.863822   0.000000   0.002373 -20.726423 274.032038 276.985595   0.045088   0.124342 276.015097   0.111655
   481   0.000000 241.390964 -75.976048 -37.296817   0.858300   0.856014   0.000000   0.002285 -20.674900 274.016511 276.942944   0.045207   0.124342 276.002890   0.111675
   482   0.000000 241.158212 -76.131537 -36.754473   0.921277   0.919052   0.000000   0.002226 -20.485030 273.981413 276.900640   0.045324   0.124342 275.964135   0.111695
   483   0.000000 241.124307 -76.005601 -37.388765   0.909141   0.906998   0.000000   0.002143 -20.434586 273.968094 276.859536   0.045441   0.124342 275.954473   0.111715
   484   0.000000 240.898296 -76.164575 -36.824394   0.971164   0.969074   0.000000   0.002090 -20.240096 273.934221 276.818734   0.045555   0.124342 275.916936   0.111735
   485   0.000000 240.877739 -76.031311 -37.486328   0.954931   0.952919   0.000000   0.002012 -20.191591 273.922827 276.779117   0.045670   0.124342 275.909491   0.111754
   486   0.000000 240.657404 -76.193516 -36.901574   1.015775   1.013810   0.000000   0.001965 -19.994033 273.890001 276.739754   0.045782   0.124342 275.872979   0.111774
   487   0.000000 240.648179 -76.054072 -37.586713   0.995629   0.993738   0.000000   0.001891 -19.948271 273.880246 276.701558   0.045894   0.124342 275.867418   0.111793
   488   0.000000 240.432505 -76.219187 -36.983505   1.055082   1.053234   0.000000   0.001848 -19.749183 273.848296 276.663567   0.046004   0.124341 275.831743   0.111812
   489   0.000000 240.432624 -76.074704 -37.687414   1.031244   1.029466   0.000000   0.001778 -19.706898 273.839896 276.626719   0.046114   0.124341 275.827737   0.111831
   490   0.000000 240.220655 -76.242364 -37.067871   1.089122   1.087382   0.000000   0.001740 -19.507762 273.808656 276.590028   0.046222   0.124341 275.792722   0.111849
   491   0.000000 240.228203 -76.093946 -37.786277   1.061848   1.060176   0.000000   0.001672 -19.469608 273.801336 276.554451   0.046331   0.124341 275.789952   0.111868
   492   0.000000 240.019053 -76.263767 -37.152604   1.118006   1.116369   0.000000   0.001637 -19.271805 273.770649 276.518984   0.046437   0.124341 275.755432   0.111886
   493   0.000000 240.032229 -76.112447 -37.881533   1.087584   1.086012   0.000000   0.001572 -19.238343 273.764151 276.484597   0.046543   0.124341 275.753599   0.111904
   494   0.000000 239.825089 -76.284044 -37.235936   1.141925   1.140385   0.000000   0.001540 -19.043121 273.733873 276.450275   0.046648   0.124341 275.719421   0.111922
   495   0.000000 239.842240 -76.130767 -37.971803   1.108664   1.107188   0.000000   0.001477 -19.014813 273.727961 276.416998   0.046753   0.124341 275.718251   0.111940
   496   0.000000 239.636390 -76.303766 -37.316415   1.161143   1.159696   0.000000   0.001447 -18.823258 273.697960 276.383740   0.046856   0.124340 275.684280   0.111958
   497   0.000000 239.656035 -76.149373 -38.056086   1.125369   1.123984   0.000000   0.001385 -18.800464 273.692421 276.351490   0.046960   0.124340 275.683526   0.111975
   498   0.000000 239.450843 -76.323427 -37.392913   1.175990   1.174633   0.000000   0.001357 -18.613488 273.662580 276.319217   0.047061   0.124340 275.649644   0.111993
   499   0.000000 239.471686 -76.168648 -38.133732   1.138035   1.136738   0.000000   0.001297 -18.596461 273.657228 276.287913   0.047163   0.124340 275.649091   0.112010
   500   0.000000 239.266613 -76.343439 -37.464613   1.186849   1.185579   0.000000   0.001270 -18.414795 273.627446 276.256544   0.047264   0.124340 275.615198   0.112028
   501   0.000000 239.287547 -76.188892 -38.204406   1.147042   1.145831   0.000000   0.001211 -18.403685 273.622123 276.226106   0.047365   0.124340 275.614664   0.112045
   502   0.000000 239.082145 -76.364141 -37.530990   1.194140   1.192955   0.000000   0.001185 -18.227880 273.592316 276.195565   0.047464   0.124340 275.580676   0.112062
   503   0.000000 239.102253 -76.210333 -38.268045   1.152802   1.151675   0.000000   0.001127 -18.222743 273.586891 276.165916   0.047565   0.124339 275.580010   0.112079
   504   0.000000 238.896162 -76.385800 -37.591782   1.198306   1.197204   0.000000   0.001102 -18.053178 273.556991 276.136130   0.047663   0.124339 275.545861   0.112096
   505   0.000000 238.914706 -76.233139 -38.318123   1.155700   1.154655   0.000000   0.001044 -18.053978 273.551194 276.107192   0.047762   0.124339 275.544808   0.112112
   506   0.000000 238.707991 -76.407551 -37.634607   1.199129   1.198109   0.000000   0.001020 -17.891980 273.520902 276.078074   0.047859   0.124339 275.510259   0.112129
   507   0.000000 238.724710 -76.254945 -38.353746   1.154861   1.153898   0.000000   0.000962 -17.900208 273.514615 276.049762   0.047958   0.124339 275.508689   0.112146
   508   0.000000 238.516831 -76.428289 -37.666950   1.196583   1.195645   0.000000   0.000938 -17.746026 273.482807 276.021191   0.048055   0.124339 275.473126   0.112162
   509   0.000000 238.530605 -76.271777 -38.398647   1.192642   1.191764   0.000000   0.000879 -17.768689 273.475556 275.993374   0.048151   0.124339 275.470707   0.112178
   510   0.000000 238.319968 -76.443470 -37.714244   1.238292   1.237440   0.000000   0.000853 -17.624727 273.444034 275.965300   0.048245   0.124338 275.434898   0.112195
   511   0.000000 238.328684 -76.293211 -38.411531   1.198925   1.198132   0.000000   0.000793 -17.648868 273.435956 275.937937   0.048341   0.124338 275.431483   0.112211
   512   0.000000 238.116171 -76.463019 -37.729121   1.245209   1.244442   0.000000   0.000767 -17.513866 273.403874 275.910286   0.048434   0.124338 275.395094   0.112227
   513   0.000000 238.120575 -76.314488 -38.413626   1.205499   1.204791   0.000000   0.000708 -17.544884 273.394974 275.883306   0.048528   0.124338 275.390768   0.112243
   514   0.000000 237.905846 -76.482764 -37.733088   1.250840   1.250159   0.000000   0.000681 -17.418327 273.277288 275.852676   0.048620   0.124338 275.310366   0.112258
   515   0.000000 237.905388 -75.954508 -40.184737   0.919640   0.919165   0.000000   0.000475 -18.027718 273.264867 275.822913   0.048725   0.124338 275.304540   0.112275
   516   0.000000 237.597474 -76.197426 -39.282969   0.885956   0.885506   0.000000   0.000450 -17.906321 273.232361 275.793143   0.048830   0.124338 275.258166   0.112292
   517   0.000000 237.511935 -76.134507 -39.551964   0.786234   0.785836   0.000000   0.000398 -17.925471 273.216749 275.764034   0.048939   0.124338 275.241662   0.112309
   518   0.000000 237.248407 -76.320078 -38.806928   0.742654   0.742283   0.000000   0.000371 -17.830996 273.186620 275.734955   0.049049   0.124337 275.201004   0.112326
   519   0.000000 237.196950 -76.234842 -39.188897   0.654005   0.653679   0.000000   0.000326 -17.838340 273.174625 275.706621   0.049162   0.124337 275.189485   0.112343
   520   0.000000 236.952453 -76.418207 -38.436689   0.624882   0.624575   0.000000   0.000307 -17.723974 273.149625 275.678455   0.049276   0.124337 275.153181   0.112360
   521   0.000000 236.916080 -76.341392 -38.770222   0.517860   0.517606   0.000000   0.000254 -17.701807 273.139662 275.651038   0.049393   0.124337 275.144034   0.112377
   522   0.000000 236.687420 -76.518529 -38.029717   0.493855   0.493615   0.000000   0.000240 -17.579627 273.113629 275.623674   0.049512   0.124337 275.108630   0.112395
   523   0.000000 236.663227 -76.425313 -38.431737   0.411741   0.411541   0.000000   0.000200 -17.570311 273.104431 275.597029   0.049633   0.124337 275.100977   0.112412
   524   0.000000 236.442522 -76.598176 -37.702649   0.391902   0.391714   0.000000   0.000188 -17.448191 273.078998 275.570406   0.049755   0.124337 275.066534   0.112430
   525   0.000000 236.423271 -76.502901 -38.107000   0.313368   0.313218   0.000000   0.000150 -17.439858 273.070091 275.544464   0.049879   0.124337 275.059419   0.112448
   526   0.000000 236.208315 -76.671508 -37.388750   0.295819   0.295679   0.000000   0.000140 -17.320611 273.044990 275.518510   0.050004   0.124337 275.025600   0.112465
   527   0.000000 236.192091 -76.574823 -37.793612   0.219755   0.219651   0.000000   0.000104 -17.314642 273.036190 275.493199   0.050132   0.124337 275.018750   0.112483
   528   0.000000 235.981507 -76.739687 -37.085165   0.203733   0.203638   0.000000   0.000095 -17.199060 273.011290 275.467847   0.050260   0.124337 274.985361   0.112501
   529   0.000000 235.966842 -76.642432 -37.487283   0.129561   0.129500   0.000000   0.000061 -17.195900 273.002461 275.443103   0.050391   0.124337 274.978569   0.112519
   530   0.000000 235.759736 -76.803802 -36.788638   0.114481   0.114428   0.000000   0.000053 -17.084495 272.977679 275.418292   0.050522   0.124337 274.945488   0.112537
   531   0.000000 235.745529 -76.706677 -37.185260   0.041828   0.041809   0.000000   0.000019 -17.084286 272.968719 275.394055   0.050656   0.124337 274.938601   0.112555
   532   0.000000 235.541257 -76.864727 -36.496576   0.027261   0.027249   0.000000   0.000012 -16.977353 272.943999 275.369730   0.050790   0.124337 274.905740   0.112573
   533   0.000000 235.526660 -76.768296 -36.885499  -0.044135  -0.044114  -0.000000  -0.000020 -16.980114 272.934830 275.345948   0.050927   0.124337 274.898640   0.112591
   534   0.000000 235.324730 -76.923156 -36.206971  -0.058514  -0.058487  -0.000000  -0.000026 -16.877826 272.910128 275.322058   0.051065   0.124337 274.865935   0.112609
   535   0.000000 235.309074 -76.827872 -36.586444  -0.128848  -0.128790  -0.000000  -0.000058 -16.883513 272.900689 275.298683   0.051205   0.124337 274.858529   0.112628
   536   0.000000 235.109098 -76.979643 -35.918268  -0.143289  -0.143226  -0.000000  -0.000064 -16.785965 272.875969 275.275184   0.051346   0.124337 274.825926   0.112646
   537   0.000000 235.091847 -76.885870 -36.286908  -0.212710  -0.212616  -0.000000  -0.000095 -16.794506 272.866209 275.252173   0.051489   0.124337 274.818139   0.112664
   538   0.000000 234.893511 -77.034634 -35.629268  -0.227410  -0.227310  -0.000000  -0.000100 -16.701742 272.841444 275.229022   0.051633   0.124337 274.785597   0.112683
   539   0.000000 234.874229 -76.942667 -35.985993  -0.296033  -0.295903  -0.000000  -0.000130 -16.713049 272.831323 275.206334   0.051779   0.124337 274.777368   0.112701
   540   0.000000 234.677278 -77.088492 -35.339052  -0.311143  -0.311008  -0.000000  -0.000135 -16.625076 272.806487 275.183495   0.051926   0.124337 274.744853   0.112719
   541   0.000000 234.655608 -76.998568 -35.679081  -0.379048  -0.378884  -0.000000  -0.000165 -16.639055 272.795892 275.161090   0.052076   0.124337 274.736051   0.112738
   542   0.000000 234.460024 -77.140970 -35.039457  -0.394959  -0.394790  -0.000000  -0.000169 -16.556381 272.770854 275.138519   0.052226   0.124337 274.703417   0.112756
   543   0.000000 234.435807 -77.052659 -35.364422  -0.462594  -0.462396  -0.000000  -0.000198 -16.573656 272.759747 275.116357   0.052380   0.124337 274.693975   0.112775
   544   0.000000 234.241108 -77.191931 -34.733588  -0.479406  -0.479203  -0.000000  -0.000203 -16.496271 272.734498 275.094018   0.052533   0.124337 274.661186   0.112794
   545   0.000000 234.213587 -77.105926 -35.041334  -0.546759  -0.546528  -0.000000  -0.000231 -16.516643 272.722815 275.072061   0.052690   0.124337 274.651011   0.112812
   546   0.000000 234.019405 -77.242149 -34.420228  -0.564662  -0.564426  -0.000000  -0.000236 -16.444722 272.697326 275.049916   0.052847   0.124337 274.618030   0.112831
   547   0.000000 233.988075 -77.158816 -34.710024  -0.631786  -0.631522  -0.000000  -0.000264 -16.468128 272.685026 275.028128   0.053007   0.124338 274.607063   0.112850
   548   0.000000 233.794134 -77.292073 -34.099330  -0.650881  -0.650613  -0.000000  -0.000268 -16.401710 272.659278 275.006143   0.053168   0.124338 274.573862   0.112869
   549   0.000000 233.758609 -77.211699 -34.370713  -0.717797  -0.717501  -0.000000  -0.000295 -16.428053 272.646329 274.984490   0.053332   0.124338 274.562058   0.112888
   550   0.000000 233.564698 -77.342055 -33.771032  -0.738148  -0.737848  -0.000000  -0.000300 -16.367127 272.620305 274.962632   0.053497   0.124338 274.528618   0.112907
   551   0.000000 233.524673 -77.264869 -34.023747  -0.804856  -0.804530  -0.000000  -0.000327 -16.396289 272.606682 274.941084   0.053665   0.124338 274.515944   0.112926
   552   0.000000 233.330630 -77.392375 -33.435589  -0.826498  -0.826167  -0.000000  -0.000331 -16.340809 272.580371 274.919323   0.053833   0.124338 274.482252   0.112945
   553   0.000000 233.285863 -77.318559 -33.669557  -0.892988  -0.892631  -0.000000  -0.000357 -16.372663 272.566056 274.897850   0.054005   0.124338 274.468680   0.112964
   554   0.000000 233.091558 -77.443259 -33.093348  -0.915934  -0.915573  -0.000000  -0.000361 -16.322560 272.539448 274.876159   0.054177   0.124338 274.434726   0.112983
   555   0.000000 233.041860 -77.372958 -33.308635  -0.982186  -0.981799  -0.000000  -0.000387 -16.356979 272.524425 274.854734   0.054353   0.124338 274.420238   0.113002
   556   0.000000 232.847189 -77.494893 -32.744730  -1.006432  -1.006041  -0.000000  -0.000391 -16.312163 272.497513 274.833087   0.054530   0.124338 274.386014   0.113022
   557   0.000000 232.792411 -77.428220 -32.941523  -1.072419  -1.072004  -0.000000  -0.000416 -16.349017 272.481773 274.811685   0.054710   0.124339 274.370598   0.113041
   558   0.000000 232.597293 -77.547426 -32.390213  -1.097946  -1.097526  -0.000000  -0.000420 -16.309386 272.454552 274.790059   0.054891   0.124339 274.336099   0.113060
   559   0.000000 232.537323 -77.484468 -32.568802  -1.163637  -1.163194  -0.000000  -0.000443 -16.348548 272.438087 274.768657   0.055075   0.124339 274.319745   0.113080
   560   0.000000 232.341692 -77.600983 -32.030326  -1.190413  -1.189966  -0.000000  -0.000447 -16.313988 272.410553 274.747028   0.055261   0.124339 274.284971   0.113099
   561   0.000000 232.276450 -77.541805 -32.191087  -1.255773  -1.255302  -0.000000  -0.000470 -16.355327 272.393360 274.725605   0.055450   0.124339 274.267676   0.113119
   562   0.000000 232.080258 -77.655665 -31.665638  -1.283758  -1.283284  -0.000000  -0.000474 -16.325711 272.365511 274.703954   0.055640   0.124339 274.232626   0.113139
   563   0.000000 232.009691 -77.600312 -31.809023  -1.348745  -1.348249  -0.000000  -0.000496 -16.369099 272.347591 274.682490   0.055833   0.124339 274.214392   0.113158
   564   0.039444 231.812902 -77.680001 -31.296751  -1.377915  -1.377389  -0.000000  -0.000526 -16.344293 272.320051 274.660822   0.056028   0.124340 274.179407   0.113178
   565   0.299562 231.736984 -77.423182 -31.411702  -1.440519  -1.439788  -0.000000  -0.000731 -16.385395 272.305628 274.639487   0.056225   0.124340 274.162526   0.113198
   566   1.458094 231.540163 -76.623202 -30.835998  -1.457134  -1.455607  -0.000000  -0.001527 -16.337015 272.296181 274.618650   0.056424   0.124340 274.137276   0.113218
   567   4.317559 231.463383 -74.368145 -30.608986  -1.458566  -1.455175  -0.000000  -0.003391 -16.257283 272.325286 274.599771   0.056622   0.124340 274.143691   0.113238
   568   9.290054 231.286843 -70.690681 -29.283998  -1.328901  -1.323196  -0.000000  -0.005706 -15.921398 272.383141 274.583785   0.056814   0.124340 274.156065   0.113257
   569  16.382590 231.264224 -65.295713 -27.964276  -1.105608  -1.098118  -0.000000  -0.007490 -15.404504 272.491138 274.572372   0.056994   0.124340 274.208913   0.113276
   570  25.390383 231.197776 -58.634330 -25.463333  -0.711072  -0.704401  -0.000000  -0.006671 -14.568641 272.628024 274.566226   0.057154   0.124341 274.272092   0.113293
   571  36.039777 231.336624 -50.589860 -23.122055  -0.222144  -0.219457  -0.000000  -0.002687 -13.567415 272.809988 274.566617   0.057289   0.124341 274.377217   0.113308
   572  48.058016 231.471444 -41.656433 -19.738816   0.427985   0.421721   0.000000   0.006263 -12.296402 273.011008 274.573686   0.057391   0.124340 274.490484   0.113322
   573  61.200008 231.841404 -31.682837 -16.826356   1.141946   1.122239   0.000000   0.019707 -10.938751 273.250050 274.588326   0.057456   0.124340 274.644536   0.113333
   574  75.255042 232.214017 -21.148836 -12.930250   1.996513   1.957215   0.000000   0.039299  -9.367933 273.506468 274.610546   0.057479   0.124340 274.805758   0.113341
   575  90.045335 232.830057  -9.871523  -9.593516   2.802870   2.740385   0.000000   0.062485  -7.728548 273.795532 274.640977   0.057462   0.124340 275.005605   0.113347
   576 105.421836 233.447222   1.725231  -5.264123   3.736122   3.643673   0.000000   0.092449  -5.918119 274.515212 274.695766   0.057399   0.124339 275.388886   0.113351
