     0 172.710834 247.991806  55.657751   1.069494  -8.251367  -8.251367   0.000000   0.000000   0.000000 278.755736 276.920026   0.117608   0.117430 278.668260   0.117455
     1 192.286009 248.493595  62.799565  36.415731   8.320792   8.320792   0.000000   0.000000  12.849968 278.955776 276.994013   0.117427   0.117429 278.784660   0.117428
     2 211.878127 250.332349  79.302634  33.157481   7.000002   7.000002   0.000000   0.000000  13.732341 279.704326 277.089777   0.117417   0.117428 279.196575   0.117406
     3 231.435835 251.606255  92.595544  45.003024   8.641680   8.641680   0.000000   0.000000  18.301849 280.285255 277.198945   0.117404   0.117427 279.479094   0.117379
     4 250.916476 253.057574 106.782629  52.411769   9.245343   9.245343   0.000000   0.000000  21.604169 280.918277 277.322523   0.117390   0.117426 279.788129   0.117350
     5 270.283997 254.510626 120.609429  61.421392   9.984629   9.984629   0.000000   0.000000  25.170274 281.536394 277.458848   0.117373   0.117424 280.089278   0.117318
     6 289.507431 256.022002 134.429833  70.101775  10.505966  10.505966   0.000000   0.000000  28.542822 282.158615 277.607181   0.117354   0.117423 280.395574   0.117285
     7 308.559788 257.560765 148.099680  79.075350  10.920532  10.920532   0.000000   0.000000  31.860038 282.730968 277.764785   0.117334   0.117422 280.698300   0.117251
     8 327.417228 259.122615 161.863644  86.871133  12.704274  12.704274   0.000000   0.000000  34.763278 283.288360 277.930554   0.117308   0.117420 281.000902   0.117212
     9 346.058441 260.674040 175.502059  94.545543  15.004403  15.004403   0.000000   0.000000  37.504639 283.834625 278.103641   0.117275   0.117419 281.298646   0.117165
    10 364.464174 262.215518 188.981961 102.176191  17.317032  17.317032   0.000000   0.000000  40.116886 284.369406 278.283265   0.117236   0.117416 281.591935   0.117111
    11 382.616868 263.738683 202.283902 109.782752  19.649968  19.649968   0.000000   0.000000  42.602990 284.891178 278.468653   0.117187   0.117414 281.879563   0.117050
    12 400.500377 265.234392 215.394775 117.357003  21.999542  21.999542   0.000000   0.000000  44.957675 285.398689 278.659055   0.117129   0.117411 282.160196   0.116981
    13 418.099745 266.696322 228.303922 124.884745  24.360818  24.360818   0.000000   0.000000  47.177441 285.891135 278.853749   0.117061   0.117409 282.432971   0.116906
    14 435.401032 268.120164 241.001262 132.353428  26.728218  26.728218   0.000000   0.000000  49.261700 286.368049 279.052055   0.116981   0.117405 282.697346   0.116823
    15 452.391174 269.502861 253.476937 139.751191  29.094584  29.094584   0.000000   0.000000  51.211959 286.829264 279.253339   0.116889   0.117402 282.952964   0.116733
    16 469.057876 270.843428 265.722192 147.060914  31.452462  31.452462   0.000000   0.000000  53.031471 287.275003 279.457023   0.116783   0.117398 283.199799   0.116636
    17 485.389515 272.142631 277.728437 154.266096  33.796152  33.796152   0.000000   0.000000  54.725862 287.705756 279.662588   0.116662   0.117394 283.438097   0.116532
    18 501.375075 273.401434 289.486332 161.356091  36.121179  36.121179   0.000000   0.000000  56.302171 288.122033 279.869571   0.116524   0.117390 283.668108   0.116420
    19 517.004081 274.620211 300.986192 168.323823  38.422707  38.422707   0.000000   0.000000  57.767233 288.524285 280.077553   0.116370   0.117385 283.889965   0.116302
    20 532.266554 275.798912 312.218565 175.163071  40.695520  40.695520   0.000000   0.000000  59.127128 288.912909 280.286156   0.116196   0.117380 284.103720   0.116177
    21 547.152973 276.937474 323.174580 181.867077  42.934672  42.934672   0.000000   0.000000  60.387269 289.288270 280.495036   0.116002   0.117375 284.309419   0.116046
    22 561.654236 278.036103 333.846053 188.428623  45.135719  45.135719   0.000000   0.000000  61.552635 289.650727 280.703881   0.115786   0.117370 284.507158   0.115908
    23 575.761641 279.095414 344.225504 194.840722  47.294617  47.294617   0.000000   0.000000  62.627921 290.000631 280.912407   0.115548   0.117364 284.697109   0.115764
    24 594.975686 280.116450 358.713222 201.097176  49.407535  49.407535   0.000000   0.000000  63.617569 290.434466 281.124084   0.115284   0.117358 284.884331   0.115613
    25 608.292523 281.100617 367.988483 210.581189  52.171612  52.171612   0.000000   0.000000  65.172673 290.740729 281.333815   0.114989   0.117352 285.058559   0.115454
    26 621.190705 282.099368 377.622642 215.538510  54.034827  54.034827   0.000000   0.000000  65.848403 291.066494 281.542722   0.114666   0.117345 285.235413   0.115290
    27 633.662934 283.024808 386.733922 221.673080  56.079144  56.079144   0.000000   0.000000  66.666406 291.368299 281.750103   0.114311   0.117339 285.398804   0.115120
    28 645.702226 283.922838 395.596721 227.159389  57.970455  57.970455   0.000000   0.000000  67.327374 291.662143 281.955935   0.113922   0.117332 285.556944   0.114945
    29 657.301900 284.784841 404.111231 232.622222  59.825172  59.825172   0.000000   0.000000  67.943460 291.943420 282.160001   0.113497   0.117324 285.708325   0.114765
    30 668.455575 285.617185 412.304119 237.855570  61.602138  61.602138   0.000000   0.000000  68.483932 292.214058 282.362168   0.113033   0.117317 285.854121   0.114579
    31 679.157158 286.420134 420.160770 242.926176  63.311682  63.311682   0.000000   0.000000  68.963233 292.473721 282.562287   0.112527   0.117309 285.994419   0.114389
    32 689.400843 287.195660 427.680783 247.806783  64.947153  64.947153   0.000000   0.000000  69.380033 292.722808 282.760230   0.111975   0.117302 286.129595   0.114194
    33 699.181109 287.945190 434.859394 252.499259  66.508765  66.508765   0.000000   0.000000  69.738045 292.961496 282.955873   0.111374   0.117294 286.259915   0.113995
    34 708.492710 288.670466 441.693561 256.994304  67.995771  67.995771   0.000000   0.000000  70.039360 293.190063 283.149105   0.110719   0.117286 286.385691   0.113792
    35 717.330680 289.373263 448.179909 261.285556  69.408954  69.408954   0.000000   0.000000  70.286702 293.408773 283.339826   0.110006   0.117277 286.507234   0.113585
    36 725.690324 290.055479 454.315440 265.365178  70.749518  70.749518   0.000000   0.000000  70.482632 293.617911 283.527944   0.109228   0.117269 286.624867   0.113375
    37 733.567221 290.719084 460.097310 269.275920  72.021770  72.021770   0.000000   0.000000  70.629772 293.816666 283.713337   0.108381   0.117260 286.739141   0.113162
    38 740.957220 291.367278 465.530161 272.956298  73.217532  73.217532   0.000000   0.000000  70.723310 294.005858 283.895915   0.107456   0.117251 286.850590   0.112945
    39 747.856438 292.001717 470.608264 276.419453  74.342641  74.342641   0.000000   0.000000  70.769597 294.185667 284.075599   0.106445   0.117242 286.959481   0.112726
    40 754.261264 292.624413 475.329974 279.653452  75.397440  75.397440   0.000000   0.000000  70.770477 294.356439 284.252318   0.105340   0.117233 287.066144   0.112504
    41 760.168353 293.236994 479.692541 282.655884  76.383671  76.383671   0.000000   0.000000  70.728844 294.518414 284.426013   0.104130   0.117224 287.170843   0.112279
    42 765.574626 293.840788 483.693705 285.422876  77.302190  77.302190   0.000000   0.000000  70.646809 294.671803 284.596628   0.102804   0.117215 287.273794   0.112053
    43 770.477273 294.436662 487.331119 287.952860  78.153610  78.153610   0.000000   0.000000  70.526222 294.816744 284.764113   0.101347   0.117206 287.375138   0.111824
    44 774.873751 295.025033 490.602587 290.244905  78.937990  78.937990   0.000000   0.000000  70.368421 294.953323 284.928417   0.099747   0.117196 287.474943   0.111594
    45 778.761782 295.605938 493.506061 292.298705  79.654933  79.654933   0.000000   0.000000  70.174338 295.081573 285.089492   0.097987   0.117187 287.573215   0.111363
    46 782.139355 296.179139 496.039703 294.114103  80.303651  80.303651   0.000000   0.000000  69.944564 295.201495 285.247285   0.096054   0.117177 287.669917   0.111130
    47 785.004725 296.744242 498.201908 295.690955  80.883114  80.883114   0.000000   0.000000  69.679472 295.313074 285.401743   0.093930   0.117167 287.764985   0.110896
    48 787.356413 297.300789 499.991314 297.029037  81.392219  81.392219   0.000000   0.000000  69.379318 295.416285 285.552812   0.091606   0.117157 287.858347   0.110661
    49 789.193207 297.848315 501.406800 298.128037  81.829928  81.829928   0.000000   0.000000  69.044312 295.511101 285.700435   0.089073   0.117148 287.949928   0.110425
    50 790.514160 298.386397 502.447494 298.987509  82.195371  82.195371   0.000000   0.000000  68.674664 295.597501 285.844557   0.086333   0.117138 288.039662   0.110190
    51 791.318592 298.914691 503.112786 299.606798  82.487918  82.487918   0.000000   0.000000  68.270610 295.675468 285.985120   0.083402   0.117128 288.127493   0.109954
    52 791.606089 299.432964 503.402332 299.985028  82.707234  82.707234   0.000000   0.000000  67.832438 295.744997 286.122067   0.080309   0.117118 288.213383   0.109718
    53 791.376503 299.941108 503.316053 300.121167  82.853306  82.853306   0.000000   0.000000  67.360508 295.806093 286.255344   0.077104   0.117108 288.297314   0.109482
    54 790.629952 300.439130 502.854122 300.014122  82.926440  82.926440   0.000000   0.000000  66.855246 295.858772 286.384895   0.073850   0.117098 288.379288   0.109247
    55 789.366820 300.927139 502.016958 299.662856  82.927234  82.927234   0.000000   0.000000  66.317136 295.903053 286.510668   0.070623   0.117088 288.459320   0.109013
    56 787.587758 301.405306 500.805205 299.066531  82.856528  82.856528   0.000000   0.000000  65.746692 295.938959 286.632612   0.067491   0.117078 288.537436   0.108779
    57 785.293683 301.873824 499.219723 298.224606  82.715347  82.715347   0.000000   0.000000  65.144427 295.966507 286.750676   0.064517   0.117068 288.613667   0.108547
    58 782.485777 302.332864 497.261576 297.136873  82.504834  82.504834   0.000000   0.000000  64.510815 295.985707 286.864812   0.061740   0.117058 288.688037   0.108316
    59 779.165489 302.782550 494.932029 295.803443  82.226209  82.226209   0.000000   0.000000  63.846266 295.996558 286.974971   0.059182   0.117048 288.760565   0.108087
    60 775.334534 303.222931 492.232532 294.224723  81.880733  81.880733   0.000000   0.000000  63.151110 295.999047 287.081105   0.056847   0.117039 288.831253   0.107859
    61 770.994894 303.653958 489.164718 292.401411  81.469693  81.469693   0.000000   0.000000  62.425592 295.993147 287.183166   0.054728   0.117029 288.900090   0.107634
    62 766.148816 304.075475 485.730385 290.334468  80.994388  80.994388   0.000000   0.000000  61.669867 295.978819 287.281105   0.052811   0.117019 288.967043   0.107410
    63 760.798814 304.487215 481.931501 288.025061  80.456115  80.456115   0.000000   0.000000  60.884002 295.956012 287.374871   0.051078   0.117009 289.032062   0.107189
    64 754.947669 304.888807 477.770204 285.474508  79.856166  79.856166   0.000000   0.000000  60.067989 295.924665 287.464414   0.049509   0.117000 289.095076   0.106971
    65 748.598428 305.279794 473.248804 282.684216  79.195833  79.195833   0.000000   0.000000  59.221757 295.884708 287.549680   0.048087   0.116990 289.155999   0.106755
    66 741.754407 305.659651 468.369783 279.655652  78.476417  78.476417   0.000000   0.000000  58.345196 295.836072 287.630617   0.046795   0.116981 289.214733   0.106542
    67 734.419187 306.027804 463.135804 276.390322  77.699236  77.699236   0.000000   0.000000  57.438180 295.778682 287.707170   0.045618   0.116972 289.271168   0.106332
    68 726.596622 306.383648 457.549700 272.889766  76.865637  76.865637   0.000000   0.000000  56.500582 295.712467 287.779282   0.044544   0.116962 289.325185   0.106125
    69 718.290830 306.726561 451.614485 269.155562  75.977013  75.977013   0.000000   0.000000  55.532292 295.637359 287.846898   0.043560   0.116953 289.376663   0.105922
    70 709.506205 307.055915 445.333351 265.189342  75.034802  75.034802   0.000000   0.000000  54.533223 295.553293 287.909961   0.042657   0.116944 289.425473   0.105722
    71 700.247408 307.371083 438.709669 260.992800  74.040500  74.040500   0.000000   0.000000  53.503323 295.460210 287.968414   0.041826   0.116935 289.471485   0.105526
    72 690.519377 307.671445 431.746998 256.567712  72.995657  72.995657   0.000000   0.000000  52.442571 295.358055 288.022201   0.041060   0.116927 289.514567   0.105334
    73 680.327325 307.956396 424.449085 251.929994  71.902596  71.902596   0.000000   0.000000  51.350979 295.246486 288.071253   0.040352   0.116918 289.554633   0.105146
    74 669.676743 308.225642 416.821813 247.065495  70.760521  70.760521   0.000000   0.000000  50.226631 295.125617 288.115512   0.039697   0.116910 289.591588   0.104961
    75 658.573405 308.478471 408.868289 241.981396  69.572359  69.572359   0.000000   0.000000  49.070739 294.995397 288.154917   0.039090   0.116901 289.625263   0.104781
    76 647.023371 308.714353 400.592939 236.677958  68.339752  68.339752   0.000000   0.000000  47.883364 294.855826 288.189413   0.038527   0.116893 289.655517   0.104606
    77 635.032989 308.932734 392.000101 231.157804  67.064739  67.064739   0.000000   0.000000  46.664893 294.706887 288.218944   0.038003   0.116885 289.682199   0.104434
    78 622.608907 309.133106 383.094463 225.423037  65.749245  65.749245   0.000000   0.000000  45.415600 294.548572 288.243459   0.037516   0.116877 289.705163   0.104268
    79 609.758075 309.314984 373.880927 219.476201  64.395251  64.395251   0.000000   0.000000  44.135791 294.380872 288.262906   0.037062   0.116869 289.724262   0.104106
    80 596.487755 309.477912 364.364654 213.320021  63.004731  63.004731   0.000000   0.000000  42.825760 294.203779 288.277236   0.036639   0.116862 289.739346   0.103948
    81 582.805529 309.621452 354.551062 206.957528  61.579666  61.579666   0.000000   0.000000  41.485800 294.017286 288.286402   0.036245   0.116854 289.750264   0.103796
    82 568.719318 309.745186 344.445838 200.392062  60.122023  60.122023   0.000000   0.000000  40.116189 293.821385 288.290358   0.035878   0.116847 289.756860   0.103648
    83 554.237388 309.848700 334.054945 193.627311  58.633752  58.633752   0.000000   0.000000  38.717187 293.616064 288.289060   0.035536   0.116840 289.758971   0.103506
    84 539.368371 309.931582 323.384641 186.667333  57.116767  57.116767   0.000000   0.000000  37.289028 293.401308 288.282463   0.035217   0.116833 289.756426   0.103368
    85 524.121291 309.993419 312.441495 179.516581  55.572945  55.572945   0.000000   0.000000  35.831915 293.177098 288.270525   0.034920   0.116827 289.749040   0.103236
    86 508.505580 310.033785 301.232409 172.179930  54.004113  54.004113   0.000000   0.000000  34.346012 292.943410 288.253204   0.034643   0.116820 289.736617   0.103109
    87 492.531117 310.052246 289.764640 164.662701  52.412043  52.412043   0.000000   0.000000  32.831441 292.700214 288.230459   0.034386   0.116814 289.718942   0.102987
    88 476.208263 310.048353 278.045839 156.970690  50.798451  50.798451   0.000000   0.000000  31.288282 292.447471 288.202248   0.034147   0.116808 289.695780   0.102870
    89 459.547905 310.021641 266.084083 149.110212  49.164991  49.164991   0.000000   0.000000  29.716562 292.185138 288.168529   0.033926   0.116802 289.666872   0.102759
    90 442.561512 309.971630 253.887924 141.088142  47.513257  47.513257   0.000000   0.000000  28.116260 291.913161 288.129261   0.033721   0.116796 289.631928   0.102653
    91 425.261206 309.897821 241.466446 132.911973  45.844779  45.844779   0.000000   0.000000  26.487299 291.631479 288.084401   0.033532   0.116791 289.590622   0.102552
    92 407.659841 309.799696 228.829334 124.589879  44.161022  44.161022   0.000000   0.000000  24.829543 291.340019 288.033905   0.033358   0.116785 289.542579   0.102457
    93 389.771114 309.676717 215.986960 116.130809  42.463388  42.463388   0.000000   0.000000  23.142795 291.038698 287.977729   0.033198   0.116780 289.487364   0.102368
    94 371.609687 309.528326 202.950496 107.544581  40.753210  40.753210   0.000000   0.000000  21.426786 290.727422 287.915826   0.033053   0.116775 289.424462   0.102284
    95 353.191355 309.353942 189.732042  98.842026  39.031746  39.031746   0.000000   0.000000  19.681170 290.406078 287.848148   0.032921   0.116771 289.353244   0.102205
    96 334.533249 309.152963 176.344807  90.035158  37.300174  37.300174   0.000000   0.000000  17.905514 290.074542 287.774644   0.032802   0.116766 289.272918   0.102132
    97 315.654097 308.924765 162.803319  81.137400  35.559576  35.559576   0.000000   0.000000  16.099287 289.732665 287.695259   0.032696   0.116762 289.182429   0.102064
    98 296.574562 308.668700 149.123719  72.163881  33.810912  33.810912   0.000000   0.000000  14.261836 289.380275 287.609938   0.032602   0.116758 289.080250   0.102002
    99 277.317675 308.384097 135.324124  63.131847  32.054989  32.054989   0.000000   0.000000  12.392361 289.017170 287.518616   0.032521   0.116754 288.963752   0.101946
   100 257.909406 308.070268 121.425122  54.061222  30.292390  30.292390   0.000000   0.000000  10.489875 288.643103 287.421227   0.032451   0.116750 288.825142   0.101895
   101 238.379418 307.726508 107.450438  44.975433  28.523364  28.523364   0.000000   0.000000   8.553134 288.257768 287.317693   0.032393   0.116747 288.658396   0.101850
   102 218.762080 307.352112  93.427839  35.902664  26.747620  26.747620   0.000000   0.000000   6.580523 287.860764 287.207929   0.032346   0.116744 288.466468   0.101810
   103 199.097843 306.946396  79.390434  26.877958  24.963889  24.963889   0.000000   0.000000   4.569843 287.451529 287.091831   0.032311   0.116741 288.251662   0.101775
   104 179.435134 306.508746  65.378568  17.947166  23.168934  23.168934   0.000000   0.000000   2.517886 287.029192 286.969267   0.032288   0.116738 288.015547   0.101747
   105 159.833010 306.038734  51.442805   9.176158  21.354638  21.354638   0.000000   0.000000   0.419474 286.592169 286.840054   0.032276   0.116736 287.758878   0.101724
   106 140.364932 305.536409  37.649293   0.684222  19.493742  19.493742   0.000000   0.000000  -1.735196 286.136485 286.703860   0.032276   0.116733 287.480834   0.101706
   107 121.124219 305.003485  24.093822  -7.115042  17.478424  17.478424   0.000000   0.000000  -3.971630 285.645285 286.559699   0.032290   0.116731 287.016906   0.101695
   108 102.232079 304.429102  10.947900 -10.799985  13.370801  13.370801   0.000000   0.000000  -6.400899 284.984021 286.401193   0.032332   0.116729 286.518243   0.101697
   109  83.849579 303.744285  -1.043751 -15.111441  10.146784  10.146784   0.000000   0.000000  -9.920203 284.253305 286.226715   0.032398   0.116728 285.963475   0.101708
   110  66.195682 302.834166 -12.343467 -18.207842   7.347900   7.347900   0.000000   0.000000 -13.813870 283.445476 286.034463   0.032483   0.116727 285.336196   0.101729
   111  49.574220 301.765054 -22.613464 -20.561469   4.846552   4.846552   0.000000   0.000000 -18.122912 282.587171 285.823870   0.032588   0.116727 284.658980   0.101757
   112  34.412445 300.562778 -31.628845 -22.356844   2.695837   2.695837   0.000000   0.000000 -22.656895 281.719849 285.596081   0.032708   0.116726 283.967789   0.101791
   113  21.307016 299.271619 -39.079834 -23.845490   0.937194   0.937194   0.000000   0.000000 -27.133627 280.904738 285.354582   0.032843   0.116726 283.309396   0.101831
   114  11.038830 297.895422 -44.637431 -25.018151  -0.426852  -0.426852   0.000000   0.000000 -31.148909 280.202017 285.104925   0.032988   0.116726 282.731219   0.101875
   115   4.394781 296.449386 -47.941653 -25.937905  -1.421168  -1.421168   0.000000   0.000000 -34.320356 279.674199 284.854626   0.033142   0.116727 282.284334   0.101921
   116   1.461158 294.956517 -49.189436 -26.688383  -2.070698  -2.070698   0.000000   0.000000 -36.262992 279.352465 284.611709   0.033302   0.116727 281.994252   0.101969
   117   0.000000 293.438322 -50.285416 -27.290508  -2.419191  -2.419191   0.000000   0.000000 -36.814705 279.148341 284.379803   0.033466   0.116727 281.791715   0.102018
   118   0.000000 291.909189 -50.790835 -27.738161  -2.613978  -2.613978   0.000000   0.000000 -36.620239 279.032466 284.161037   0.033632   0.116727 281.654455   0.102068
   119   0.000000 290.387591 -51.712650 -28.044159  -2.698899  -2.698899   0.000000   0.000000 -35.899995 278.934648 283.954529   0.033799   0.116728 281.528715   0.102117
   120   0.000000 288.887972 -52.700035 -28.242848  -2.761921  -2.761921   0.000000   0.000000 -35.139164 278.837063 283.758838   0.033967   0.116728 281.402000   0.102166
   121   0.000000 287.420562 -53.657776 -28.374097  -2.825897  -2.825897   0.000000   0.000000 -34.452425 278.737159 283.572628   0.034136   0.116728 281.273398   0.102214
   122   0.000000 285.990149 -54.569074 -28.465595  -2.894337  -2.894337   0.000000   0.000000 -33.848281 278.635891 283.394789   0.034307   0.116729 281.144452   0.102263
   123   0.000000 284.600785 -55.434573 -28.541403  -2.966267  -2.966267   0.000000   0.000000 -33.312284 278.535035 283.224436   0.034479   0.116729 281.016928   0.102312
   124   0.000000 283.253918 -56.261337 -28.609305  -3.039135  -3.039135   0.000000   0.000000 -32.825804 278.435634 283.060849   0.034652   0.116729 280.891668   0.102360
   125   0.000000 281.948416 -57.055404 -28.666645  -3.111043  -3.111043   0.000000   0.000000 -32.376505 278.337829 282.903413   0.034827   0.116730 280.768745   0.102409
   126   0.000000 280.684005 -57.817689 -28.712960  -3.181432  -3.181432   0.000000   0.000000 -31.959091 278.241629 282.751595   0.035003   0.116730 280.648115   0.102457
   127   0.000000 279.459790 -58.549082 -28.745693  -3.249894  -3.249894   0.000000   0.000000 -31.569761 278.146867 282.604926   0.035181   0.116731 280.529623   0.102505
   128   0.000000 278.275023 -59.249484 -28.764667  -3.316414  -3.316414   0.000000   0.000000 -31.206412 278.053443 282.462990   0.035360   0.116731 280.413278   0.102553
   129   0.000000 277.129562 -59.918551 -28.774118  -3.381126  -3.381126   0.000000   0.000000 -30.866832 277.954025 282.325130   0.035541   0.116731 280.293949   0.102601
   130   0.000000 276.023765 -60.521268 -28.802183  -3.296509  -3.296509   0.000000   0.000000 -30.597735 277.848276 282.190744   0.035721   0.116732 280.171539   0.102648
   131   0.000000 274.955169 -61.058534 -28.855007  -3.088725  -3.088725   0.000000   0.000000 -30.397273 277.743264 282.059585   0.035899   0.116732 280.051085   0.102694
   132   0.000000 273.920137 -61.567284 -28.912201  -2.895904  -2.895904   0.000000   0.000000 -30.214250 277.640482 281.931495   0.036075   0.116733 279.933476   0.102740
   133   0.000000 272.916544 -62.056601 -28.966886  -2.709702  -2.709702   0.000000   0.000000 -30.037088 277.540059 281.806334   0.036249   0.116733 279.818691   0.102784
   134   0.000000 271.943121 -62.528282 -29.017007  -2.529940  -2.529940   0.000000   0.000000 -29.863923 277.441886 281.683975   0.036421   0.116733 279.706630   0.102828
   135   0.000000 270.999458 -62.982176 -29.063920  -2.356572  -2.356572   0.000000   0.000000 -29.694622 277.345964 281.564302   0.036591   0.116733 279.597292   0.102871
   136   0.000000 270.084856 -63.418936 -29.107642  -2.189310  -2.189310   0.000000   0.000000 -29.528367 277.252261 281.447210   0.036759   0.116734 279.490621   0.102913
   137   0.000000 269.198389 -63.839278 -29.147606  -2.027938  -2.027938   0.000000   0.000000 -29.364644 277.160697 281.332601   0.036925   0.116734 279.386532   0.102954
   138   0.000000 268.339175 -64.243647 -29.183990  -1.872359  -1.872359   0.000000   0.000000 -29.203330 277.071208 281.220383   0.037089   0.116734 279.284967   0.102994
   139   0.000000 267.506464 -64.632444 -29.217639  -1.722466  -1.722466   0.000000   0.000000 -29.044226 276.983775 281.110473   0.037251   0.116734 279.185900   0.103034
   140   0.000000 266.699442 -65.006335 -29.249004  -1.578060  -1.578060   0.000000   0.000000 -28.886885 276.898373 281.002792   0.037410   0.116735 279.089286   0.103073
   141   0.000000 265.917144 -65.366119 -29.277935  -1.438950  -1.438950   0.000000   0.000000 -28.730935 276.814943 280.897268   0.037568   0.116735 278.995052   0.103111
   142   0.000000 265.158564 -65.712467 -29.304495  -1.305016  -1.305016   0.000000   0.000000 -28.576278 276.733420 280.793832   0.037724   0.116735 278.903122   0.103149
   143   0.000000 264.422824 -66.045905 -29.329128  -1.176161  -1.176161   0.000000   0.000000 -28.422885 276.653758 280.692419   0.037877   0.116735 278.813433   0.103185
   144   0.000000 263.708910 -66.367176 -29.351765  -1.052235  -1.052235   0.000000   0.000000 -28.270623 276.575892 280.592966   0.038028   0.116735 278.725900   0.103222
   145   0.000000 263.015834 -66.676908 -29.374075  -0.933158  -0.933158   0.000000   0.000000 -28.119522 276.499822 280.495417   0.038178   0.116735 278.640507   0.103257
   146   0.000000 262.342461 -66.976190 -29.394942  -0.818669  -0.818669   0.000000   0.000000 -27.969170 276.425452 280.399716   0.038325   0.116735 278.557130   0.103292
   147   0.000000 261.687812 -67.265502 -29.414019  -0.708738  -0.708738   0.000000   0.000000 -27.819847 276.352685 280.305807   0.038471   0.116735 278.475653   0.103327
   148   0.000000 261.050886 -67.545341 -29.430969  -0.603321  -0.603321   0.000000   0.000000 -27.671853 276.281420 280.213635   0.038614   0.116736 278.395958   0.103360
   149   0.000000 260.430739 -67.816139 -29.445673  -0.502381  -0.502381   0.000000   0.000000 -27.525505 276.211567 280.123146   0.038755   0.116736 278.317938   0.103394
   150   0.000000 259.826424 -68.078382 -29.457929  -0.405851  -0.405851   0.000000   0.000000 -27.381055 276.143036 280.034287   0.038895   0.116736 278.241486   0.103427
   151   0.000000 259.237018 -68.332534 -29.467546  -0.313667  -0.313667   0.000000   0.000000 -27.238758 276.075739 279.947005   0.039033   0.116736 278.166494   0.103459
   152   0.000000 258.661617 -68.579050 -29.474328  -0.225756  -0.225756   0.000000   0.000000 -27.098862 276.009588 279.861248   0.039168   0.116736 278.092859   0.103490
   153   0.000000 258.099356 -68.818349 -29.478109  -0.142044  -0.142044   0.000000   0.000000 -26.961621 275.944499 279.776966   0.039302   0.116736 278.020477   0.103522
   154   0.000000 257.549395 -69.050842 -29.478690  -0.062447  -0.062447   0.000000   0.000000 -26.827271 275.880386 279.694107   0.039435   0.116736 277.949249   0.103553
   155   0.000000 257.010942 -69.276895 -29.475925   0.013120   0.013120   0.000000   0.000000 -26.696052 275.817168 279.612623   0.039565   0.116736 277.879079   0.103583
   156   0.000000 256.483244 -69.496858 -29.469656   0.084753   0.084753   0.000000   0.000000 -26.568181 275.754768 279.532463   0.039694   0.116736 277.809874   0.103613
   157   0.000000 255.965594 -69.711043 -29.459754   0.152552   0.152552   0.000000   0.000000 -26.443863 275.693111 279.453580   0.039821   0.116736 277.741547   0.103642
   158   0.000000 255.457336 -69.919737 -29.446112   0.216627   0.216627   0.000000   0.000000 -26.323286 275.632125 279.375927   0.039947   0.116736 277.674015   0.103671
   159   0.000000 254.957863 -70.123197 -29.428640   0.277095   0.277095   0.000000   0.000000 -26.206611 275.571745 279.299456   0.040071   0.116736 277.607203   0.103700
   160   0.000000 254.466619 -70.321648 -29.407283   0.334080   0.334080   0.000000   0.000000 -26.093977 275.511910 279.224124   0.040193   0.116736 277.541039   0.103728
   161   0.000000 253.983101 -70.515293 -29.382005   0.387717   0.387717   0.000000   0.000000 -25.985497 275.452563 279.149885   0.040315   0.116736 277.475461   0.103756
   162   0.000000 253.506860 -70.704304 -29.352810   0.438146   0.438146   0.000000   0.000000 -25.881253 275.393654 279.076697   0.040434   0.116736 277.410410   0.103784
   163   0.000000 253.037494 -70.888834 -29.319719   0.485514   0.485514   0.000000   0.000000 -25.781301 275.335137 279.004518   0.040553   0.116735 277.345837   0.103811
   164   0.000000 252.574653 -71.069011 -29.282794   0.529976   0.529976   0.000000   0.000000 -25.685666 275.276973 278.933308   0.040670   0.116735 277.281697   0.103838
   165   0.000000 252.118032 -71.244944 -29.242116   0.571690   0.571690   0.000000   0.000000 -25.594344 275.219128 278.863028   0.040786   0.116735 277.217953   0.103865
   166   0.000000 251.667372 -71.416727 -29.197799   0.610821   0.610821   0.000000   0.000000 -25.507304 275.161572 278.793642   0.040900   0.116735 277.154576   0.103891
   167   0.000000 251.222451 -71.584438 -29.149974   0.647533   0.647533   0.000000   0.000000 -25.424486 275.104283 278.725113   0.041014   0.116735 277.091539   0.103917
   168   0.000000 250.783088 -71.748145 -29.098801   0.681993   0.681993   0.000000   0.000000 -25.345809 275.047242 278.657409   0.041126   0.116735 277.028824   0.103943
   169   0.000000 250.349132 -71.907903 -29.044450   0.714370   0.714370   0.000000   0.000000 -25.271165 274.990435 278.590496   0.041237   0.116735 276.966416   0.103968
   170   0.000000 249.920460 -72.063766 -28.987113   0.744828   0.744828   0.000000   0.000000 -25.200431 274.933850 278.524345   0.041347   0.116735 276.904307   0.103994
   171   0.000000 249.496979 -72.215777 -28.926989   0.773530   0.773530   0.000000   0.000000 -25.133464 274.877482 278.458926   0.041456   0.116735 276.842491   0.104018
   172   0.000000 249.078607 -72.363981 -28.864283   0.800633   0.800633   0.000000   0.000000 -25.070109 274.821328 278.394213   0.041564   0.116735 276.780966   0.104043
   173   0.000000 248.665289 -72.508415 -28.799213   0.826289   0.826289   0.000000   0.000000 -25.010200 274.765386 278.330181   0.041671   0.116735 276.719733   0.104068
   174   0.000000 248.256971 -72.649128 -28.731983   0.850643   0.850643   0.000000   0.000000 -24.953563 274.709659 278.266804   0.041777   0.116735 276.658794   0.104092
   175   0.000000 247.853621 -72.786154 -28.662813   0.873833   0.873833   0.000000   0.000000 -24.900021 274.654149 278.204062   0.041882   0.116734 276.598156   0.104116
   176   0.000000 247.455197 -72.919551 -28.591892   0.895988   0.895988   0.000000   0.000000 -24.849392 274.598861 278.141933   0.041987   0.116734 276.537823   0.104139
   177   0.000000 247.061677 -73.049353 -28.519431   0.917225   0.917225   0.000000   0.000000 -24.801503 274.543801 278.080398   0.042090   0.116734 276.477803   0.104163
   178   0.000000 246.673019 -73.175629 -28.445587   0.937656   0.937656   0.000000   0.000000 -24.756176 274.488974 278.019438   0.042192   0.116734 276.418101   0.104186
   179   0.000000 246.289203 -73.298416 -28.370562   0.957376   0.957376   0.000000   0.000000 -24.713249 274.434385 277.959036   0.042294   0.116734 276.358724   0.104209
   180   0.000000 245.910173 -73.417797 -28.294469   0.976477   0.976477   0.000000   0.000000 -24.672556 274.380040 277.899177   0.042394   0.116734 276.299678   0.104232
   181   0.000000 245.535908 -73.533809 -28.213711   0.994991   0.994991   0.000000   0.000000 -24.633959 274.325810 277.839839   0.042494   0.116734 276.240824   0.104255
   182   0.000000 245.166558 -73.645726 -28.131252   1.012640   1.012640   0.000000   0.000000 -24.598203 274.271737 277.781006   0.042593   0.116734 276.182214   0.104277
   183   0.000000 244.801991 -73.753861 -28.047215   1.029666   1.029666   0.000000   0.000000 -24.564881 274.217840 277.722662   0.042691   0.116734 276.123859   0.104299
   184   0.000000 244.442013 -73.858485 -27.961534   1.046192   1.046192   0.000000   0.000000 -24.533753 274.164116 277.664791   0.042788   0.116733 276.065753   0.104322
   185   0.000000 244.086518 -73.959692 -27.874406   1.062277   1.062277   0.000000   0.000000 -24.504721 274.110568 277.607379   0.042885   0.116733 276.007895   0.104343
   186   0.000000 243.735318 -74.057673 -27.785795   1.077983   1.077983   0.000000   0.000000 -24.477677 274.057188 277.550413   0.042980   0.116733 275.950273   0.104365
   187   0.000000 243.388330 -74.152470 -27.695946   1.093339   1.093339   0.000000   0.000000 -24.452579 274.003976 277.493880   0.043075   0.116733 275.892888   0.104387
   188   0.000000 243.045345 -74.244285 -27.604738   1.108393   1.108393   0.000000   0.000000 -24.429333 273.950920 277.437767   0.043169   0.116733 275.835721   0.104408
   189   0.000000 242.706301 -74.333126 -27.512452   1.123157   1.123157   0.000000   0.000000 -24.407930 273.898021 277.382061   0.043262   0.116733 275.778774   0.104429
   190   0.000000 242.370962 -74.419223 -27.418864   1.137674   1.137674   0.000000   0.000000 -24.388280 273.845264 277.326751   0.043355   0.116733 275.722025   0.104450
   191   0.000000 242.039288 -74.502542 -27.324319   1.151937   1.151937   0.000000   0.000000 -24.370409 273.792649 277.271824   0.043446   0.116732 275.665474   0.104471
   192   0.000000 241.711008 -74.583350 -27.228473   1.165989   1.165989   0.000000   0.000000 -24.354225 273.740157 277.217270   0.043537   0.116732 275.609094   0.104491
   193   0.000000 241.386114 -74.661563 -27.131765   1.179808   1.179808   0.000000   0.000000 -24.339790 273.687790 277.163076   0.043627   0.116732 275.552890   0.104511
   194   0.000000 241.064291 -74.737499 -27.033701   1.193440   1.193440   0.000000   0.000000 -24.327003 273.635523 277.109232   0.043716   0.116732 275.496827   0.104532
   195   0.000000 240.745574 -74.811006 -26.934861   1.206845   1.206845   0.000000   0.000000 -24.315966 273.581997 277.055672   0.043804   0.116732 275.440065   0.104552
   196   0.000000 240.429593 -74.876328 -26.848504   1.256475   1.256475   0.000000   0.000000 -24.315719 273.528961 277.002406   0.043891   0.116732 275.383686   0.104571
   197   0.000000 240.115639 -74.942027 -26.756531   1.285971   1.285971   0.000000   0.000000 -24.314113 273.476024 276.949428   0.043976   0.116732 275.327373   0.104591
   198   0.000000 239.803478 -75.006569 -26.661381   1.316885   1.316885   0.000000   0.000000 -24.313830 273.423059 276.896726   0.044060   0.116731 275.271040   0.104610
   199   0.000000 239.493488 -75.069023 -26.565513   1.347492   1.347492   0.000000   0.000000 -24.315671 273.370096 276.844291   0.044143   0.116731 275.214731   0.104629
   200   0.000000 239.185168 -75.130002 -26.467688   1.378015   1.378015   0.000000   0.000000 -24.319364 273.317090 276.792111   0.044224   0.116731 275.158389   0.104648
   201   0.000000 238.878832 -75.189003 -26.369270   1.408354   1.408354   0.000000   0.000000 -24.325144 273.264073 276.740176   0.044304   0.116731 275.102053   0.104667
   202   0.000000 238.573851 -75.246778 -26.268625   1.438640   1.438640   0.000000   0.000000 -24.332721 273.210985 276.688476   0.044383   0.116731 275.045647   0.104685
   203   0.000000 238.270666 -75.302627 -26.167546   1.468736   1.468736   0.000000   0.000000 -24.342439 273.157867 276.637001   0.044460   0.116731 274.989223   0.104704
   204   0.000000 237.968491 -75.357505 -26.063895   1.498806   1.498806   0.000000   0.000000 -24.353938 273.106290 276.585806   0.044536   0.116730 274.933711   0.104722
   205   0.000000 237.667938 -75.417856 -25.943161   1.484882   1.484882   0.000000   0.000000 -24.356607 273.053982 276.534847   0.044612   0.116730 274.877709   0.104740
   206   0.000000 237.368973 -75.473520 -25.827262   1.499570   1.499570   0.000000   0.000000 -24.366055 273.001487 276.484109   0.044687   0.116730 274.821598   0.104757
   207   0.000000 237.072072 -75.526477 -25.713400   1.511739   1.511739   0.000000   0.000000 -24.378358 272.948994 276.433583   0.044761   0.116730 274.765505   0.104775
   208   0.000000 236.775715 -75.579055 -25.595902   1.524079   1.524079   0.000000   0.000000 -24.392124 272.896362 276.383255   0.044834   0.116730 274.709247   0.104792
   209   0.000000 236.480995 -75.629559 -25.478729   1.536015   1.536015   0.000000   0.000000 -24.408253 272.843685 276.333118   0.044907   0.116729 274.652937   0.104810
   210   0.000000 236.186278 -75.679996 -25.357059   1.547915   1.547915   0.000000   0.000000 -24.426030 272.790795 276.283157   0.044979   0.116729 274.596369   0.104827
   211   0.000000 235.893011 -75.728210 -25.235915   1.559282   1.559282   0.000000   0.000000 -24.446528 272.737819 276.233362   0.045050   0.116729 274.539695   0.104844
   212   0.000000 235.599115 -75.776788 -25.109024   1.570592   1.570592   0.000000   0.000000 -24.468798 272.684541 276.183717   0.045121   0.116729 274.482650   0.104861
   213   0.000000 235.306474 -75.822940 -24.982753   1.581205   1.581205   0.000000   0.000000 -24.494228 272.631124 276.134213   0.045190   0.116729 274.425427   0.104878
   214   0.000000 235.012444 -75.869957 -24.849068   1.591721   1.591721   0.000000   0.000000 -24.521620 272.577291 276.084830   0.045259   0.116729 274.367688   0.104894
   215   0.000000 234.719448 -75.914258 -24.716050   1.601323   1.601323   0.000000   0.000000 -24.552775 272.523248 276.035559   0.045327   0.116728 274.309678   0.104911
   216   0.000000 234.424159 -75.959989 -24.573641   1.610771   1.610771   0.000000   0.000000 -24.586179 272.468647 275.986376   0.045394   0.116728 274.250977   0.104927
   217   0.000000 234.129672 -76.002607 -24.440862   1.619232   1.619232   0.000000   0.000000 -24.624101 272.414057 275.937282   0.045461   0.116728 274.192254   0.104943
   218   0.000000 233.831408 -76.049078 -24.298863   1.628648   1.628648   0.000000   0.000000 -24.662581 272.358975 275.888259   0.045527   0.116728 274.132899   0.104959
   219   0.000000 233.533541 -76.093129 -24.161021   1.637277   1.637277   0.000000   0.000000 -24.704988 272.303738 275.839302   0.045592   0.116728 274.073349   0.104975
   220   0.000000 233.231436 -76.140746 -24.013398   1.646254   1.646254   0.000000   0.000000 -24.748946 272.247886 275.790387   0.045657   0.116727 274.013059   0.104991
   221   0.000000 232.930191 -76.184952 -23.872194   1.654180   1.654180   0.000000   0.000000 -24.797506 272.191905 275.741514   0.045721   0.116727 273.952643   0.105007
   222   0.000000 232.624407 -76.233139 -23.721415   1.662707   1.662707   0.000000   0.000000 -24.847262 272.135314 275.692661   0.045784   0.116727 273.891516   0.105023
   223   0.000000 232.320179 -76.277263 -23.580086   1.670359   1.670359   0.000000   0.000000 -24.901432 272.078721 275.643833   0.045847   0.116727 273.830449   0.105038
   224   0.000000 232.011457 -76.325899 -23.430412   1.679167   1.679167   0.000000   0.000000 -24.955786 271.930419 275.591335   0.045909   0.116727 273.710771   0.105053
   225   0.000000 231.705153 -75.966465 -24.134740   1.273195   1.273195   0.000000   0.000000 -25.626411 271.881317 275.539547   0.045984   0.116726 273.655659   0.105070
   226   0.000000 231.347365 -76.096374 -23.891011   1.105241   1.105241   0.000000   0.000000 -25.607611 271.840115 275.488707   0.046065   0.116726 273.600650   0.105087
   227   0.000000 230.993523 -76.257485 -23.525652   0.968274   0.968274   0.000000   0.000000 -25.540149 271.798255 275.438690   0.046151   0.116726 273.545371   0.105104
   228   0.000000 230.654356 -76.401539 -23.186681   0.833420   0.833420   0.000000   0.000000 -25.483040 271.756940 275.389432   0.046240   0.116726 273.491586   0.105122
   229   0.000000 230.333464 -76.530353 -22.879402   0.704801   0.704801   0.000000   0.000000 -25.427444 271.716847 275.340909   0.046335   0.116726 273.440050   0.105140
   230   0.000000 230.022520 -76.654997 -22.586436   0.584129   0.584129   0.000000   0.000000 -25.368431 271.677553 275.293084   0.046433   0.116726 273.389891   0.105158
   231   0.000000 229.725883 -76.769366 -22.317766   0.469742   0.469742   0.000000   0.000000 -25.308719 271.639325 275.245939   0.046535   0.116726 273.341622   0.105177
   232   0.000000 229.436197 -76.881765 -22.059954   0.361962   0.361962   0.000000   0.000000 -25.246297 271.601730 275.199439   0.046640   0.116726 273.294387   0.105195
   233   0.000000 229.158151 -76.985737 -21.822104   0.259273   0.259273   0.000000   0.000000 -25.183961 271.564999 275.153566   0.046749   0.116726 273.248726   0.105214
   234   0.000000 228.885108 -77.088732 -21.593133   0.161922   0.161922   0.000000   0.000000 -25.119965 271.528774 275.108289   0.046862   0.116726 273.203847   0.105234
   235   0.000000 228.621820 -77.184556 -21.380606   0.068780   0.068780   0.000000   0.000000 -25.056608 271.493254 275.063592   0.046977   0.116726 273.160298   0.105253
   236   0.000000 228.362175 -77.280015 -21.175385  -0.019997  -0.019997  -0.000000  -0.000000 -24.992369 271.458141 275.019447   0.047096   0.116726 273.117342   0.105273
   237   0.000000 228.110950 -77.369162 -20.983999  -0.105222  -0.105222  -0.000000  -0.000000 -24.929141 271.423616 274.975838   0.047218   0.116726 273.075536   0.105292
   238   0.000000 227.862378 -77.458376 -20.798587  -0.186812  -0.186812  -0.000000  -0.000000 -24.865557 271.389423 274.932741   0.047342   0.116726 273.034184   0.105312
   239   0.000000 227.621279 -77.541863 -20.625180  -0.265350  -0.265350  -0.000000  -0.000000 -24.803225 271.355732 274.890140   0.047470   0.116726 272.993848   0.105332
   240   0.000000 227.382090 -77.625760 -20.456561  -0.340802  -0.340802  -0.000000  -0.000000 -24.740859 271.322315 274.848015   0.047600   0.116726 272.953859   0.105352
   241   0.000000 227.149695 -77.704326 -20.298713  -0.413592  -0.413592  -0.000000  -0.000000 -24.679900 271.289341 274.806352   0.047733   0.116726 272.914789   0.105373
   242   0.000000 226.918632 -77.783599 -20.144561  -0.483707  -0.483707  -0.000000  -0.000000 -24.619081 271.256594 274.765132   0.047868   0.116726 272.875985   0.105393
   243   0.000000 226.693873 -77.857809 -20.000383  -0.551476  -0.551476  -0.000000  -0.000000 -24.559768 271.224249 274.724344   0.048007   0.116726 272.838028   0.105414
   244   0.000000 226.469984 -77.932989 -19.858890  -0.616884  -0.616884  -0.000000  -0.000000 -24.500666 271.192094 274.683970   0.048147   0.116726 272.800272   0.105434
   245   0.000000 226.252044 -78.003282 -19.726893  -0.680207  -0.680207  -0.000000  -0.000000 -24.443133 271.160313 274.644000   0.048290   0.116726 272.763311   0.105455
   246   0.000000 226.034600 -78.074788 -19.596647  -0.741410  -0.741410  -0.000000  -0.000000 -24.385810 271.128691 274.604419   0.048436   0.116726 272.726501   0.105476
   247   0.000000 225.822843 -78.141524 -19.475640  -0.800748  -0.800748  -0.000000  -0.000000 -24.330091 271.097427 274.565218   0.048584   0.116726 272.690447   0.105497
   248   0.000000 225.611271 -78.209696 -19.355506  -0.858154  -0.858154  -0.000000  -0.000000 -24.274534 271.066297 274.526383   0.048734   0.116726 272.654503   0.105518
   249   0.000000 225.405192 -78.273170 -19.244510  -0.913886  -0.913886  -0.000000  -0.000000 -24.220602 271.035513 274.487907   0.048886   0.116727 272.619286   0.105539
   250   0.000000 225.199036 -78.338289 -19.133561  -0.967832  -0.967832  -0.000000  -0.000000 -24.166755 271.004841 274.449776   0.049041   0.116727 272.584146   0.105561
   251   0.000000 224.998228 -78.398753 -19.031759  -1.020274  -1.020274  -0.000000  -0.000000 -24.114544 270.974512 274.411986   0.049198   0.116727 272.549711   0.105582
   252   0.000000 224.797116 -78.461057 -18.929237  -1.071048  -1.071048  -0.000000  -0.000000 -24.062321 270.944275 274.374523   0.049357   0.116727 272.515325   0.105603
   253   0.000000 224.601247 -78.518725 -18.824921  -1.120256  -1.120256  -0.000000  -0.000000 -24.011740 270.913998 274.337369   0.049518   0.116727 272.481154   0.105625
   254   0.000000 224.405478 -78.576164 -18.716695  -1.168839  -1.168839  -0.000000  -0.000000 -23.963602 270.883517 274.300501   0.049682   0.116727 272.446681   0.105646
   255   0.000000 224.215189 -78.627441 -18.615200  -1.216798  -1.216798  -0.000000  -0.000000 -23.918890 270.853129 274.263909   0.049847   0.116727 272.412576   0.105668
   256   0.000000 224.024284 -78.679768 -18.508886  -1.263732  -1.263732  -0.000000  -0.000000 -23.875462 270.822556 274.227575   0.050015   0.116728 272.378161   0.105689
   257   0.000000 223.838306 -78.726552 -18.409317  -1.310002  -1.310002  -0.000000  -0.000000 -23.835128 270.792072 274.191490   0.050185   0.116728 272.344088   0.105711
   258   0.000000 223.651195 -78.774868 -18.304564  -1.355277  -1.355277  -0.000000  -0.000000 -23.795926 270.761379 274.155637   0.050357   0.116728 272.309672   0.105732
   259   0.000000 223.468599 -78.817937 -18.206785  -1.399983  -1.399983  -0.000000  -0.000000 -23.759805 270.730761 274.120010   0.050531   0.116728 272.275571   0.105754
   260   0.000000 223.284505 -78.862831 -18.103649  -1.443749  -1.443749  -0.000000  -0.000000 -23.724741 270.699916 274.084591   0.050707   0.116728 272.241103   0.105776
   261   0.000000 223.104585 -78.902729 -18.007607  -1.487024  -1.487024  -0.000000  -0.000000 -23.692727 270.669132 274.049375   0.050886   0.116728 272.206926   0.105798
   262   0.000000 222.922907 -78.944649 -17.906157  -1.529409  -1.529409  -0.000000  -0.000000 -23.661703 270.638109 274.014347   0.051066   0.116729 272.172368   0.105820
   263   0.000000 222.745101 -78.981812 -17.811813  -1.571359  -1.571359  -0.000000  -0.000000 -23.633668 270.607136 273.979502   0.051249   0.116729 272.138079   0.105842
   264   0.000000 222.565362 -79.021120 -17.712121  -1.612467  -1.612467  -0.000000  -0.000000 -23.606560 270.575917 273.944824   0.051433   0.116729 272.103402   0.105863
   265   0.000000 222.389214 -79.055914 -17.619449  -1.653179  -1.653179  -0.000000  -0.000000 -23.582352 270.544738 273.910311   0.051620   0.116729 272.068975   0.105885
   266   0.000000 222.211020 -79.092918 -17.521580  -1.693090  -1.693090  -0.000000  -0.000000 -23.559015 270.513310 273.875949   0.051809   0.116729 272.034160   0.105907
   267   0.000000 222.036153 -79.125656 -17.430560  -1.732632  -1.732632  -0.000000  -0.000000 -23.538472 270.481913 273.841734   0.052000   0.116730 271.999575   0.105930
   268   0.000000 221.859174 -79.160623 -17.334568  -1.771412  -1.771412  -0.000000  -0.000000 -23.518752 270.450268 273.807654   0.052193   0.116730 271.964606   0.105952
   269   0.000000 221.685269 -79.191581 -17.245184  -1.809839  -1.809839  -0.000000  -0.000000 -23.501704 270.418644 273.773707   0.052388   0.116730 271.929850   0.105974
   270   0.000000 221.509226 -79.224748 -17.151109  -1.847543  -1.847543  -0.000000  -0.000000 -23.485440 270.386776 273.739879   0.052585   0.116730 271.894717   0.105996
   271   0.000000 221.336011 -79.254165 -17.063346  -1.884900  -1.884900  -0.000000  -0.000000 -23.471719 270.354920 273.706170   0.052785   0.116730 271.859779   0.106018
   272   0.000000 221.160664 -79.285746 -16.971214  -1.921572  -1.921572  -0.000000  -0.000000 -23.458752 270.322827 273.672569   0.052986   0.116731 271.824475   0.106040
   273   0.000000 220.987906 -79.313836 -16.885059  -1.957898  -1.957898  -0.000000  -0.000000 -23.448191 270.290735 273.639073   0.053189   0.116731 271.789347   0.106062
   274   0.000000 220.813047 -79.344020 -16.794885  -1.993575  -1.993575  -0.000000  -0.000000 -23.438361 270.258415 273.605672   0.053395   0.116731 271.753867   0.106085
   275   0.000000 220.640547 -79.370973 -16.710326  -2.028902  -2.028902  -0.000000  -0.000000 -23.430799 270.226088 273.572366   0.053603   0.116731 271.718546   0.106107
   276   1.317010 220.465997 -78.346324 -16.622115  -2.063616  -2.063616  -0.000000  -0.000000 -23.423950 270.224277 273.540380   0.053812   0.116732 271.703079   0.106129
   277   3.893697 220.293585 -76.444354 -16.250135  -2.016269  -2.016269  -0.000000  -0.000000 -23.212726 270.257758 273.511009   0.054020   0.116732 271.710213   0.106151
   278  10.102851 220.134668 -71.776540 -15.539558  -1.876282  -1.876282  -0.000000  -0.000000 -22.772754 270.381041 273.487609   0.054220   0.116732 271.775610   0.106173
   279  20.000069 220.012636 -64.512843 -13.926184  -1.491970  -1.491970  -0.000000  -0.000000 -21.745975 270.598450 273.473381   0.054402   0.116732 271.900728   0.106193
   280  32.829486 219.972291 -55.234947 -11.202881  -0.834880  -0.834880  -0.000000  -0.000000 -20.124518 270.880991 273.470058   0.054550   0.116732 272.067666   0.106211
   281  47.794156 220.077768 -44.394370  -7.557224   0.034070   0.034070   0.000000   0.000000 -18.123469 271.199270 273.478045   0.054653   0.116732 272.262085   0.106226
   282  64.276100 220.369566 -32.319895  -3.304723   1.040896   1.040896   0.000000   0.000000 -15.951424 271.534411 273.496985   0.054705   0.116732 272.476464   0.106238
   283  81.831369 220.871530 -19.262068   1.199060   2.125564   2.125564   0.000000   0.000000 -13.738020 271.882498 273.526432   0.054702   0.116732 272.779442   0.106247
   284 100.144444 229.572262   2.292108 -23.928834   3.054543   3.054543   0.000000   0.000000 -11.507536 273.246381 273.606316   0.054653   0.116732 274.280476   0.106252
   285 118.988397 228.083939   9.848137   6.946940   8.299003   8.299003   0.000000   0.000000  -2.519548 273.257135 273.677351   0.054344   0.116731 274.212554   0.106241
   286 138.196710 235.958818  32.805154 -22.863216   7.771779   7.771779   0.000000   0.000000  -2.941518 275.643604 273.836285   0.054069   0.116730 276.102348   0.106231
   287 157.644396 234.492429  36.087968  36.072441  16.419233  16.419233   0.000000   0.000000  12.651230 275.676103 273.979926   0.053389   0.116728 275.943428   0.106194
   288 177.235471 241.522340  58.430085   3.159601  14.097293  14.097293   0.000000   0.000000  11.873238 277.125195 274.167387   0.052845   0.116726 277.333482   0.106164
   289 196.894559 243.674964  69.513962  32.831051  17.230842  17.230842   0.000000   0.000000  20.704658 277.760299 274.362013   0.052186   0.116724 277.809101   0.106125
   290 216.561202 248.345017  86.793515  25.652829  15.907575  15.907575   0.000000   0.000000  23.787999 278.883423 274.583326   0.051618   0.116722 278.750538   0.106090
   291 236.185933 251.999502 100.711387  39.403566  17.119188  17.119188   0.000000   0.000000  30.100676 279.787440 274.820403   0.051032   0.116720 279.481270   0.106051
   292 255.727512 255.883803 115.777838  45.724571  16.996346  16.996346   0.000000   0.000000  34.769253 280.739995 275.074238   0.050485   0.116718 280.245665   0.106012
   293 275.150966 259.749677 130.453495  54.345565  16.987583  16.987583   0.000000   0.000000  39.660295 281.668329 275.342795   0.049971   0.116716 280.992825   0.105973
   294 294.426160 263.595571 145.063051  62.908414  16.733064  16.733064   0.000000   0.000000  44.278740 282.581285 275.624601   0.049498   0.116714 281.725373   0.105936
   295 313.526752 267.259059 159.387209  72.614090  16.332204  16.332204   0.000000   0.000000  48.696792 283.453381 275.917303   0.049067   0.116712 282.416020   0.105900
   296 332.429413 270.736919 173.533796  82.563891  15.718001  15.718001   0.000000   0.000000  52.752546 284.244679 276.217168   0.048683   0.116710 283.058417   0.105866
   297 351.113240 274.023254 187.687580  91.275324  16.813213  16.813213   0.000000   0.000000  56.192571 284.957379 276.520910   0.048290   0.116708 283.653704   0.105828
   298 369.559306 277.070538 201.786125  98.952166  19.770421  19.770421   0.000000   0.000000  59.055280 285.631186 276.827150   0.047837   0.116706 284.203378   0.105781
   299 387.750314 279.870173 215.612609 106.974413  22.619199  22.619199   0.000000   0.000000  61.628253 286.263413 277.134507   0.047334   0.116703 284.706698   0.105725
   300 405.670333 282.462404 229.211291 114.914104  25.351646  25.351646   0.000000   0.000000  63.902342 286.861408 277.441998   0.046794   0.116700 285.171390   0.105661
   301 423.304579 284.865513 242.554082 122.874401  27.994480  27.994480   0.000000   0.000000  65.935870 287.427950 277.748811   0.046225   0.116697 285.601120   0.105588
   302 440.639258 287.100930 255.639469 130.780636  30.550413  30.550413   0.000000   0.000000  67.753977 287.966605 278.054316   0.045636   0.116693 285.999998   0.105507
   303 457.661424 289.187244 268.459234 138.617389  33.026617  33.026617   0.000000   0.000000  69.386019 288.480218 278.358026   0.045033   0.116689 286.371496   0.105419
   304 474.358880 291.142331 281.008329 146.349034  35.427790  35.427790   0.000000   0.000000  70.855345 288.971571 278.659574   0.044423   0.116685 286.718880   0.105323
   305 490.720087 292.981737 293.279901 153.955035  37.759594  37.759594   0.000000   0.000000  72.183978 289.443072 278.958695   0.043810   0.116680 287.044961   0.105220
   306 506.734093 294.718605 305.266859 161.424113  40.027161  40.027161   0.000000   0.000000  73.390636 289.896652 279.255194   0.043198   0.116675 287.352093   0.105110
   307 522.390484 296.364016 316.962771 168.747558  42.234329  42.234329   0.000000   0.000000  74.490212 290.333843 279.548925   0.042591   0.116670 287.642247   0.104994
   308 537.679328 297.927374 328.361891 175.916783  44.383724  44.383724   0.000000   0.000000  75.494428 290.755878 279.839780   0.041991   0.116665 287.917084   0.104870
   309 552.591144 299.416753 339.458952 182.921645  46.477034  46.477034   0.000000   0.000000  76.412683 291.163810 280.127679   0.041401   0.116659 288.178020   0.104741
   310 567.116864 300.839111 350.248773 189.751349  48.515449  48.515449   0.000000   0.000000  77.252916 291.558574 280.412562   0.040822   0.116654 288.426282   0.104605
   311 581.247814 302.200362 360.725997 196.398549  50.499997  50.499997   0.000000   0.000000  78.022079 291.940944 280.694386   0.040255   0.116648 288.662915   0.104463
   312 600.525480 303.505550 375.325311 202.858196  52.431288  52.431288   0.000000   0.000000  78.725908 292.393139 280.976415   0.039702   0.116641 288.899282   0.104316
   313 613.863817 304.759000 384.730914 212.574883  54.844557  54.844557   0.000000   0.000000  79.917067 292.741621 281.254549   0.039156   0.116635 289.113681   0.104161
   314 626.782659 306.029223 394.378329 217.765132  56.593793  56.593793   0.000000   0.000000  80.409502 293.100852 281.529731   0.038627   0.116628 289.330399   0.104001
   315 639.274723 307.204111 403.525445 224.008083  58.437958  58.437958   0.000000   0.000000  80.997846 293.439336 281.801508   0.038113   0.116621 289.530169   0.103835
   316 651.333035 308.341848 412.397536 229.582898  60.158661  60.158661   0.000000   0.000000  81.464791 293.769566 282.069969   0.037614   0.116614 289.722646   0.103665
   317 662.950926 309.432859 420.911489 235.084979  61.838163  61.838163   0.000000   0.000000  81.897178 294.088385 282.335048   0.037131   0.116606 289.906231   0.103489
   318 674.122020 310.485723 429.088643 240.325494  63.451327  63.451327   0.000000   0.000000  82.273361 294.397344 282.596736   0.036664   0.116599 290.082384   0.103309
   319 684.840232 311.501405 436.916973 245.367742  65.006457  65.006457   0.000000   0.000000  82.604254 294.696237 282.855005   0.036211   0.116591 290.251308   0.103124
   320 695.099762 312.482528 444.396047 250.189986  66.499693  66.499693   0.000000   0.000000  82.888624 294.985328 283.109829   0.035774   0.116583 290.413485   0.102935
   321 704.895091 313.430677 451.522009 254.797603  67.930773  67.930773   0.000000   0.000000  83.128493 295.264664 283.361176   0.035351   0.116575 290.569228   0.102742
   322 714.220978 314.347437 458.292417 259.186780  69.298055  69.298055   0.000000   0.000000  83.324418 295.534324 283.609008   0.034942   0.116566 290.718852   0.102545
   323 723.072459 315.234147 464.704603 263.356783  70.600311  70.600311   0.000000   0.000000  83.477210 295.794351 283.853288   0.034548   0.116558 290.862631   0.102345
   324 731.444842 316.092029 470.756202 267.305953  71.836194  71.836194   0.000000   0.000000  83.587439 296.044780 284.093973   0.034167   0.116549 291.000817   0.102141
   325 739.333706 316.922181 476.444973 271.065728  73.005802  73.005802   0.000000   0.000000  83.655649 296.284996 284.330989   0.033799   0.116541 291.133688   0.101933
   326 746.734902 317.726078 481.772948 274.602542  74.103002  74.103002   0.000000   0.000000  83.678046 296.515217 284.564275   0.033445   0.116532 291.261556   0.101723
   327 753.644549 318.504335 486.736796 277.926226  75.128254  75.128254   0.000000   0.000000  83.656594 296.735375 284.793763   0.033103   0.116523 291.384582   0.101510
   328 760.059034 319.257911 491.335345 281.032454  76.079969  76.079969   0.000000   0.000000  83.591284 296.945486 285.019384   0.032773   0.116513 291.502982   0.101294
   329 765.975013 319.987598 495.566970 283.921708  76.957384  76.957384   0.000000   0.000000  83.482712 297.145533 285.241071   0.032456   0.116504 291.616943   0.101076
   330 771.389409 320.694176 499.430432 286.593003  77.759620  77.759620   0.000000   0.000000  83.331231 297.335503 285.458756   0.032149   0.116495 291.726646   0.100856
   331 776.299410 321.378359 502.924596 289.045915  78.485996  78.485996   0.000000   0.000000  83.137235 297.515378 285.672367   0.031854   0.116486 291.832261   0.100635
   332 780.702473 322.040818 506.048521 291.279910  79.135934  79.135934   0.000000   0.000000  82.901076 297.685136 285.881837   0.031570   0.116476 291.933947   0.100411
   333 784.596320 322.682176 508.801432 293.294570  79.708995  79.708995   0.000000   0.000000  82.623090 297.844751 286.087095   0.031297   0.116466 292.031853   0.100187
   334 787.978940 323.303014 511.182724 295.089513  80.204869  80.204869   0.000000   0.000000  82.303597 297.994197 286.288069   0.031034   0.116457 292.126121   0.099961
   335 790.848588 323.903871 513.191966 296.664394  80.623380  80.623380   0.000000   0.000000  81.942898 298.133445 286.484690   0.030780   0.116447 292.216879   0.099735
   336 793.203785 324.485249 514.828896 298.018889  80.964486  80.964486   0.000000   0.000000  81.541286 298.262465 286.676887   0.030537   0.116437 292.304249   0.099508
   337 795.043317 325.047611 516.093417 299.152674  81.228282  81.228282   0.000000   0.000000  81.099044 298.381226 286.864590   0.030302   0.116428 292.388344   0.099280
   338 796.366239 325.591385 516.985596 300.065414  81.415004  81.415004   0.000000   0.000000  80.616456 298.489699 287.047727   0.030077   0.116418 292.469264   0.099053
   339 797.171869 326.116963 517.505655 300.756761  81.525030  81.525030   0.000000   0.000000  80.093809 298.587856 287.226228   0.029861   0.116408 292.547104   0.098825
   340 797.459794 326.624701 517.653970 301.226346  81.558883  81.558883   0.000000   0.000000  79.531395 298.675670 287.400024   0.029653   0.116398 292.621946   0.098598
   341 797.229866 327.114921 517.431067 301.473763  81.517228  81.517228   0.000000   0.000000  78.929520 298.753118 287.569046   0.029454   0.116389 292.693864   0.098372
   342 796.482203 327.587911 516.837619 301.498571  81.400880  81.400880   0.000000   0.000000  78.288502 298.820179 287.733225   0.029263   0.116379 292.762921   0.098147
   343 795.217189 328.043923 515.874437 301.300283  81.210791  81.210791   0.000000   0.000000  77.608678 298.876837 287.892493   0.029079   0.116369 292.829171   0.097922
   344 793.435475 328.483173 514.542472 300.878375  80.948054  80.948054   0.000000   0.000000  76.890407 298.923081 288.046786   0.028904   0.116359 292.892656   0.097699
   345 791.137978 328.905838 512.842802 300.232287  80.613893  80.613893   0.000000   0.000000  76.134066 298.958902 288.196036   0.028736   0.116350 292.953408   0.097478
   346 788.325880 329.312056 510.776638 299.361433  80.209655  80.209655   0.000000   0.000000  75.340058 298.984298 288.340183   0.028575   0.116340 293.011447   0.097258
   347 785.000631 329.701925 508.345314 298.265201  79.736807  79.736807   0.000000   0.000000  74.508809 298.999272 288.479162   0.028421   0.116331 293.066782   0.097040
   348 781.163946 330.075501 505.550292 296.942960  79.196925  79.196925   0.000000   0.000000  73.640769 299.003830 288.612915   0.028275   0.116321 293.119411   0.096824
   349 776.817806 330.432803 502.393157 295.394060  78.591690  78.591690   0.000000   0.000000  72.736409 298.997987 288.741382   0.028135   0.116312 293.169319   0.096611
   350 771.964460 330.773807 498.875618 293.617833  77.922883  77.922883   0.000000   0.000000  71.796228 298.981759 288.864510   0.028001   0.116302 293.216479   0.096400
   351 766.606422 331.098450 494.999504 291.613591  77.192372  77.192372   0.000000   0.000000  70.820748 298.955173 288.982242   0.027874   0.116293 293.260855   0.096192
   352 760.746472 331.406631 490.766768 289.380629  76.402115  76.402115   0.000000   0.000000  69.810516 298.918258 289.094529   0.027754   0.116284 293.302397   0.095987
   353 754.387658 331.698210 486.179483 286.918227  75.554147  75.554147   0.000000   0.000000  68.766108 298.871053 289.201320   0.027639   0.116275 293.341043   0.095785
   354 747.533295 331.973010 481.239840 284.225663  74.650573  74.650573   0.000000   0.000000  67.688130 298.813601 289.302571   0.027531   0.116266 293.376723   0.095587
   355 740.186965 332.230819 475.950155 281.302214  73.693568  73.693568   0.000000   0.000000  66.577213 298.745954 289.398237   0.027428   0.116257 293.409354   0.095391
   356 732.352518 332.471393 470.312866 278.147175  72.685363  72.685363   0.000000   0.000000  65.434022 298.668170 289.488278   0.027332   0.116248 293.438842   0.095199
   357 724.034075 332.694456 464.330538 274.759871  71.628242  71.628242   0.000000   0.000000  64.259246 298.580315 289.572657   0.027240   0.116240 293.465087   0.095011
   358 715.236024 332.899705 458.005869 271.139678  70.524531  70.524531   0.000000   0.000000  63.053604 298.482459 289.651340   0.027155   0.116231 293.487978   0.094827
   359 705.963028 333.086814 451.341694 267.286043  69.376590  69.376590   0.000000   0.000000  61.817836 298.374682 289.724295   0.027075   0.116223 293.507394   0.094647
   360 696.220021 333.255434 444.340993 263.198499  68.186802  68.186802   0.000000   0.000000  60.552709 298.257068 289.791496   0.027000   0.116215 293.523212   0.094471
   361 686.012213 333.405197 437.006896 258.892526  66.958154  66.958154   0.000000   0.000000  59.259003 298.129408 289.852905   0.026930   0.116207 293.535319   0.094299
   362 675.345090 333.535941 429.344650 254.349436  65.690809  65.690809   0.000000   0.000000  57.935516 297.991954 289.908498   0.026865   0.116199 293.543605   0.094131
   363 664.224422 333.647046 421.356571 249.574376  64.388249  64.388249   0.000000   0.000000  56.584196 297.844808 289.958252   0.026806   0.116191 293.547887   0.093968
   364 652.656261 333.738121 413.046303 244.565105  63.052823  63.052823   0.000000   0.000000  55.205894 297.688118 290.002152   0.026751   0.116183 293.548013   0.093809
   365 640.646949 333.808719 404.417377 239.322056  61.687165  61.687165   0.000000   0.000000  53.801762 297.522016 290.040186   0.026701   0.116176 293.543826   0.093655
   366 628.203124 333.858421 395.473663 233.845163  60.293754  60.293754   0.000000   0.000000  52.372813 297.346642 290.072347   0.026656   0.116169 293.535168   0.093506
   367 615.331725 333.886816 386.219235 228.134886  58.875043  58.875043   0.000000   0.000000  50.920068 297.162134 290.098632   0.026616   0.116162 293.521884   0.093361
   368 602.039999 333.893506 376.658431 222.191914  57.433418  57.433418   0.000000   0.000000  49.444510 296.968629 290.119043   0.026581   0.116155 293.503822   0.093221
   369 588.335516 333.878111 366.795850 216.017281  55.971203  55.971203   0.000000   0.000000  47.947098 296.766265 290.133585   0.026549   0.116148 293.480832   0.093086
   370 574.226173 333.840274 356.636369 209.612348  54.490655  54.490655   0.000000   0.000000  46.428762 296.555180 290.142264   0.026523   0.116142 293.452766   0.092956
   371 559.720216 333.779660 346.185160 202.978832  52.993966  52.993966   0.000000   0.000000  44.890410 296.335512 290.145094   0.026501   0.116135 293.419480   0.092830
   372 544.826250 333.695960 335.447705 196.118815  51.483254  51.483254   0.000000   0.000000  43.332924 296.107397 290.142088   0.026483   0.116129 293.380834   0.092710
   373 529.553264 333.588894 324.429817 189.034765  49.960568  49.960568   0.000000   0.000000  41.757161 295.870972 290.133263   0.026470   0.116123 293.336689   0.092594
   374 513.910654 333.458214 313.137660 181.729553  48.427887  48.427887   0.000000   0.000000  40.163960 295.626374 290.118640   0.026461   0.116117 293.286910   0.092484
   375 497.908253 333.303704 301.577778 174.206471  46.887117  46.887117   0.000000   0.000000  38.554137 295.373741 290.098242   0.026456   0.116112 293.231365   0.092379
   376 481.556366 333.125180 289.757120 166.469259  45.340096  45.340096   0.000000   0.000000  36.928492 295.113209 290.072094   0.026456   0.116106 293.169921   0.092278
   377 464.865816 332.922494 277.683081 158.522126  43.788589  43.788589   0.000000   0.000000  35.287808 294.844917 290.040223   0.026459   0.116101 293.102445   0.092183
   378 447.847993 332.695537 265.363538 150.369785  42.234299  42.234299   0.000000   0.000000  33.632859 294.569003 290.002659   0.026467   0.116096 293.028801   0.092093
   379 430.514925 332.444235 252.806910 142.017486  40.678858  40.678858   0.000000   0.000000  31.964407 294.285609 289.959436   0.026479   0.116091 292.948848   0.092007
   380 412.879356 332.168553 240.022214 133.471066  39.123839  39.123839   0.000000   0.000000  30.283212 293.994878 289.910588   0.026495   0.116086 292.862434   0.091927
   381 394.954843 331.868497 227.019145 124.736998  37.570753  37.570753   0.000000   0.000000  28.590033 293.696957 289.856152   0.026515   0.116082 292.769392   0.091851
   382 376.755884 331.544116 213.808174 115.822465  36.021054  36.021054   0.000000   0.000000  26.885639 293.391998 289.796167   0.026540   0.116078 292.669527   0.091781
   383 358.298072 331.195502 200.400668 106.735442  34.476143  34.476143   0.000000   0.000000  25.170812 293.080157 289.730677   0.026568   0.116073 292.562600   0.091715
   384 339.598289 330.822797 186.809044  97.484802  32.937376  32.937376   0.000000   0.000000  23.446357 292.761600 289.659726   0.026601   0.116069 292.448291   0.091655
   385 320.674957 330.426193 173.046959  88.080457  31.406064  31.406064   0.000000   0.000000  21.713115 292.436501 289.583362   0.026637   0.116066 292.326104   0.091599
   386 301.548358 330.005938 159.129567  78.533535  29.883481  29.883481   0.000000   0.000000  19.971975 292.105050 289.501637   0.026678   0.116062 292.194872   0.091548
   387 282.241041 329.562346 145.073835  68.856615  28.370869  28.370869   0.000000   0.000000  18.223893 291.767449 289.414605   0.026723   0.116059 292.052904   0.091502
   388 262.778372 329.095803 130.898973  59.064041  26.869441  26.869441   0.000000   0.000000  16.469907 291.423922 289.322327   0.026772   0.116055 291.900714   0.091460
   389 243.189236 328.606782 116.626998  49.172360  25.380382  25.380382   0.000000   0.000000  14.711164 291.074716 289.224867   0.026825   0.116052 291.739028   0.091423
   390 223.507002 328.095859 102.283493  39.200948  23.904829  23.904829   0.000000   0.000000  12.948943 290.720105 289.122295   0.026882   0.116050 291.568522   0.091391
   391 203.770807 327.563735  87.898654  29.172963  22.443833  22.443833   0.000000   0.000000  11.184667 290.360389 289.014689   0.026944   0.116047 291.389840   0.091364
   392 184.027342 327.011279  73.508756  19.116977  20.998220  20.998220   0.000000   0.000000   9.419894 289.995875 288.902132   0.027009   0.116044 291.203597   0.091340
   393 164.333327 326.439580  59.158289   9.070383  19.568142  19.568142   0.000000   0.000000   7.656202 289.626805 288.784709   0.027079   0.116042 291.010369   0.091322
   394 144.759029 325.850063  44.903293  -0.908286  18.150271  18.150271   0.000000   0.000000   5.894668 289.252876 288.662487   0.027154   0.116040 290.656458   0.091307
   395 125.393339 325.707228  31.266791  -8.837431  14.743833  14.743833   0.000000   0.000000   4.132722 288.776212 288.531366   0.027241   0.116038 290.445350   0.091304
   396 106.351208 325.043373  17.920566 -18.074806  13.031443  13.031443   0.000000   0.000000   1.713917 288.333108 288.393464   0.027334   0.116036 290.143532   0.091305
   397  87.784722 323.904942   4.305072 -22.757339  11.183756  11.183756   0.000000   0.000000  -0.422493 287.765353 288.243942   0.027435   0.116035 289.757762   0.091313
   398  69.899779 322.737222  -8.150510 -29.812798   9.200442   9.200442   0.000000   0.000000  -3.350126 287.196881 288.083727   0.027542   0.116034 289.354741   0.091326
   399  52.981139 321.254238 -20.152736 -35.090326   7.353280   7.353280   0.000000   0.000000  -6.207918 286.586256 287.911864   0.027657   0.116033 288.905876   0.091346
   400  37.428803 319.642155 -30.986418 -40.391860   5.539406   5.539406   0.000000   0.000000  -9.279254 285.976490 287.729311   0.027780   0.116032 288.440299   0.091370
   401  23.804173 317.819996 -40.506339 -44.602400   3.857324   3.857324   0.000000   0.000000 -12.269752 285.371529 287.537079   0.027910   0.116032 287.963596   0.091400
   402  12.858710 315.887486 -48.034605 -48.364252   2.318496   2.318496   0.000000   0.000000 -15.158845 284.817690 287.338025   0.028046   0.116032 287.508510   0.091435
   403   5.418197 313.838703 -53.151127 -51.108288   1.018902   1.018902   0.000000   0.000000 -17.642346 284.345962 287.136025   0.028189   0.116032 287.096193   0.091474
   404   1.795281 311.732578 -55.700705 -52.776003   0.000373   0.000373   0.000000   0.000000 -19.530441 283.982550 286.935665   0.028336   0.116032 286.748534   0.091515
   405   0.000000 309.636324 -57.335877 -53.353717  -0.710526  -0.710526   0.000000   0.000000 -20.671799 283.691753 286.739559   0.028487   0.116032 286.447109   0.091559
   406   0.000000 307.633022 -57.816261 -53.351916  -1.230621  -1.230621   0.000000   0.000000 -21.334642 283.470714 286.549960   0.028641   0.116032 286.193705   0.091604
   407   0.000000 305.740485 -58.543123 -52.757336  -1.581772  -1.581772   0.000000   0.000000 -21.554720 283.271532 286.366891   0.028797   0.116032 285.959401   0.091649
   408   0.000000 303.991007 -59.243082 -52.116080  -1.883816  -1.883816   0.000000   0.000000 -21.667516 283.086624 286.190093   0.028954   0.116032 285.742643   0.091696
   409   0.000000 302.381607 -59.880503 -51.582216  -2.154651  -2.154651   0.000000   0.000000 -21.724282 282.916836 286.019407   0.029113   0.116033 285.543274   0.091743
   410   0.000000 300.885577 -60.485076 -51.068393  -2.392066  -2.392066   0.000000   0.000000 -21.717997 282.759054 285.854592   0.029274   0.116033 285.357625   0.091791
   411   0.000000 299.485635 -61.057672 -50.565499  -2.603532  -2.603532   0.000000   0.000000 -21.668765 282.610798 285.695356   0.029435   0.116033 285.183456   0.091839
   412   0.000000 298.174224 -61.593004 -50.105746  -2.794841  -2.794841   0.000000   0.000000 -21.591900 282.471537 285.541438   0.029599   0.116033 285.020003   0.091888
   413   0.000000 296.940857 -62.098386 -49.675985  -2.967363  -2.967363   0.000000   0.000000 -21.489309 282.340290 285.392587   0.029763   0.116034 284.865795   0.091936
   414   0.000000 295.774424 -62.579545 -49.251140  -3.123163  -3.123163   0.000000   0.000000 -21.366079 282.215418 285.248527   0.029929   0.116034 284.719284   0.091985
   415   0.000000 294.668864 -63.034082 -48.846762  -3.266135  -3.266135   0.000000   0.000000 -21.231759 282.090763 285.108763   0.030096   0.116035 284.576508   0.092035
   416   0.000000 293.619215 -63.436273 -48.535171  -3.225963  -3.225963   0.000000   0.000000 -21.126002 281.964559 284.972793   0.030263   0.116035 284.436227   0.092083
   417   0.000000 292.614154 -63.788398 -48.324556  -3.003125  -3.003125   0.000000   0.000000 -21.057634 281.842368 284.840411   0.030429   0.116035 284.300933   0.092131
   418   0.000000 291.643419 -64.127820 -48.118395  -2.804376  -2.804376   0.000000   0.000000 -20.986301 281.724145 284.711439   0.030593   0.116036 284.169922   0.092178
   419   0.000000 290.703742 -64.457422 -47.908816  -2.617846  -2.617846   0.000000   0.000000 -20.911056 281.609487 284.585708   0.030756   0.116036 284.042709   0.092225
   420   0.000000 289.795447 -64.774823 -47.699441  -2.443766  -2.443766   0.000000   0.000000 -20.833545 281.498222 284.463062   0.030918   0.116036 283.919236   0.092270
   421   0.000000 288.915095 -65.082463 -47.485922  -2.281274  -2.281274   0.000000   0.000000 -20.753874 281.389995 284.343352   0.031079   0.116037 283.799088   0.092315
   422   0.000000 288.063920 -65.377334 -47.277061  -2.129945  -2.129945   0.000000   0.000000 -20.673502 281.284851 284.226452   0.031239   0.116037 283.682406   0.092359
   423   0.000000 287.238198 -65.663223 -47.065509  -1.988458  -1.988458   0.000000   0.000000 -20.591205 281.182476 284.112235   0.031398   0.116037 283.568737   0.092402
   424   0.000000 286.439154 -65.937352 -46.856918  -1.856449  -1.856449   0.000000   0.000000 -20.508313 281.082848 284.000590   0.031555   0.116037 283.458200   0.092445
   425   0.000000 285.662774 -66.203467 -46.645221  -1.732875  -1.732875   0.000000   0.000000 -20.424197 280.985653 283.891408   0.031712   0.116037 283.350344   0.092487
   426   0.000000 284.911572 -66.457550 -46.440915  -1.617555  -1.617555   0.000000   0.000000 -20.340283 280.891048 283.784597   0.031868   0.116038 283.245444   0.092529
   427   0.000000 284.180090 -66.705623 -46.229180  -1.509057  -1.509057   0.000000   0.000000 -20.254837 280.798540 283.680054   0.032022   0.116038 283.142858   0.092570
   428   0.000000 283.472285 -66.941404 -46.028124  -1.407900  -1.407900   0.000000   0.000000 -20.170601 280.708433 283.577703   0.032176   0.116038 283.043044   0.092610
   429   0.000000 282.781585 -67.172726 -45.817103  -1.312297  -1.312297   0.000000   0.000000 -20.084891 280.620138 283.477449   0.032329   0.116038 282.945222   0.092650
   430   0.000000 282.113174 -67.391656 -45.619080  -1.223224  -1.223224   0.000000   0.000000 -20.001182 280.534067 283.379227   0.032481   0.116038 282.849992   0.092690
   431   0.000000 281.459175 -67.607817 -45.407648  -1.138640  -1.138640   0.000000   0.000000 -19.916118 280.449508 283.282945   0.032632   0.116038 282.756416   0.092729
   432   0.000000 280.826484 -67.811030 -45.213107  -1.060032  -1.060032   0.000000   0.000000 -19.834056 280.367046 283.188548   0.032782   0.116039 282.665298   0.092767
   433   0.000000 280.205267 -68.013647 -45.022071  -0.985001  -0.985001   0.000000   0.000000 -19.750515 280.286419 283.095975   0.032932   0.116039 282.576019   0.092806
   434   0.000000 279.603283 -68.206850 -44.851535  -0.914057  -0.914057   0.000000   0.000000 -19.666894 280.208119 283.005191   0.033080   0.116039 282.489346   0.092843
   435   0.000000 279.009459 -68.403741 -44.659242  -0.845149  -0.845149   0.000000   0.000000 -19.579501 280.130981 282.916115   0.033228   0.116039 282.403855   0.092881
   436   0.000000 278.436123 -68.586693 -44.499463  -0.781363  -0.781363   0.000000   0.000000 -19.495934 280.056101 282.828720   0.033375   0.116039 282.320972   0.092918
   437   0.000000 277.868255 -68.775558 -44.307481  -0.718748  -0.718748   0.000000   0.000000 -19.408334 279.981971 282.742919   0.033522   0.116039 282.238804   0.092954
   438   0.000000 277.321339 -68.948014 -44.154142  -0.661587  -0.661587   0.000000   0.000000 -19.326632 279.910000 282.658691   0.033667   0.116039 282.159154   0.092991
   439   0.000000 276.776270 -69.129378 -43.954539  -0.604913  -0.604913   0.000000   0.000000 -19.240834 279.838234 282.575935   0.033812   0.116039 282.079588   0.093027
   440   0.000000 276.252666 -69.291176 -43.801312  -0.554420  -0.554420   0.000000   0.000000 -19.163908 279.768484 282.494637   0.033956   0.116039 282.002399   0.093062
   441   0.000000 275.726155 -69.465768 -43.582810  -0.503784  -0.503784   0.000000   0.000000 -19.083075 279.698204 282.414675   0.034100   0.116039 281.924447   0.093097
   442   0.000000 275.221802 -69.616571 -43.421035  -0.460515  -0.460515   0.000000   0.000000 -19.015296 279.629747 282.336038   0.034243   0.116039 281.848685   0.093132
   443   0.000000 274.708404 -69.785170 -43.169415  -0.416446  -0.416446   0.000000   0.000000 -18.944036 279.559810 282.258576   0.034385   0.116039 281.771090   0.093167
   444   0.000000 274.218550 -69.924062 -42.991327  -0.381385  -0.381385   0.000000   0.000000 -18.891360 279.491549 282.182287   0.034526   0.116040 281.695581   0.093201
   445   0.000000 273.712106 -70.087345 -42.694199  -0.344505  -0.344505   0.000000   0.000000 -18.835167 279.420724 282.106989   0.034667   0.116040 281.617068   0.093235
   446   0.000000 273.232650 -70.212386 -42.501722  -0.318500  -0.318500   0.000000   0.000000 -18.803856 279.351774 282.032705   0.034808   0.116040 281.540965   0.093269
   447   0.000000 272.728127 -70.370991 -42.157432  -0.288524  -0.288524   0.000000   0.000000 -18.766520 279.279272 281.959225   0.034948   0.116040 281.460830   0.093303
   448   0.000000 272.257938 -70.479515 -41.970063  -0.271074  -0.271074   0.000000   0.000000 -18.759672 279.209575 281.886627   0.035087   0.116040 281.384242   0.093336
   449   0.000000 271.753925 -70.634554 -41.591546  -0.245606  -0.245606   0.000000   0.000000 -18.739360 279.135621 281.814681   0.035226   0.116040 281.302860   0.093369
   450   0.000000 271.295913 -70.724849 -41.438625  -0.233992  -0.233992   0.000000   0.000000 -18.753419 279.066152 281.743549   0.035365   0.116040 281.226965   0.093402
   451   0.000000 270.795327 -70.878168 -41.045204  -0.208806  -0.208806   0.000000   0.000000 -18.741777 278.991934 281.672984   0.035503   0.116040 281.145612   0.093435
   452   0.000000 270.354815 -70.950775 -40.947611  -0.198976  -0.198976   0.000000   0.000000 -18.767351 278.924145 281.603236   0.035641   0.116040 281.072010   0.093467
   453   0.000000 269.862987 -71.104129 -40.554503  -0.170070  -0.170070   0.000000   0.000000 -18.753637 278.851140 281.534035   0.035778   0.116040 280.992164   0.093500
   454   0.000000 269.445192 -71.161026 -40.517759  -0.158622  -0.158622   0.000000   0.000000 -18.780264 278.786274 281.465700   0.035915   0.116040 280.922188   0.093532
   455   0.000000 268.967454 -71.315134 -40.133546  -0.123857  -0.123857   0.000000   0.000000 -18.755987 278.715671 281.397934   0.036051   0.116040 280.845012   0.093564
   456   0.000000 268.576054 -71.358389 -40.153210  -0.109111  -0.109111   0.000000   0.000000 -18.775837 278.654493 281.331106   0.036187   0.116040 280.779472   0.093595
   457   0.000000 268.116291 -71.513064 -39.781146  -0.068272  -0.068272   0.000000   0.000000 -18.736291 278.587011 281.264883   0.036322   0.116040 280.705665   0.093627
   458   0.000000 267.753276 -71.544105 -39.850429  -0.050139  -0.050139   0.000000   0.000000 -18.745108 278.529880 281.199672   0.036456   0.116040 280.644925   0.093658
   459   0.000000 267.313575 -71.698964 -39.489704  -0.004131  -0.004131   0.000000   0.000000 -18.688543 278.465826 281.135104   0.036590   0.116040 280.574787   0.093689
   460   0.000000 266.979587 -71.718560 -39.603090   0.016500   0.016500   0.000000   0.000000 -18.684949 278.412839 281.071610   0.036723   0.116040 280.518914   0.093719
   461   0.000000 266.560565 -71.873387 -39.250528   0.066375   0.066375   0.000000   0.000000 -18.611401 278.352245 281.008789   0.036855   0.116040 280.452476   0.093750
   462   0.000000 266.255343 -71.881881 -39.404471   0.088226   0.088226   0.000000   0.000000 -18.595805 278.303349 280.947093   0.036987   0.116040 280.401373   0.093780
   463   0.000000 265.856631 -72.036711 -39.055852   0.140693   0.140693   0.000000   0.000000 -18.506208 278.246093 280.886083   0.037118   0.116040 280.338507   0.093810
   464   0.000000 265.579378 -72.034231 -39.248386   0.162482   0.162482   0.000000   0.000000 -18.479936 278.201155 280.826240   0.037247   0.116040 280.291992   0.093839
   465   0.000000 265.200047 -72.189278 -38.899364   0.216478   0.216478   0.000000   0.000000 -18.375595 278.147040 280.767085   0.037376   0.116040 280.232491   0.093869
   466   0.000000 264.949665 -72.175901 -39.129339   0.237106   0.237106   0.000000   0.000000 -18.340316 278.105888 280.709125   0.037505   0.116040 280.190343   0.093898
   467   0.000000 264.588533 -72.331437 -38.776102   0.291811   0.291811   0.000000   0.000000 -18.222656 278.054692 280.651844   0.037632   0.116040 280.133971   0.093927
   468   0.000000 264.363773 -72.307275 -39.042715   0.310434   0.310434   0.000000   0.000000 -18.180061 278.017138 280.595779   0.037758   0.116040 280.095957   0.093955
   469   0.000000 264.019579 -72.463581 -38.674386   0.365246   0.365246   0.000000   0.000000 -18.050481 277.968430 280.540365   0.037884   0.116040 280.042291   0.093984
   470   0.000000 263.819591 -72.427375 -38.969866   0.380658   0.380658   0.000000   0.000000 -18.003541 277.933968 280.486167   0.038008   0.116040 280.007906   0.094012
   471   0.000000 263.491510 -72.582817 -38.590667   0.434441   0.434441   0.000000   0.000000 -17.865398 277.887520 280.432588   0.038132   0.116040 279.956687   0.094040
   472   0.000000 263.314232 -72.535459 -38.916296   0.446511   0.446511   0.000000   0.000000 -17.815480 277.855985 280.380225   0.038255   0.116039 279.925683   0.094068
   473   0.000000 263.000196 -72.691233 -38.522723   0.499303   0.499303   0.000000   0.000000 -17.669680 277.811545 280.328440   0.038377   0.116039 279.876619   0.094095
   474   0.000000 262.843627 -72.633447 -38.877406   0.507823   0.507823   0.000000   0.000000 -17.618259 277.782693 280.277863   0.038499   0.116039 279.848707   0.094122
   475   0.000000 262.542077 -72.789881 -38.469218   0.559498   0.559498   0.000000   0.000000 -17.466189 277.740058 280.227822   0.038619   0.116039 279.801570   0.094149
   476   0.000000 262.404365 -72.722471 -38.851289   0.564479   0.564479   0.000000   0.000000 -17.414351 277.713659 280.178979   0.038739   0.116039 279.776483   0.094176
   477   0.000000 262.113940 -72.879783 -38.428622   0.614990   0.614990   0.000000   0.000000 -17.257236 277.672646 280.130627   0.038858   0.116039 279.731071   0.094203
   478   0.000000 261.993359 -72.803544 -38.836265   0.616534   0.616534   0.000000   0.000000 -17.205865 277.648487 280.083458   0.038976   0.116039 279.708560   0.094229
   479   0.000000 261.712841 -72.961879 -38.399503   0.665876   0.665876   0.000000   0.000000 -17.044798 277.608931 280.036734   0.039093   0.116039 279.664689   0.094255
   480   0.000000 261.607765 -72.877595 -38.830806   0.664137   0.664137   0.000000   0.000000 -16.994626 277.586805 279.991177   0.039210   0.116039 279.644517   0.094282
   481   0.000000 261.336051 -73.037039 -38.380516   0.712328   0.712328   0.000000   0.000000 -16.830604 277.548556 279.946020   0.039325   0.116039 279.602020   0.094307
   482   0.000000 261.244941 -72.945479 -38.833527   0.707486   0.707486   0.000000   0.000000 -16.782246 277.528270 279.902010   0.039441   0.116039 279.583963   0.094333
   483   0.000000 260.981026 -73.106074 -38.370401   0.754552   0.754552   0.000000   0.000000 -16.616176 277.491189 279.858353   0.039555   0.116039 279.542688   0.094359
   484   0.000000 260.902427 -73.007981 -38.843172   0.746800   0.746800   0.000000   0.000000 -16.570152 277.472557 279.815823   0.039669   0.116039 279.526530   0.094384
   485   0.000000 260.645389 -73.169740 -38.367973   0.792776   0.792776   0.000000   0.000000 -16.402861 277.436515 279.773602   0.039782   0.116038 279.486335   0.094409
   486   0.000000 260.577928 -73.065828 -38.858585   0.782309   0.782309   0.000000   0.000000 -16.359611 277.419362 279.732484   0.039894   0.116038 279.471876   0.094434
   487   0.000000 260.326921 -73.228734 -38.372128   0.827229   0.827229   0.000000   0.000000 -16.191855 277.384238 279.691631   0.040005   0.116038 279.432630   0.094459
   488   0.000000 260.269303 -73.119686 -38.878720   0.814245   0.814245   0.000000   0.000000 -16.151747 277.368398 279.651857   0.040117   0.116038 279.419676   0.094484
   489   0.000000 260.023552 -73.283703 -38.381854   0.858143   0.858143   0.000000   0.000000 -15.984210 277.334083 279.612305   0.040227   0.116038 279.381259   0.094508
   490   0.000000 259.974567 -73.170165 -38.902652   0.842837   0.842837   0.000000   0.000000 -15.947551 277.319401 279.573807   0.040337   0.116038 279.369632   0.094533
   491   0.000000 259.733363 -73.335241 -38.396232   0.885750   0.885750   0.000000   0.000000 -15.780846 277.285792 279.535489   0.040446   0.116038 279.331934   0.094557
   492   0.000000 259.691885 -73.217819 -38.929573   0.868312   0.868312   0.000000   0.000000 -15.747884 277.272122 279.498201   0.040555   0.116038 279.321466   0.094581
   493   0.000000 259.454584 -73.383896 -38.414440   0.910279   0.910279   0.000000   0.000000 -15.582550 277.239126 279.461051   0.040662   0.116038 279.284384   0.094605
   494   0.000000 259.419574 -73.263152 -38.958783   0.890892   0.890892   0.000000   0.000000 -15.553480 277.226335 279.424905   0.040770   0.116038 279.274921   0.094629
   495   0.000000 259.185590 -73.430163 -38.435755   0.931956   0.931956   0.000000   0.000000 -15.389989 277.193866 279.388859   0.040876   0.116037 279.238365   0.094652
   496   0.000000 259.156096 -73.306615 -38.989698   0.910800   0.910800   0.000000   0.000000 -15.364955 277.181832 279.353791   0.040983   0.116037 279.229766   0.094676
   497   0.000000 258.924905 -73.474492 -38.459559   0.951007   0.951007   0.000000   0.000000 -15.203708 277.149813 279.318785   0.041088   0.116037 279.193653   0.094699
   498   0.000000 258.900063 -73.348610 -39.021849   0.928251   0.928251   0.000000   0.000000 -15.182808 277.138426 279.284730   0.041194   0.116037 279.185789   0.094723
   499   0.000000 258.671197 -73.517287 -38.485337   0.967651   0.967651   0.000000   0.000000 -15.024135 277.106787 279.250704   0.041298   0.116037 279.150047   0.094746
   500   0.000000 258.650233 -73.389497 -39.054876   0.943458   0.943458   0.000000   0.000000 -15.007421 277.095947 279.217602   0.041403   0.116037 279.142804   0.094769
   501   0.000000 258.423276 -73.558910 -38.512673   0.982108   0.982108   0.000000   0.000000 -14.851585 277.064628 279.184496   0.041506   0.116037 279.107368   0.094792
   502   0.000000 258.405503 -73.429589 -39.088520   0.956632   0.956632   0.000000   0.000000 -14.839072 277.054250 279.152289   0.041609   0.116037 279.100645   0.094815
   503   0.000000 258.180095 -73.599680 -38.541250   0.994589   0.994589   0.000000   0.000000 -14.686270 277.023197 279.120045   0.041712   0.116037 279.065460   0.094837
   504   0.000000 258.164912 -73.469158 -39.122622   0.967974   0.967974   0.000000   0.000000 -14.677932 277.013205 279.088676   0.041814   0.116036 279.059169   0.094860
   505   0.000000 257.940739 -73.639876 -38.563538   1.005264   1.005264   0.000000   0.000000 -14.528302 276.982183 279.057233   0.041916   0.116036 279.024031   0.094882
   506   0.000000 257.928033 -73.507161 -39.142643   0.977033   0.977033   0.000000   0.000000 -14.525352 276.972218 279.026631   0.042017   0.116036 279.017867   0.094905
   507   0.000000 257.705302 -73.676630 -38.578379   1.013000   1.013000   0.000000   0.000000 -14.380889 276.941158 278.995918   0.042118   0.116036 278.982709   0.094927
   508   0.000000 257.694096 -73.542345 -39.156362   0.983545   0.983545   0.000000   0.000000 -14.383325 276.931177 278.966015   0.042219   0.116036 278.976571   0.094949
   509   0.000000 257.471985 -73.711161 -38.586152   1.018553   1.018553   0.000000   0.000000 -14.243866 276.899995 278.935968   0.042318   0.116036 278.941287   0.094971
   510   0.000000 257.461352 -73.575815 -39.161769   0.988045   0.988045   0.000000   0.000000 -14.251814 276.889887 278.906699   0.042418   0.116036 278.935043   0.094993
   511   0.000000 257.239393 -73.743910 -38.587030   1.022172   1.022172   0.000000   0.000000 -14.117682 276.858523 278.877254   0.042517   0.116036 278.899565   0.095015
   512   0.000000 257.228526 -73.608006 -39.158710   0.990824   0.990824   0.000000   0.000000 -14.131118 276.848187 278.848555   0.042617   0.116035 278.893095   0.095037
   513   0.000000 257.006346 -73.775269 -38.580777   1.024126   1.024126   0.000000   0.000000 -14.002581 276.816588 278.819652   0.042715   0.116035 278.857367   0.095059
   514   0.000000 256.994535 -73.639254 -39.147028   0.992127   0.992127   0.000000   0.000000 -14.021446 276.805931 278.791463   0.042813   0.116035 278.850562   0.095081
   515   0.000000 256.771818 -73.805563 -38.567133   1.024650   1.024650   0.000000   0.000000 -13.898722 276.774051 278.763041   0.042911   0.116035 278.814535   0.095102
   516   0.000000 256.758423 -73.669839 -39.126560   0.992171   0.992171   0.000000   0.000000 -13.922933 276.762989 278.735303   0.043009   0.116035 278.807298   0.095124
   517   0.000000 256.534892 -73.835074 -38.545841   1.023951   1.023951   0.000000   0.000000 -13.806198 276.730786 278.707308   0.043106   0.116035 278.770927   0.095145
   518   0.000000 256.519339 -73.700004 -39.097163   0.991143   0.991143   0.000000   0.000000 -13.835654 276.719244 278.679965   0.043203   0.116035 278.763170   0.095166
   519   0.000000 256.294751 -73.864049 -38.516670   1.022211   1.022211   0.000000   0.000000 -13.725049 276.686679 278.652341   0.043299   0.116035 278.726416   0.095187
   520   0.000000 256.276522 -73.729964 -39.058717   0.989211   0.989211   0.000000   0.000000 -13.759635 276.674587 278.625340   0.043396   0.116034 278.718059   0.095209
   521   0.000000 256.050663 -73.892708 -38.479422   1.019594   1.019594   0.000000   0.000000 -13.655267 276.641628 278.598036   0.043491   0.116034 278.680887   0.095230
   522   0.000000 256.029289 -73.759907 -39.011137   0.986522   0.986522   0.000000   0.000000 -13.694859 276.628925 278.571325   0.043587   0.116034 278.671857   0.095251
   523   0.000000 255.801972 -73.921246 -38.433932   1.016243   1.016243   0.000000   0.000000 -13.596802 276.595540 278.544292   0.043682   0.116034 278.634237   0.095271
   524   0.000000 255.777034 -73.789999 -38.954364   0.983212   0.983212   0.000000   0.000000 -13.641265 276.582171 278.517823   0.043778   0.116034 278.624468   0.095292
   525   0.000000 255.548096 -73.949837 -38.380072   1.012293   1.012293   0.000000   0.000000 -13.549569 276.548334 278.491014   0.043872   0.116034 278.586373   0.095313
   526   0.000000 255.519217 -73.820391 -38.888371   0.979402   0.979402   0.000000   0.000000 -13.598758 276.534248 278.464740   0.043967   0.116034 278.575808   0.095334
   527   0.000000 255.288516 -73.978637 -38.317747   1.007862   1.007862   0.000000   0.000000 -13.513446 276.499937 278.438110   0.044061   0.116034 278.537214   0.095354
   528   0.000000 255.255360 -73.851214 -38.813155   0.975202   0.975202   0.000000   0.000000 -13.567213 276.485090 278.411988   0.044155   0.116034 278.525800   0.095375
   529   0.000000 255.022775 -74.007784 -38.246894   1.003059   1.003059   0.000000   0.000000 -13.488286 276.450284 278.385495   0.044249   0.116033 278.486688   0.095395
   530   0.000000 254.985041 -73.882586 -38.728741   0.970714   0.970714   0.000000   0.000000 -13.546475 276.434637 278.359482   0.044343   0.116033 278.474378   0.095416
   531   0.000000 254.750470 -74.037404 -38.167478   0.997985   0.997985   0.000000   0.000000 -13.473916 276.399319 278.333086   0.044435   0.116033 278.434731   0.095436
   532   0.000000 254.707891 -73.914614 -38.635173   0.966030   0.966030   0.000000   0.000000 -13.536368 276.382838 278.307144   0.044529   0.116033 278.421483   0.095456
   533   0.000000 254.471248 -74.067607 -38.079489   0.992730   0.992730   0.000000   0.000000 -13.470142 276.346993 278.280806   0.044621   0.116033 278.381287   0.095476
   534   0.000000 254.423588 -73.947393 -38.532515   0.961233   0.961233   0.000000   0.000000 -13.536693 276.329647 278.254897   0.044714   0.116033 278.367065   0.095497
   535   0.000000 254.184802 -74.098493 -37.982941   0.987376   0.987376   0.000000   0.000000 -13.476753 276.293263 278.228583   0.044805   0.116033 278.326308   0.095517
   536   0.000000 254.131851 -73.981006 -38.420851   0.956398   0.956398   0.000000   0.000000 -13.547239 276.275026 278.202672   0.044898   0.116033 278.311080   0.095537
   537   0.000000 253.890866 -74.130153 -37.877869   0.981997   0.981997   0.000000   0.000000 -13.493523 276.238092 278.176347   0.044989   0.116032 278.269753   0.095557
   538   0.000000 253.832439 -74.015531 -38.300276   0.951595   0.951595   0.000000   0.000000 -13.567780 276.218942 278.150401   0.045081   0.116032 278.253491   0.095576
   539   0.000000 253.589211 -74.162668 -37.764327   0.976662   0.976662   0.000000   0.000000 -13.520218 276.181451 278.124034   0.045172   0.116032 278.211586   0.095596
   540   0.000000 253.525144 -74.051037 -38.170902   0.946886   0.946886   0.000000   0.000000 -13.598080 276.161366 278.098022   0.045263   0.116032 278.194264   0.095616
   541   0.000000 253.279640 -74.196111 -37.638248   0.971409   0.971409   0.000000   0.000000 -13.556591 276.123202 278.071578   0.045353   0.116032 278.151675   0.095636
   542   0.000000 253.210019 -74.086858 -38.024933   0.941947   0.941947   0.000000   0.000000 -13.638631 276.102004 278.045461   0.045444   0.116032 278.133122   0.095655
   543   0.000000 252.962407 -74.228876 -37.499511   0.965536   0.965536   0.000000   0.000000 -13.604200 276.063149 278.018901   0.045534   0.116032 278.089820   0.095675
   544   0.000000 252.886613 -74.122527 -37.866685   0.936591   0.936591   0.000000   0.000000 -13.690270 276.040817 277.992641   0.045624   0.116032 278.069983   0.095694
   545   0.000000 252.636391 -74.261897 -37.348091   0.959387   0.959387   0.000000   0.000000 -13.662774 276.001228 277.965930   0.045713   0.116032 278.025913   0.095714
   546   0.000000 252.553872 -74.158797 -37.695396   0.931000   0.931000   0.000000   0.000000 -13.752920 275.977708 277.939491   0.045803   0.116031 278.004726   0.095733
   547   0.000000 252.300788 -74.295520 -37.184694   0.953013   0.953013   0.000000   0.000000 -13.732480 275.937366 277.912593   0.045892   0.116031 277.959868   0.095752
   548   0.000000 252.211090 -74.196028 -37.511616   0.925291   0.925291   0.000000   0.000000 -13.826587 275.912618 277.885938   0.045981   0.116031 277.937279   0.095772
   549   0.000000 251.954974 -74.330092 -37.009745   0.946543   0.946543   0.000000   0.000000 -13.813244 275.871512 277.858819   0.046070   0.116031 277.891620   0.095791
   550   0.000000 251.857733 -74.234523 -37.315902   0.919590   0.919590   0.000000   0.000000 -13.911149 275.845505 277.831917   0.046158   0.116031 277.867590   0.095810
   551   0.000000 251.598467 -74.365912 -36.823650   0.940110   0.940110   0.000000   0.000000 -13.904882 275.803632 277.804546   0.046246   0.116031 277.821124   0.095829
   552   0.000000 251.493390 -74.274538 -37.108792   0.914019   0.914019   0.000000   0.000000 -14.006396 275.776345 277.777365   0.046335   0.116031 277.795622   0.095848
   553   0.000000 251.230894 -74.403241 -36.626805   0.933837   0.933837   0.000000   0.000000 -14.007143 275.733703 277.749712   0.046422   0.116031 277.748348   0.095867
   554   0.000000 251.117749 -74.316294 -36.890814   0.908690   0.908690   0.000000   0.000000 -14.112066 275.705120 277.722225   0.046510   0.116031 277.721354   0.095886
   555   0.000000 250.851973 -74.442304 -36.419613   0.927834   0.927834   0.000000   0.000000 -14.119729 275.661713 277.694263   0.046597   0.116030 277.673275   0.095904
   556   0.000000 250.730579 -74.359983 -36.662494   0.903699   0.903699   0.000000   0.000000 -14.227853 275.631827 277.666442   0.046685   0.116030 277.644773   0.095923
   557   0.000000 250.461495 -74.483302 -36.202491   0.922198   0.922198   0.000000   0.000000 -14.242305 275.587659 277.638148   0.046771   0.116030 277.595896   0.095942
   558   0.000000 250.331718 -74.405771 -36.424366   0.899132   0.899132   0.000000   0.000000 -14.353418 275.556469 277.609970   0.046859   0.116030 277.565880   0.095961
   559   0.000000 250.059321 -74.526407 -35.975876   0.917014   0.917014   0.000000   0.000000 -14.374507 275.511549 277.581320   0.046945   0.116030 277.516213   0.095979
   560   0.000000 249.921072 -74.453802 -36.176976   0.895065   0.895065   0.000000   0.000000 -14.488395 275.479057 277.552764   0.047031   0.116030 277.484682   0.095998
   561   0.000000 249.645376 -74.571773 -35.740234   0.912359   0.912359   0.000000   0.000000 -14.515944 275.433397 277.523738   0.047117   0.116030 277.434238   0.096016
   562   0.000000 249.498605 -74.504203 -35.920889   0.891568   0.891568   0.000000   0.000000 -14.632389 275.399613 277.494785   0.047203   0.116030 277.401197   0.096035
   563   0.000000 249.219641 -74.619533 -35.496056   0.908304   0.908304   0.000000   0.000000 -14.666204 275.353225 277.465366   0.047288   0.116030 277.349992   0.096053
   564   1.594241 249.064339 -73.281687 -35.656691   0.888702   0.888702   0.000000   0.000000 -14.784984 275.352991 277.437455   0.047374   0.116029 277.334863   0.096071
   565   4.828314 248.782154 -70.967075 -34.660421   1.007794   1.007794   0.000000   0.000000 -14.591244 275.382041 277.412118   0.047455   0.116029 277.324689   0.096089
   566  11.837323 248.650421 -65.621085 -33.594438   1.191200   1.191200   0.000000   0.000000 -14.210541 275.513591 277.393381   0.047529   0.116029 277.382995   0.096106
   567  22.429495 248.464041 -57.932922 -30.531859   1.645175   1.645175   0.000000   0.000000 -13.158526 275.728376 277.384060   0.047588   0.116029 277.479117   0.096122
   568  35.794786 248.536681 -48.159538 -26.620902   2.269248   2.269248   0.000000   0.000000 -11.589784 276.036669 277.387138   0.047626   0.116029 277.643787   0.096136
   569  51.162567 248.700514 -37.130455 -20.922872   3.072039   3.072039   0.000000   0.000000  -9.453279 276.397704 277.403621   0.047636   0.116028 277.838579   0.096147
   570  67.950627 249.252002 -24.838821 -15.183035   3.900420   3.900420   0.000000   0.000000  -7.041421 276.830245 277.435236   0.047618   0.116028 278.099042   0.096155
   571  85.743266 249.942196 -11.949141  -7.868367   4.811339   4.811339   0.000000   0.000000  -4.234938 277.290091 277.481727   0.047571   0.116027 278.379024   0.096161
   572 104.244856 251.071975   1.796588  -1.284602   5.634582   5.634582   0.000000   0.000000  -1.341450 277.812516 277.544379   0.047498   0.116027 278.724249   0.096164
   573 123.242100 252.307306  15.735423   7.057577   6.479511   6.479511   0.000000   0.000000   1.876958 278.350112 277.622405   0.047400   0.116026 279.107078   0.096164
   574 142.577839 259.414732  35.555116 -16.009695   7.754463   7.754463   0.000000   0.000000   5.093954 279.661005 277.746822   0.047265   0.116025 280.367976   0.096160
   575 162.133598 258.403312  43.955392  27.599508   9.933699   9.933699   0.000000   0.000000  13.399281 280.013867 277.873153   0.047067   0.116024 280.401881   0.096149
   576 181.817992 264.154314  63.580340  10.821293  10.000294  10.000294   0.000000   0.000000  14.984999 281.018582 278.028892   0.046876   0.116023 281.425748   0.096137
