     0  98.251985 247.991806  -3.909329   1.069494  -6.819350  -7.215614   0.000000   0.396264   0.000000 276.654702 276.838981   0.117586   0.117429 277.495095   0.117452
     1 113.772216 248.487502   9.881434  -2.212823   0.612914   0.197665   0.000000   0.415249  -1.289953 277.187944 276.852896   0.117581   0.117429 277.846073   0.117451
     2 129.683878 248.335381  19.972137   4.869648   1.527259   1.004203   0.000000   0.523056   2.345337 277.586243 276.880750   0.117559   0.117429 278.122307   0.117448
     3 145.892212 249.075656  31.786792   9.190065   2.797034   2.171050   0.000000   0.625984   4.938451 278.090759 276.925306   0.117511   0.117429 278.494625   0.117441
     4 162.316619 249.682805  43.134883  16.327035   4.222110   3.468192   0.000000   0.753918   8.158174 278.555627 276.983475   0.117435   0.117428 278.799961   0.117430
     5 178.888047 250.441991  54.923634  22.667890   5.258739   4.376860   0.000000   0.881879  11.005067 279.047109 277.055089   0.117340   0.117428 279.083402   0.117416
     6 195.546888 251.253092  66.694408  29.694317   6.292613   5.268396   0.000000   1.024217  13.944138 279.540127 277.139072   0.117332   0.117427 279.309630   0.117399
     7 212.241288 252.059593  78.469377  37.220749   7.205766   6.029044   0.000000   1.176723  16.807383 280.024002 277.234072   0.117323   0.117426 279.511137   0.117380
     8 228.925799 252.941477  90.341182  44.627916   7.943804   6.605297   0.000000   1.338506  19.529510 280.512977 277.339451   0.117312   0.117425 279.715441   0.117359
     9 245.560294 253.895110 102.205693  52.213323   8.580044   7.066658   0.000000   1.513386  22.214680 281.003683 277.454521   0.117300   0.117424 279.925708   0.117337
    10 262.109094 255.033626 114.160118  59.322904   9.089653   7.386693   0.000000   1.702960  24.844134 281.515102 277.579408   0.117287   0.117423 280.164490   0.117314
    11 278.540260 256.301121 126.031357  66.623947   9.594322   7.681644   0.000000   1.912677  27.549852 282.018315 277.713120   0.117273   0.117422 280.420811   0.117290
    12 294.825024 257.633405 137.875123  73.645813  10.625979   8.492599   0.000000   2.133380  30.136370 282.497984 277.854178   0.117257   0.117421 280.683450   0.117263
    13 310.937318 259.022039 149.739069  79.963050  12.505649  10.147013   0.000000   2.358636  32.506643 282.981189 278.002305   0.117236   0.117419 280.953766   0.117232
    14 326.853391 260.450978 161.455389  86.328191  14.427624  11.831328   0.000000   2.596297  34.852188 283.461518 278.157002   0.117210   0.117417 281.228704   0.117195
    15 342.551494 261.901864 173.020688  92.646225  16.383923  13.539239   0.000000   2.844684  37.131615 283.936577 278.317726   0.117179   0.117415 281.505172   0.117153
    16 358.011615 263.344257 184.401671  98.998975  18.375268  15.272879   0.000000   3.102388  39.331958 284.401449 278.483795   0.117142   0.117413 281.777931   0.117106
    17 373.215268 264.760202 195.591371 105.335681  20.383681  17.016926   0.000000   3.366755  41.423581 284.853832 278.654499   0.117098   0.117411 282.044041   0.117053
    18 388.145307 266.141761 206.580795 111.626562  22.398717  18.762632   0.000000   3.636085  43.395328 285.292666 278.829154   0.117046   0.117408 282.302310   0.116995
    19 402.785774 267.483968 217.358648 117.859715  24.413633  20.504541   0.000000   3.909092  45.244580 285.717263 279.007106   0.116987   0.117405 282.552045   0.116931
    20 417.121775 268.783674 227.914412 124.022137  26.423016  22.238369   0.000000   4.184648  46.971098 286.127245 279.187740   0.116920   0.117402 282.792857   0.116863
    21 431.139368 270.040071 238.239045 130.095625  28.422385  23.960590   0.000000   4.461795  48.576531 286.522620 279.370493   0.116843   0.117399 283.024744   0.116789
    22 444.825472 271.253875 248.323680 136.063820  30.407690  25.667955   0.000000   4.739735  50.064887 286.903651 279.554853   0.116756   0.117395 283.247945   0.116710
    23 458.167792 272.426257 258.159164 141.914445  32.374442  27.356714   0.000000   5.017728  51.441587 287.270711 279.740359   0.116658   0.117391 283.462759   0.116626
    24 476.381544 273.558269 271.917618 147.638310  34.326442  29.023372   0.000000   5.303070  52.712460 287.721712 279.930370   0.116550   0.117387 283.675074   0.116537
    25 489.031768 274.650612 280.739789 156.411184  36.837966  31.197100   0.000000   5.640867  54.539397 288.042789 280.119619   0.116427   0.117383 283.872678   0.116441
    26 501.303995 275.750653 289.939430 160.989196  38.615735  32.709313   0.000000   5.906422  55.462189 288.380823 280.309054   0.116291   0.117378 284.071727   0.116341
    27 513.188552 276.775436 298.660837 166.608825  40.555396  34.367382   0.000000   6.188014  56.502386 288.694478 280.497901   0.116142   0.117373 284.256524   0.116236
    28 524.676294 277.765286 307.153696 171.666531  42.390689  35.931446   0.000000   6.459243  57.376037 288.998335 280.686015   0.115978   0.117368 284.434487   0.116127
    29 535.758573 278.712177 315.327126 176.685541  44.205823  37.477240   0.000000   6.728582  58.186242 289.288496 280.873097   0.115799   0.117363 284.604187   0.116012
    30 546.427216 279.621387 323.200959 181.499108  45.966032  38.973534   0.000000   6.992498  58.907788 289.566705 281.058931   0.115604   0.117357 284.766651   0.115894
    31 556.674497 280.493712 330.761111 186.157530  47.674197  40.422900   0.000000   7.251297  59.554417 289.832873 281.243303   0.115392   0.117351 284.922079   0.115772
    32 566.493120 281.331500 338.005051 190.640381  49.322292  41.818159   0.000000   7.504133  60.126988 290.087474 281.426024   0.115163   0.117345 285.070940   0.115645
    33 575.876204 282.136661 344.927100 194.949237  50.907542  43.156870   0.000000   7.750673  60.630154 290.330781 281.606920   0.114915   0.117339 285.213614   0.115515
    34 584.817264 282.911169 351.523003 199.078257  52.427021  44.436492   0.000000   7.990529  61.067029 290.563098 281.785835   0.114649   0.117333 285.350486   0.115381
    35 593.310204 283.656824 357.788444 203.023625  53.878976  45.655560   0.000000   8.223415  61.440842 290.784684 281.962623   0.114363   0.117327 285.481899   0.115244
    36 601.349298 284.375291 363.719472 206.780742  55.262026  46.812961   0.000000   8.449065  61.754427 290.995782 282.137152   0.114056   0.117320 285.608170   0.115104
    37 608.929187 285.068076 369.312340 210.386606  56.577314  47.909821   0.000000   8.667492  62.010412 291.195655 282.309262   0.113727   0.117313 285.729755   0.114960
    38 616.044869 285.737459 374.569625 213.793302  57.816662  48.939000   0.000000   8.877662  62.204756 291.384936 282.478822   0.113376   0.117306 285.847066   0.114814
    39 622.691687 286.384448 379.485517 217.011420  58.982487  49.902790   0.000000   9.079697  62.342798 291.563738 282.645709   0.113002   0.117299 285.960286   0.114665
    40 628.865330 287.010291 384.057484 220.032375  60.073865  50.800534   0.000000   9.273332  62.426202 291.732293 282.809811   0.112603   0.117292 286.069636   0.114514
    41 634.561822 287.615945 388.282324 222.853892  61.091485  51.633027   0.000000   9.458458  62.457378 291.890749 282.971021   0.112178   0.117285 286.175289   0.114361
    42 639.777518 288.202264 392.157429 225.471637  62.036355  52.401392   0.000000   9.634962  62.438098 292.039234 283.129241   0.111726   0.117277 286.277392   0.114206
    43 644.509101 288.770019 395.680464 227.881332  62.910193  53.107414   0.000000   9.802780  62.369950 292.177848 283.284377   0.111246   0.117270 286.376082   0.114050
    44 648.753579 289.320029 398.849526 230.077721  63.714928  53.753066   0.000000   9.961862  62.254296 292.306693 283.436338   0.110736   0.117262 286.471496   0.113892
    45 652.508280 289.853249 401.663073 232.055096  64.452394  54.340220   0.000000  10.112174  62.092479 292.425893 283.585042   0.110195   0.117254 286.563795   0.113732
    46 655.770848 290.370808 404.119845 233.807731  65.124147  54.870455   0.000000  10.253692  61.885957 292.535602 283.730409   0.109621   0.117246 286.653168   0.113572
    47 658.539247 290.873965 406.218780 235.330425  65.731461  55.345058   0.000000  10.386403  61.636347 292.635998 283.872371   0.109013   0.117239 286.739819   0.113410
    48 660.811751 291.364017 407.958950 236.618834  66.275376  55.765070   0.000000  10.510305  61.345391 292.727272 284.010864   0.108367   0.117231 286.823960   0.113248
    49 662.586950 291.842198 409.339534 237.669576  66.756740  56.131342   0.000000  10.625398  61.014855 292.809607 284.145831   0.107682   0.117223 286.905790   0.113085
    50 663.863741 292.309581 410.359812 238.480249  67.176248  56.444576   0.000000  10.731673  60.646429 292.883170 284.277222   0.106955   0.117215 286.985477   0.112922
    51 664.641335 292.766996 411.019159 239.049437  67.534440  56.705337   0.000000  10.829103  60.241638 292.948100 284.404991   0.106185   0.117206 287.063151   0.112758
    52 664.919250 293.214974 411.317059 239.376616  67.831676  56.914039   0.000000  10.917637  59.801763 293.004493 284.529092   0.105368   0.117198 287.138892   0.112594
    53 664.697315 293.653742 411.253143 239.461934  68.068111  57.070925   0.000000  10.997186  59.327805 293.052411 284.649484   0.104500   0.117190 287.212727   0.112431
    54 663.975667 294.083260 410.827229 239.305966  68.243699  57.176066   0.000000  11.067633  58.820487 293.091881 284.766124   0.103580   0.117182 287.284643   0.112267
    55 662.754752 294.503285 410.039357 238.909523  68.358215  57.229383   0.000000  11.128832  58.280299 293.122904 284.878966   0.102603   0.117174 287.354591   0.112104
    56 661.035327 294.913441 408.889811 238.273543  68.411318  57.230696   0.000000  11.180622  57.707565 293.145468 284.987968   0.101566   0.117166 287.422502   0.111941
    57 658.818456 295.313282 407.379133 237.399025  68.402623  57.179782   0.000000  11.222842  57.102500 293.159549 285.093083   0.100465   0.117157 287.488294   0.111779
    58 656.105517 295.702341 405.508130 236.286993  68.331787  57.076454   0.000000  11.255333  56.465265 293.165121 285.194263   0.099297   0.117149 287.551880   0.111618
    59 652.898200 296.080161 403.277878 234.938480  68.198579  56.920622   0.000000  11.277957  55.796005 293.162158 285.291462   0.098058   0.117141 287.613177   0.111458
    60 649.198507 296.446316 400.689721 233.354527  68.002925  56.712329   0.000000  11.290595  55.094870 293.150635 285.384631   0.096745   0.117133 287.672104   0.111300
    61 645.008758 296.800427 397.745273 231.536180  67.744935  56.451780   0.000000  11.293155  54.362027 293.130532 285.473722   0.095354   0.117125 287.728585   0.111142
    62 640.331587 297.142164 394.446420 229.484492  67.424914  56.139342   0.000000  11.285572  53.597671 293.101833 285.558686   0.093884   0.117117 287.782552   0.110986
    63 635.169953 297.471255 390.795325 227.200527  67.043357  55.775552   0.000000  11.267806  52.802028 293.064527 285.639476   0.092332   0.117109 287.833944   0.110832
    64 629.527135 297.787486 386.794419 224.685393  66.600953  55.361104   0.000000  11.239849  51.975358 293.018610 285.716045   0.090699   0.117101 287.882708   0.110679
    65 623.406742 298.090697 382.446406 221.940283  66.098565  54.896847   0.000000  11.201717  51.117955 292.964081 285.788347   0.088986   0.117093 287.928797   0.110528
    66 616.812711 298.380766 377.754251 218.966520  65.537217  54.383763   0.000000  11.153454  50.230140 292.900945 285.856337   0.087197   0.117085 287.972167   0.110380
    67 609.749317 298.657599 372.721185 215.765605  64.918070  53.822948   0.000000  11.095122  49.312253 292.829206 285.919972   0.085337   0.117077 288.012778   0.110233
    68 602.221176 298.921116 367.350696 212.339259  64.242398  53.215591   0.000000  11.026807  48.364640 292.748872 285.979209   0.083417   0.117069 288.050587   0.110089
    69 594.233253 299.171230 361.646532 208.689452  63.511559  52.562953   0.000000  10.948606  47.387644 292.659947 286.034006   0.081447   0.117062 288.085548   0.109948
    70 585.790866 299.407834 355.612701 204.818428  62.726978  51.866344   0.000000  10.860634  46.381592 292.562434 286.084322   0.079442   0.117054 288.117609   0.109809
    71 576.899699 299.630793 349.253473 200.728710  61.890121  51.127110   0.000000  10.763011  45.346785 292.456332 286.130119   0.077420   0.117047 288.146707   0.109672
    72 567.565807 299.839928 342.573383 196.423108  61.002487  50.346618   0.000000  10.655869  44.283494 292.341636 286.171357   0.075398   0.117039 288.172771   0.109539
    73 557.795629 300.035017 335.577243 191.916580  60.066253  49.526811   0.000000  10.539443  43.191958 292.218082 286.207987   0.073396   0.117032 288.195748   0.109409
    74 547.596003 300.216001 328.271751 187.199271  59.080986  48.667372   0.000000  10.413615  42.070665 292.085783 286.239966   0.071432   0.117025 288.215570   0.109281
    75 536.974177 300.382433 320.661454 182.278650  58.049140  47.770487   0.000000  10.278652  40.920718 291.944720 286.267254   0.069523   0.117018 288.232095   0.109157
    76 525.937826 300.533946 312.752061 177.157173  56.972213  46.837513   0.000000  10.134701  39.742261 291.794901 286.289810   0.067683   0.117011 288.245191   0.109036
    77 514.495075 300.670094 304.549381 171.839172  55.851962  45.870019   0.000000   9.981943  38.535636 291.636318 286.307595   0.065924   0.117005 288.254707   0.108919
    78 502.654516 300.790406 296.059653 166.328809  54.690053  44.869496   0.000000   9.820557  37.301067 291.468965 286.320569   0.064253   0.116998 288.260479   0.108805
    79 490.425237 300.894376 287.289467 160.630710  53.488174  43.837450   0.000000   9.650724  36.038767 291.292829 286.328697   0.062674   0.116992 288.262328   0.108695
    80 477.816851 300.981481 278.245816 154.749792  52.248009  42.775378   0.000000   9.472631  34.748927 291.107900 286.331939   0.061191   0.116985 288.260065   0.108588
    81 464.839530 301.051181 268.936122 148.691342  50.971248  41.684779   0.000000   9.286469  33.431724 290.914166 286.330261   0.059803   0.116979 288.253483   0.108485
    82 451.504044 301.102935 259.368263 142.461027  49.659585  40.567155   0.000000   9.092430  32.087335 290.711618 286.323627   0.058508   0.116973 288.242365   0.108385
    83 437.821809 301.136199 249.550618 136.064943  48.314725  39.424012   0.000000   8.890713  30.715938 290.500246 286.312001   0.057302   0.116968 288.226473   0.108290
    84 423.804940 301.150436 239.492107 129.509652  46.938377  38.256862   0.000000   8.681515  29.317719 290.280046 286.295349   0.056183   0.116962 288.205553   0.108198
    85 409.466315 301.145114 229.202238 122.802240  45.532258  37.067220   0.000000   8.465038  27.892874 290.051013 286.273640   0.055145   0.116956 288.179329   0.108111
    86 394.819646 301.119711 218.691175 115.950374  44.098081  35.856604   0.000000   8.241477  26.441611 289.813147 286.246839   0.054183   0.116951 288.147493   0.108027
    87 379.879570 301.073713 207.969799 108.962372  42.637558  34.626531   0.000000   8.011027  24.964151 289.566450 286.214917   0.053294   0.116946 288.109704   0.107947
    88 364.661749 301.006618 197.049794 101.847280  41.152390  33.378516   0.000000   7.773874  23.460728 289.310928 286.177844   0.052471   0.116941 288.065572   0.107872
    89 349.182992 300.917933 185.943745  94.614965  39.644262  32.114069   0.000000   7.530193  21.931590 289.046590 286.135590   0.051712   0.116936 288.014640   0.107801
    90 333.461400 300.807179 174.665251  87.276222  38.114835  30.834689   0.000000   7.280146  20.376999 288.773448 286.088129   0.051012   0.116932 287.956360   0.107733
    91 317.516536 300.673887 163.229068  79.842904  36.565736  29.541861   0.000000   7.023875  18.797232 288.491517 286.035434   0.050368   0.116927 287.890043   0.107671
    92 301.369632 300.517607 151.651272  72.328086  34.998548  28.237048   0.000000   6.761500  17.192577 288.200815 285.977481   0.049775   0.116923 287.814771   0.107612
    93 285.043833 300.337905 139.949465  64.746262  33.414788  26.921682   0.000000   6.493107  15.563336 287.901362 285.914246   0.049230   0.116919 287.729183   0.107557
    94 268.564502 300.134373 128.143022  57.113606  31.815883  25.597140   0.000000   6.218743  13.909812 287.593180 285.845707   0.048731   0.116915 287.630721   0.107507
    95 251.959572 299.906632 116.253397  49.448304  30.203130  24.264724   0.000000   5.938406  12.232306 287.276285 285.771844   0.048275   0.116912 287.511845   0.107461
    96 235.259997 299.654347 104.304504  41.771019  28.577627  22.925597   0.000000   5.652029  10.531085 286.950684 285.692636   0.047860   0.116908 287.371272   0.107419
    97 218.500280 299.377242  92.323205  34.105550  26.940159  21.580700   0.000000   5.359459   8.806340 286.616361 285.608062   0.047483   0.116905 287.211503   0.107382
    98 201.719146 299.075133  80.339939  26.479867  25.290984  20.230559   0.000000   5.060425   7.058094 286.273244 285.518099   0.047144   0.116902 287.034431   0.107348
    99 184.960353 298.747977  68.389577  18.927895  23.629379  18.874899   0.000000   4.754480   5.286011 285.921146 285.422718   0.046839   0.116899 286.841530   0.107320
   100 168.273713 298.395973  56.512649  11.493150  21.952542  17.511677   0.000000   4.440866   3.488994 285.559615 285.321873   0.046569   0.116897 286.633857   0.107295
   101 151.716355 298.019799  44.757339   4.238537  20.252032  16.133948   0.000000   4.118084   1.664191 285.187475 285.215473   0.046331   0.116894 286.411900   0.107274
   102 135.354305 297.621384  33.183798  -2.695445  18.481342  14.701620   0.000000   3.779723  -0.195980 284.799863 285.103240   0.046127   0.116892 286.038170   0.107259
   103 119.264457 297.380203  22.051739  -7.401283  14.675307  11.437752   0.000000   3.237554  -2.123642 284.338178 284.982584   0.045995   0.116890 285.704212   0.107253
   104 103.537032 296.870059  11.315417 -11.271810  12.029290   9.224374   0.000000   2.804916  -4.510843 283.801956 284.851154   0.045912   0.116889 285.299951   0.107254
   105  88.278616 296.177236   1.140687 -14.343606   9.481248   7.103013   0.000000   2.378235  -7.344386 283.192710 284.706888   0.045875   0.116888 284.833036   0.107262
   106  73.615845 295.349460  -8.338733 -16.897977   7.076152   5.108027   0.000000   1.968125 -10.599246 282.530217 284.548702   0.045882   0.116887 284.316002   0.107276
   107  59.699709 294.389598 -17.104372 -18.904884   4.875417   3.290660   0.000000   1.584757 -14.129397 281.830317 284.376232   0.045928   0.116886 283.763426   0.107296
   108  46.710194 293.332044 -25.062353 -20.574804   2.930948   1.694492   0.000000   1.236456 -17.821399 281.120168 284.190203   0.046009   0.116886 283.195868   0.107320
   109  34.860288 292.183196 -32.172786 -21.924315   1.264218   0.337090   0.000000   0.927128 -21.490244 280.422843 283.992167   0.046122   0.116886 282.632220   0.107349
   110  24.396919 290.959206 -38.335382 -23.053353  -0.131008  -0.789208   0.000000   0.658201 -24.985266 279.765559 283.784579   0.046260   0.116886 282.095707   0.107381
   111  15.593004 289.679044 -43.442975 -24.056493  -1.267395  -1.699151   0.000000   0.431756 -28.133136 279.178141 283.570824   0.046421   0.116886 281.610225   0.107415
   112   8.717989 288.350819 -47.410685 -24.954320  -2.159246  -2.411178   0.000000   0.251931 -30.748781 278.685550 283.354937   0.046600   0.116886 281.195223   0.107452
   113   3.963047 286.982229 -50.190518 -25.747250  -2.821833  -2.946651   0.000000   0.124818 -32.685710 278.305157 283.141245   0.046794   0.116886 280.864028   0.107490
   114   1.291982 285.581552 -51.878525 -26.421139  -3.272823  -3.325561   0.000000   0.052738 -33.852616 278.040103 282.933785   0.046999   0.116887 280.618994   0.107528
   115   0.252888 284.159762 -52.833865 -26.963983  -3.545364  -3.570193   0.000000   0.024829 -34.255771 277.871017 282.735449   0.047213   0.116887 280.445288   0.107568
   116   0.033539 282.732084 -53.595415 -27.378011  -3.694088  -3.712803   0.000000   0.018715 -34.051022 277.757786 282.547284   0.047432   0.116888 280.312226   0.107608
   117   0.000000 281.313833 -54.463852 -27.677152  -3.779474  -3.796968   0.000000   0.017494 -33.526486 277.663071 282.368798   0.047656   0.116888 280.191693   0.107647
   118   0.000000 279.917157 -55.372368 -27.890138  -3.843715  -3.860866   0.000000   0.017151 -32.940090 277.571439 282.198989   0.047884   0.116889 280.072795   0.107687
   119   0.000000 278.551190 -56.266057 -28.048873  -3.904254  -3.921068   0.000000   0.016814 -32.392845 277.478994 282.036846   0.048116   0.116889 279.953281   0.107726
   120   0.000000 277.220364 -57.122264 -28.171486  -3.965537  -3.982010   0.000000   0.016473 -31.904967 277.385714 281.881504   0.048352   0.116890 279.833567   0.107766
   121   0.000000 275.926634 -57.939003 -28.267673  -4.027695  -4.043822   0.000000   0.016127 -31.470529 277.292212 281.732237   0.048591   0.116890 279.714418   0.107805
   122   0.000000 274.671140 -58.718056 -28.345008  -4.090154  -4.105935   0.000000   0.015781 -31.080176 277.186793 281.587954   0.048835   0.116890 279.587580   0.107844
   123   0.000000 273.454877 -59.403660 -28.441581  -3.917876  -3.933273   0.000000   0.015397 -30.808126 277.076528 281.447974   0.049076   0.116891 279.458440   0.107883
   124   0.000000 272.275514 -60.031357 -28.547445  -3.695768  -3.710757   0.000000   0.014989 -30.600122 276.966872 281.311915   0.049312   0.116891 279.330949   0.107920
   125   0.000000 271.130600 -60.629106 -28.650637  -3.484157  -3.498733   0.000000   0.014576 -30.415298 276.859062 281.179494   0.049542   0.116892 279.205885   0.107957
   126   0.000000 270.018782 -61.203972 -28.746383  -3.279259  -3.293422   0.000000   0.014164 -30.243025 276.753238 281.050468   0.049768   0.116892 279.083290   0.107993
   127   0.000000 268.939288 -61.757337 -28.833398  -3.080863  -3.094616   0.000000   0.013753 -30.080607 276.649359 280.924622   0.049988   0.116893 278.963144   0.108028
   128   0.000000 267.891954 -62.289129 -28.913166  -2.888975  -2.902322   0.000000   0.013346 -29.926841 276.547479 280.801769   0.050202   0.116893 278.845515   0.108062
   129   0.000000 266.876444 -62.799902 -28.986383  -2.703401  -2.716345   0.000000   0.012944 -29.780031 276.447644 280.681748   0.050412   0.116893 278.730435   0.108095
   130   0.000000 265.892145 -63.290424 -29.052974  -2.523934  -2.536482   0.000000   0.012547 -29.638727 276.349843 280.564412   0.050616   0.116894 278.617895   0.108128
   131   0.000000 264.938427 -63.761229 -29.113375  -2.350476  -2.362633   0.000000   0.012157 -29.501986 276.254069 280.449634   0.050815   0.116894 278.507897   0.108159
   132   0.000000 264.014722 -64.212806 -29.168586  -2.182929  -2.194703   0.000000   0.011774 -29.368954 276.160346 280.337298   0.051008   0.116894 278.400467   0.108190
   133   0.000000 263.120392 -64.645854 -29.219382  -2.021129  -2.032528   0.000000   0.011399 -29.238667 276.068695 280.227306   0.051196   0.116894 278.295613   0.108220
   134   0.000000 262.254645 -65.061208 -29.266034  -1.864898  -1.875930   0.000000   0.011033 -29.110272 275.979106 280.119564   0.051379   0.116895 278.193314   0.108250
   135   0.000000 261.416609 -65.459637 -29.308882  -1.714109  -1.724783   0.000000   0.010675 -28.983208 275.891554 280.013991   0.051557   0.116895 278.093539   0.108279
   136   0.000000 260.605473 -65.841789 -29.348556  -1.568658  -1.578984   0.000000   0.010326 -28.857061 275.806026 279.910511   0.051729   0.116895 277.996261   0.108307
   137   0.000000 259.820297 -66.208486 -29.385281  -1.428404  -1.438390   0.000000   0.009986 -28.731401 275.722488 279.809056   0.051896   0.116895 277.901429   0.108335
   138   0.000000 259.060117 -66.560479 -29.419299  -1.293241  -1.302897   0.000000   0.009656 -28.605982 275.640897 279.709561   0.052058   0.116895 277.808985   0.108362
   139   0.000000 258.323940 -66.898513 -29.450847  -1.163071  -1.172406   0.000000   0.009335 -28.480649 275.561206 279.611966   0.052216   0.116895 277.718864   0.108388
   140   0.000000 257.610769 -67.223307 -29.480128  -1.037799  -1.046823   0.000000   0.009024 -28.355317 275.483362 279.516213   0.052368   0.116896 277.630993   0.108414
   141   0.000000 256.919552 -67.535619 -29.507187  -0.917332  -0.926053   0.000000   0.008721 -28.229957 275.407301 279.422249   0.052515   0.116896 277.545290   0.108439
   142   0.000000 256.249255 -67.836136 -29.532123  -0.801594  -0.810022   0.000000   0.008428 -28.104636 275.332957 279.330021   0.052658   0.116896 277.461667   0.108464
   143   0.000000 255.598825 -68.125553 -29.554939  -0.690505  -0.698649   0.000000   0.008144 -27.979452 275.260256 279.239479   0.052796   0.116896 277.380031   0.108488
   144   0.000000 254.967218 -68.404533 -29.575612  -0.583993  -0.591860   0.000000   0.007868 -27.854560 275.189124 279.150574   0.052929   0.116896 277.300284   0.108512
   145   0.000000 254.353396 -68.673712 -29.595648  -0.481995  -0.489596   0.000000   0.007601 -27.730151 275.119545 279.063261   0.053059   0.116896 277.222391   0.108535
   146   0.000000 253.756222 -68.934113 -29.613831  -0.384296  -0.391638   0.000000   0.007342 -27.606006 275.051416 278.977492   0.053183   0.116896 277.146217   0.108558
   147   0.000000 253.174688 -69.186217 -29.629683  -0.290887  -0.297978   0.000000   0.007091 -27.482536 274.984626 278.893223   0.053304   0.116896 277.071632   0.108580
   148   0.000000 252.607838 -69.430438 -29.642935  -0.201754  -0.208601   0.000000   0.006847 -27.360184 274.919074 278.810407   0.053421   0.116896 276.998517   0.108602
   149   0.000000 252.054745 -69.667197 -29.653349  -0.116857  -0.123468   0.000000   0.006611 -27.239332 274.854665 278.728997   0.053534   0.116896 276.926758   0.108623
   150   0.000000 251.514517 -69.896911 -29.660701  -0.036142  -0.042524   0.000000   0.006382 -27.120327 274.791306 278.648947   0.053643   0.116896 276.856245   0.108644
   151   0.000000 250.986298 -70.119976 -29.664780   0.040461   0.034302   0.000000   0.006159 -27.003492 274.728908 278.570212   0.053749   0.116896 276.786873   0.108665
   152   0.000000 250.469275 -70.336766 -29.665386   0.113030   0.107087   0.000000   0.005943 -26.889127 274.667386 278.492745   0.053851   0.116896 276.718539   0.108685
   153   0.000000 249.962684 -70.547622 -29.662347   0.181654   0.175921   0.000000   0.005733 -26.777516 274.606657 278.416502   0.053950   0.116896 276.651146   0.108705
   154   0.000000 249.465809 -70.752857 -29.655506   0.246430   0.240902   0.000000   0.005529 -26.668915 274.546644 278.341438   0.054046   0.116896 276.584603   0.108725
   155   0.000000 248.977988 -70.952749 -29.644746   0.307468   0.302138   0.000000   0.005330 -26.563560 274.487273 278.267509   0.054139   0.116896 276.518825   0.108744
   156   0.000000 248.498615 -71.147548 -29.629964   0.364885   0.359749   0.000000   0.005136 -26.461654 274.428476 278.194672   0.054229   0.116896 276.453733   0.108763
   157   0.000000 248.027140 -71.337471 -29.611108   0.418811   0.413863   0.000000   0.004948 -26.363373 274.370190 278.122884   0.054316   0.116896 276.389255   0.108782
   158   0.000000 247.563067 -71.522711 -29.588141   0.469383   0.464619   0.000000   0.004764 -26.268857 274.312360 278.052105   0.054401   0.116896 276.325327   0.108800
   159   0.000000 247.105959 -71.703428 -29.561079   0.516749   0.512164   0.000000   0.004585 -26.178214 274.254934 277.982294   0.054483   0.116896 276.261892   0.108818
   160   0.000000 246.655432 -71.879764 -29.529957   0.561064   0.556654   0.000000   0.004410 -26.091517 274.197868 277.913411   0.054563   0.116896 276.198901   0.108836
   161   0.000000 246.211153 -72.051835 -29.494854   0.602491   0.598250   0.000000   0.004240 -26.008804 274.141124 277.845421   0.054641   0.116896 276.136312   0.108853
   162   0.000000 245.772840 -72.219740 -29.455864   0.641196   0.637122   0.000000   0.004074 -25.930081 274.084669 277.778286   0.054717   0.116896 276.074088   0.108871
   163   0.000000 245.340253 -72.383559 -29.413122   0.677353   0.673440   0.000000   0.003912 -25.855321 274.028476 277.711972   0.054791   0.116895 276.012203   0.108888
   164   0.000000 244.913195 -72.543361 -29.366773   0.711134   0.707380   0.000000   0.003754 -25.784470 273.972524 277.646445   0.054863   0.116895 275.950634   0.108904
   165   0.000000 244.491505 -72.699202 -29.316992   0.742714   0.739114   0.000000   0.003600 -25.717448 273.916796 277.581675   0.054933   0.116895 275.889364   0.108921
   166   0.000000 244.075056 -72.851128 -29.263969   0.772267   0.768818   0.000000   0.003450 -25.654151 273.861281 277.517632   0.055002   0.116895 275.828381   0.108937
   167   0.000000 243.663744 -72.999186 -29.207905   0.799964   0.796661   0.000000   0.003303 -25.594453 273.805970 277.454287   0.055069   0.116895 275.767680   0.108954
   168   0.000000 243.257493 -73.143409 -29.149020   0.825972   0.822811   0.000000   0.003160 -25.538215 273.750860 277.391614   0.055134   0.116895 275.707256   0.108969
   169   0.000000 242.856241 -73.283839 -29.087529   0.850451   0.847430   0.000000   0.003021 -25.485278 273.695948 277.329588   0.055198   0.116895 275.647111   0.108985
   170   0.000000 242.459945 -73.420508 -29.023666   0.873557   0.870671   0.000000   0.002885 -25.435479 273.641237 277.268186   0.055261   0.116895 275.587249   0.109001
   171   0.000000 242.068564 -73.553464 -28.957642   0.895436   0.892683   0.000000   0.002753 -25.388643 273.586730 277.207387   0.055323   0.116895 275.527673   0.109016
   172   0.000000 241.682077 -73.682738 -28.889695   0.916227   0.913603   0.000000   0.002624 -25.344594 273.532432 277.147169   0.055383   0.116895 275.468392   0.109032
   173   0.000000 241.300448 -73.808390 -28.820016   0.936058   0.933559   0.000000   0.002499 -25.303153 273.476629 277.087445   0.055442   0.116894 275.408326   0.109047
   174   0.000000 240.923663 -73.922712 -28.765091   0.999946   0.997572   0.000000   0.002374 -25.275715 273.421731 277.028233   0.055498   0.116894 275.349026   0.109061
   175   0.000000 240.550726 -74.037532 -28.702011   1.034260   1.032006   0.000000   0.002253 -25.245509 273.367135 276.969521   0.055552   0.116894 275.290015   0.109076
   176   0.000000 240.181912 -74.149854 -28.635646   1.069942   1.067807   0.000000   0.002135 -25.216699 273.312712 276.911294   0.055604   0.116894 275.231242   0.109090
   177   0.000000 239.817438 -74.258891 -28.568129   1.104952   1.102932   0.000000   0.002020 -25.190073 273.258476 276.853538   0.055654   0.116894 275.172737   0.109104
   178   0.000000 239.457323 -74.364683 -28.499728   1.139504   1.137595   0.000000   0.001909 -25.165440 273.204441 276.796241   0.055702   0.116894 275.114517   0.109118
   179   0.000000 239.101515 -74.467346 -28.430508   1.173683   1.171884   0.000000   0.001800 -25.142603 273.150614 276.739390   0.055748   0.116894 275.056587   0.109132
   180   0.000000 238.750011 -74.566913 -28.360661   1.207551   1.205858   0.000000   0.001694 -25.121428 273.098646 276.683038   0.055792   0.116894 274.999976   0.109145
   181   0.000000 238.402722 -74.670862 -28.269723   1.197508   1.195937   0.000000   0.001570 -25.090744 273.046056 276.627136   0.055837   0.116893 274.943064   0.109159
   182   0.000000 238.060814 -74.766939 -28.185547   1.215928   1.214464   0.000000   0.001464 -25.067558 272.993547 276.571665   0.055880   0.116893 274.886414   0.109172
   183   0.000000 237.723688 -74.858875 -28.102050   1.231925   1.230564   0.000000   0.001361 -25.046821 272.941248 276.516612   0.055923   0.116893 274.830067   0.109185
   184   0.000000 237.390975 -74.947606 -28.017337   1.247762   1.246501   0.000000   0.001261 -25.027550 272.889149 276.461968   0.055964   0.116893 274.773993   0.109198
   185   0.000000 237.062414 -75.033336 -27.931261   1.263333   1.262169   0.000000   0.001164 -25.009734 272.837230 276.407720   0.056005   0.116893 274.718169   0.109211
   186   0.000000 236.737914 -75.116068 -27.844148   1.278629   1.277558   0.000000   0.001071 -24.993426 272.785490 276.353856   0.056044   0.116893 274.662590   0.109224
   187   0.000000 236.417201 -75.196053 -27.755739   1.293689   1.292709   0.000000   0.000980 -24.978567 272.733907 276.300366   0.056083   0.116893 274.607231   0.109236
   188   0.000000 236.100221 -75.273255 -27.666427   1.308491   1.307599   0.000000   0.000892 -24.965213 272.682484 276.247239   0.056120   0.116892 274.552090   0.109249
   189   0.000000 235.786666 -75.347975 -27.575784   1.323082   1.322275   0.000000   0.000808 -24.953288 272.631194 276.194463   0.056157   0.116892 274.497137   0.109261
   190   0.000000 235.476525 -75.420109 -27.484327   1.337424   1.336698   0.000000   0.000726 -24.942886 272.580042 276.142029   0.056193   0.116892 274.442372   0.109273
   191   0.000000 235.169447 -75.490013 -27.391451   1.351569   1.350922   0.000000   0.000647 -24.933912 272.528996 276.089925   0.056228   0.116892 274.387759   0.109285
   192   0.000000 234.865478 -75.557506 -27.297842   1.365460   1.364890   0.000000   0.000571 -24.926504 272.478065 276.038142   0.056262   0.116892 274.333305   0.109297
   193   0.000000 234.564205 -75.623018 -27.202672   1.379166   1.378669   0.000000   0.000497 -24.920538 272.351630 275.983666   0.056295   0.116892 274.232165   0.109309
   194   0.000000 234.265746 -75.350248 -27.897737   1.012838   1.012492   0.000000   0.000347 -25.424248 272.307545 275.930058   0.056346   0.116891 274.183163   0.109322
   195   0.000000 233.925333 -75.484577 -27.696817   0.872059   0.871767   0.000000   0.000292 -25.357593 272.270205 275.877505   0.056404   0.116891 274.133842   0.109335
   196   0.000000 233.589038 -75.644956 -27.365301   0.755884   0.755636   0.000000   0.000247 -25.251101 272.231984 275.825873   0.056468   0.116891 274.084027   0.109349
   197   0.000000 233.273034 -75.781810 -27.070980   0.640193   0.639988   0.000000   0.000205 -25.157222 272.194698 275.775118   0.056538   0.116891 274.036147   0.109362
   198   0.000000 232.973115 -75.907283 -26.793229   0.530652   0.530486   0.000000   0.000166 -25.062939 272.158399 275.725206   0.056613   0.116891 273.989976   0.109376
   199   0.000000 232.686484 -76.024308 -26.528193   0.427120   0.426989   0.000000   0.000131 -24.967653 272.122944 275.676102   0.056693   0.116891 273.945218   0.109391
   200   0.000000 232.411554 -76.133795 -26.274118   0.328888   0.328789   0.000000   0.000099 -24.872105 272.088206 275.627772   0.056779   0.116891 273.901675   0.109405
   201   0.000000 232.146072 -76.237350 -26.027964   0.235316   0.235246   0.000000   0.000070 -24.776960 272.054004 275.580178   0.056868   0.116891 273.859077   0.109420
   202   0.000000 231.889475 -76.334723 -25.790800   0.145687   0.145645   0.000000   0.000042 -24.683216 272.020288 275.533287   0.056962   0.116891 273.817338   0.109435
   203   0.000000 231.639680 -76.427704 -25.558579   0.059678   0.059661   0.000000   0.000017 -24.590994 271.986883 275.487062   0.057061   0.116891 273.776208   0.109450
   204   0.000000 231.396831 -76.515381 -25.333945  -0.023340  -0.023333  -0.000000  -0.000007 -24.501253 271.953795 275.441471   0.057163   0.116891 273.735681   0.109465
   205   0.000000 231.158812 -76.599833 -25.111858  -0.103475  -0.103447  -0.000000  -0.000028 -24.413728 271.920846 275.396478   0.057270   0.116891 273.695505   0.109481
   206   0.000000 230.926395 -76.679514 -24.896489  -0.181325  -0.181276  -0.000000  -0.000049 -24.329430 271.888090 275.352056   0.057380   0.116891 273.655744   0.109496
   207   0.000000 230.697218 -76.756964 -24.681404  -0.256825  -0.256757  -0.000000  -0.000068 -24.247758 271.855326 275.308168   0.057495   0.116891 273.616117   0.109512
   208   0.000000 230.472684 -76.829922 -24.472511  -0.330603  -0.330518  -0.000000  -0.000086 -24.169897 271.822657 275.264789   0.057613   0.116891 273.576755   0.109528
   209   0.000000 230.249971 -76.901591 -24.261454  -0.402438  -0.402336  -0.000000  -0.000102 -24.094922 271.789837 275.221884   0.057734   0.116891 273.537318   0.109544
   210   0.000000 230.031182 -76.968838 -24.056246  -0.473049  -0.472932  -0.000000  -0.000118 -24.024326 271.757024 275.179429   0.057859   0.116891 273.498008   0.109560
   211   0.000000 229.812814 -77.035756 -23.846018  -0.542057  -0.541924  -0.000000  -0.000132 -23.956837 271.723906 275.137390   0.057988   0.116891 273.458402   0.109576
   212   0.000000 229.597794 -77.098134 -23.641443  -0.610325  -0.610179  -0.000000  -0.000146 -23.894390 271.690701 275.095744   0.058120   0.116891 273.418783   0.109593
   213   0.000000 229.381721 -77.161203 -23.428592  -0.677296  -0.677137  -0.000000  -0.000159 -23.835300 271.657016 275.054453   0.058256   0.116891 273.378626   0.109609
   214   0.000000 229.168533 -77.219412 -23.221590  -0.744022  -0.743851  -0.000000  -0.000171 -23.782058 271.623149 275.013496   0.058395   0.116891 273.338325   0.109626
   215   0.000000 228.952764 -77.279378 -23.003126  -0.809718  -0.809535  -0.000000  -0.000183 -23.732430 271.588622 274.972835   0.058537   0.116892 273.297249   0.109643
   216   0.000000 228.739620 -77.333944 -22.791770  -0.875632  -0.875438  -0.000000  -0.000194 -23.689492 271.553846 274.932450   0.058683   0.116892 273.255954   0.109660
   217   0.000000 228.522489 -77.391337 -22.574703  -0.940771  -0.940568  -0.000000  -0.000203 -23.650230 271.518527 274.892311   0.058832   0.116892 273.214027   0.109677
   218   0.000000 228.307676 -77.444153 -22.369381  -1.005818  -1.005605  -0.000000  -0.000213 -23.616488 271.483157 274.852411   0.058984   0.116892 273.172135   0.109694
   219   0.000000 228.087641 -77.501866 -22.151742  -1.069537  -1.069315  -0.000000  -0.000221 -23.584780 271.447111 274.812716   0.059140   0.116892 273.129477   0.109711
   220   0.000000 227.870959 -77.553419 -21.950721  -1.133544  -1.133315  -0.000000  -0.000229 -23.559233 271.411122 274.773226   0.059299   0.116892 273.087048   0.109728
   221   0.000000 227.648848 -77.610548 -21.737928  -1.195983  -1.195747  -0.000000  -0.000236 -23.534728 271.374530 274.733914   0.059462   0.116892 273.043954   0.109746
   222   0.000000 227.431255 -77.660708 -21.545842  -1.258542  -1.258301  -0.000000  -0.000242 -23.515682 271.338188 274.694786   0.059627   0.116892 273.001362   0.109764
   223   0.000000 227.208334 -77.717198 -21.342720  -1.319115  -1.318868  -0.000000  -0.000247 -23.496185 271.301378 274.655822   0.059796   0.116893 272.958254   0.109781
   224   0.000000 226.990951 -77.766322 -21.162623  -1.379511  -1.379260  -0.000000  -0.000251 -23.481110 271.264992 274.617037   0.059968   0.116893 272.915890   0.109799
   225   0.000000 226.768564 -77.822230 -20.972361  -1.437609  -1.437354  -0.000000  -0.000254 -23.464315 271.228278 274.578413   0.060143   0.116893 272.873142   0.109817
   226   0.000000 226.552397 -77.870735 -20.805354  -1.495241  -1.494984  -0.000000  -0.000257 -23.450941 271.192098 274.539970   0.060321   0.116893 272.831295   0.109835
   227   0.000000 226.331653 -77.926081 -20.629184  -1.550469  -1.550210  -0.000000  -0.000259 -23.435100 271.155710 274.501694   0.060503   0.116893 272.789162   0.109853
   228   0.000000 226.117453 -77.974230 -20.474992  -1.605013  -1.604753  -0.000000  -0.000260 -23.421888 271.119895 274.463603   0.060686   0.116894 272.748004   0.109871
   229   0.000000 225.899125 -78.028966 -20.312728  -1.657227  -1.656968  -0.000000  -0.000260 -23.405957 271.083960 274.425688   0.060873   0.116894 272.706622   0.109889
   230   0.000000 225.687396 -78.076834 -20.170468  -1.708619  -1.708359  -0.000000  -0.000259 -23.392093 271.048596 274.387964   0.061062   0.116894 272.666228   0.109908
   231   0.000000 225.471948 -78.130870 -20.021180  -1.757857  -1.757599  -0.000000  -0.000257 -23.375580 271.013171 274.350423   0.061254   0.116894 272.625651   0.109926
   232   0.000000 225.262997 -78.178403 -19.889826  -1.806197  -1.805942  -0.000000  -0.000255 -23.360759 270.978291 274.313078   0.061449   0.116894 272.586040   0.109945
   233   0.000000 225.050673 -78.231650 -19.752308  -1.852597  -1.852344  -0.000000  -0.000253 -23.343508 270.943390 274.275921   0.061645   0.116895 272.546269   0.109963
   234   0.000000 224.844660 -78.278744 -19.630855  -1.898073  -1.897824  -0.000000  -0.000249 -23.327712 270.908999 274.238963   0.061844   0.116895 272.507427   0.109982
   235   0.000000 224.635552 -78.331129 -19.503884  -1.941816  -1.941571  -0.000000  -0.000245 -23.309747 270.874612 274.202197   0.062046   0.116895 272.468439   0.110000
   236   0.000000 224.432543 -78.377673 -19.391432  -1.984645  -1.984405  -0.000000  -0.000240 -23.293093 270.840701 274.165632   0.062249   0.116895 272.430339   0.110019
   237   0.000000 224.226658 -78.429144 -19.273905  -2.025924  -2.025689  -0.000000  -0.000235 -23.274517 270.806808 274.129260   0.062454   0.116895 272.392101   0.110038
   238   0.000000 224.026662 -78.475038 -19.169689  -2.066321  -2.066092  -0.000000  -0.000230 -23.257164 270.773363 274.093090   0.062662   0.116896 272.354711   0.110057
   239   0.000000 223.823962 -78.525566 -19.060650  -2.105319  -2.105096  -0.000000  -0.000223 -23.238089 270.739943 274.057113   0.062871   0.116896 272.317187   0.110075
   240   0.000000 223.626955 -78.570737 -18.963998  -2.143482  -2.143265  -0.000000  -0.000217 -23.220188 270.706948 274.021336   0.063082   0.116896 272.280475   0.110094
   241   0.000000 223.427376 -78.620309 -18.862616  -2.180368  -2.180159  -0.000000  -0.000210 -23.200719 270.673981 273.985752   0.063295   0.116897 272.243631   0.110113
   242   0.000000 223.233317 -78.664702 -18.772930  -2.216475  -2.216273  -0.000000  -0.000202 -23.182403 270.641420 273.950368   0.063509   0.116897 272.207568   0.110132
   243   0.000000 223.036789 -78.713315 -18.678506  -2.251404  -2.251210  -0.000000  -0.000194 -23.162635 270.608886 273.915174   0.063725   0.116897 272.171373   0.110151
   244   0.000000 222.845629 -78.756891 -18.595278  -2.285614  -2.285428  -0.000000  -0.000186 -23.144012 270.576746 273.880177   0.063943   0.116897 272.135933   0.110170
   245   0.000000 222.652082 -78.804546 -18.507237  -2.318724  -2.318546  -0.000000  -0.000177 -23.124016 270.544631 273.845368   0.064162   0.116898 272.100360   0.110189
   246   0.000000 222.463777 -78.847278 -18.430040  -2.351175  -2.351007  -0.000000  -0.000169 -23.105161 270.512900 273.810755   0.064382   0.116898 272.065521   0.110208
   247   0.000000 222.273151 -78.893984 -18.347887  -2.382587  -2.382428  -0.000000  -0.000159 -23.084981 270.481192 273.776327   0.064603   0.116898 272.030549   0.110227
   248   0.000000 222.087659 -78.935857 -18.276332  -2.413402  -2.413252  -0.000000  -0.000150 -23.065944 270.449862 273.742091   0.064826   0.116898 271.996292   0.110246
   249   0.000000 221.899895 -78.981625 -18.199629  -2.443224  -2.443084  -0.000000  -0.000140 -23.045608 270.418550 273.708039   0.065050   0.116899 271.961901   0.110265
   250   0.000000 221.717175 -79.022630 -18.133368  -2.472511  -2.472381  -0.000000  -0.000130 -23.026426 270.387611 273.674177   0.065274   0.116899 271.928209   0.110284
   251   0.000000 221.532222 -79.067471 -18.061744  -2.500842  -2.500723  -0.000000  -0.000119 -23.005957 270.356687 273.640495   0.065500   0.116899 271.894382   0.110303
   252   0.000000 221.352241 -79.107599 -18.000484  -2.528698  -2.528589  -0.000000  -0.000109 -22.986653 270.326135 273.607000   0.065727   0.116900 271.861242   0.110322
   253   0.000000 221.170058 -79.151524 -17.923211  -2.555156  -2.555058  -0.000000  -0.000098 -22.966055 270.295141 273.573665   0.065954   0.116900 271.827452   0.110342
   254   0.000000 220.993345 -79.188269 -17.854932  -2.581932  -2.581845  -0.000000  -0.000087 -22.949671 270.264158 273.540485   0.066182   0.116900 271.793962   0.110361
   255   0.000000 220.814693 -79.226990 -17.779225  -2.608309  -2.608233  -0.000000  -0.000076 -22.934287 270.232861 273.507440   0.066411   0.116901 271.759979   0.110380
   256   0.000000 220.640846 -79.259731 -17.711822  -2.634707  -2.634642  -0.000000  -0.000065 -22.922052 270.201619 273.474528   0.066640   0.116901 271.726298   0.110399
   257   0.000000 220.464564 -79.295121 -17.636318  -2.660572  -2.660518  -0.000000  -0.000054 -22.910363 270.170058 273.441732   0.066870   0.116901 271.692105   0.110418
   258   0.000000 220.292601 -79.324988 -17.568917  -2.686464  -2.686422  -0.000000  -0.000042 -22.901717 270.138539 273.409052   0.067101   0.116902 271.658182   0.110437
   259   0.000000 220.117912 -79.357726 -17.493402  -2.711833  -2.711803  -0.000000  -0.000030 -22.893587 270.106688 273.376470   0.067332   0.116902 271.623730   0.110456
   260   0.000000 219.947161 -79.385254 -17.425869  -2.737257  -2.737239  -0.000000  -0.000018 -22.888470 270.074864 273.343986   0.067564   0.116902 271.589521   0.110475
   261   0.000000 219.773510 -79.415758 -17.350367  -2.762175  -2.762169  -0.000000  -0.000006 -22.883857 270.042701 273.311586   0.067795   0.116903 271.554777   0.110494
   262   0.000000 219.603468 -79.441344 -17.282648  -2.787158  -2.787164  -0.000000   0.000006 -22.882194 270.010550 273.279268   0.068028   0.116903 271.520251   0.110514
   263   0.000000 219.430435 -79.469934 -17.207221  -2.811651  -2.811671  -0.000000   0.000019 -22.881025 269.978060 273.247020   0.068260   0.116903 271.485191   0.110533
   264   0.000000 219.260711 -79.493895 -17.139296  -2.836208  -2.836240  -0.000000   0.000032 -22.882714 269.945570 273.214840   0.068493   0.116904 271.450327   0.110552
   265   0.000000 219.087966 -79.520836 -17.064018  -2.860293  -2.860338  -0.000000   0.000046 -22.884888 269.912744 273.182716   0.068726   0.116904 271.414937   0.110571
   266   0.000000 218.918250 -79.543435 -16.995893  -2.884427  -2.884486  -0.000000   0.000059 -22.889805 269.879905 273.150648   0.068959   0.116904 271.379720   0.110590
   267   0.000000 218.745529 -79.568947 -16.920847  -2.908107  -2.908180  -0.000000   0.000073 -22.895204 269.846737 273.118624   0.069192   0.116905 271.343991   0.110609
   268   0.000000 218.575568 -79.590412 -16.852551  -2.931816  -2.931902  -0.000000   0.000087 -22.903214 269.813545 273.086646   0.069426   0.116905 271.308416   0.110628
   269   0.000000 218.402656 -79.614688 -16.777826  -2.955089  -2.955190  -0.000000   0.000101 -22.911706 269.780034 273.054700   0.069659   0.116905 271.272344   0.110647
   270   0.000000 218.232249 -79.635212 -16.709409  -2.978363  -2.978478  -0.000000   0.000116 -22.922663 269.746489 273.022790   0.069892   0.116906 271.236407   0.110667
   271   0.000000 218.058972 -79.658422 -16.635094  -3.001221  -3.001352  -0.000000   0.000131 -22.934105 269.712638 272.990904   0.070125   0.116906 271.199994   0.110686
   272   0.000000 217.887954 -79.678177 -16.566623  -3.024047  -3.024193  -0.000000   0.000146 -22.947857 269.678743 272.959042   0.070358   0.116906 271.163696   0.110705
   273   0.000000 217.714172 -79.700477 -16.492807  -3.046478  -3.046640  -0.000000   0.000161 -22.962097 269.644557 272.927197   0.070591   0.116907 271.126946   0.110724
   274   0.000000 217.542414 -79.719613 -16.424363  -3.068841  -3.069018  -0.000000   0.000177 -22.978485 269.610317 272.895369   0.070823   0.116907 271.090295   0.110743
   275   0.000000 217.368013 -79.741140 -16.351136  -3.090829  -3.091022  -0.000000   0.000193 -22.995363 269.575803 272.863550   0.071055   0.116907 271.053215   0.110762
   276   0.027633 217.195414 -79.737685 -16.282812  -3.112705  -3.112922  -0.000000   0.000217 -23.014224 269.541899 272.831766   0.071287   0.116908 271.016659   0.110781
   277   0.203197 217.020307 -79.621001 -16.203963  -3.132754  -3.133042  -0.000000   0.000288 -23.029074 269.511493 272.800158   0.071518   0.116908 270.982157   0.110800
   278   1.107522 216.847125 -78.934563 -16.094606  -3.144510  -3.145113  -0.000000   0.000603 -23.020652 269.499678 272.769444   0.071748   0.116909 270.959934   0.110820
   279   3.564375 216.673780 -77.086348 -15.807763  -3.116231  -3.117677  -0.000000   0.001446 -22.888364 269.529790 272.741197   0.071976   0.116909 270.964734   0.110838
   280   8.077987 216.513332 -73.760773 -15.126859  -2.998352  -3.001216  -0.000000   0.002863 -22.479853 269.618625 272.717496   0.072196   0.116909 271.007661   0.110857
   281  14.722480 216.383729 -68.953731 -13.863703  -2.753238  -2.757708  -0.000000   0.004471 -21.692091 269.768447 272.700307   0.072403   0.116910 271.090203   0.110875
   282  23.323192 216.319813 -62.781674 -11.954725  -2.369770  -2.375354  -0.000000   0.005584 -20.523023 269.971352 272.691106   0.072591   0.116910 271.208661   0.110891
   283  33.614580 216.351713 -55.394922  -9.414911  -1.856441  -1.862030  -0.000000   0.005588 -19.038278 270.214830 272.690746   0.072754   0.116910 271.356466   0.110906
   284  45.322071 216.512786 -46.928025  -6.348500  -1.232677  -1.236925  -0.000000   0.004248 -17.331412 270.487464 272.699569   0.072887   0.116910 271.528835   0.110918
   285  58.195178 216.819012 -37.517606  -2.863805  -0.518098  -0.519944  -0.000000   0.001846 -15.484731 270.779452 272.717523   0.072985   0.116910 271.721314   0.110928
   286  72.017060 217.284745 -27.281554   0.874182   0.267303   0.268185   0.000000  -0.000882 -13.566491 271.085839 272.744391   0.073047   0.116910 272.002952   0.110936
   287  86.604211 225.098164  -9.373252 -22.105557   0.612329   0.607621   0.000000   0.004708 -11.609863 272.351395 272.817320   0.073093   0.116910 273.371930   0.110943
   288 101.802621 223.752606  -4.104852   6.305340   4.729174   4.700701   0.000000   0.028473  -3.261470 272.374575 272.882774   0.072947   0.116910 273.323986   0.110936
   289 117.483153 231.106946  15.470256 -21.322520   4.172908   4.101388   0.000000   0.071521  -3.557390 273.624310 272.990298   0.072828   0.116909 274.622388   0.110932
   290 133.537169 229.767944  21.420962   7.863932   8.459058   8.327469   0.000000   0.131589   4.438080 273.629576 273.086780   0.072506   0.116908 274.559849   0.110914
   291 149.872779 235.105471  39.643118 -14.047434   8.093720   7.902251   0.000000   0.191469   3.799573 275.556438 273.249659   0.072200   0.116907 275.964909   0.110897
   292 166.411727 234.226493  43.245275  34.195855  13.786385  13.448549   0.000000   0.337837  16.147449 275.693603 273.401887   0.071619   0.116906 275.913063   0.110863
   293 183.086877 239.420046  60.991322  14.029412  12.412586  11.950234   0.000000   0.462353  16.042017 276.765555 273.582038   0.071102   0.116904 276.942910   0.110834
   294 199.840189 241.521221  71.461848  33.614700  14.013673  13.358057   0.000000   0.655616  22.284623 277.372011 273.769375   0.070509   0.116902 277.404482   0.110800
   295 216.621099 245.648230  86.052157  28.558437  13.337668  12.480694   0.000000   0.856974  25.218450 278.348102 273.978315   0.069953   0.116901 278.236962   0.110770
   296 233.385225 249.139159  98.243254  38.493412  14.497800  13.355070   0.000000   1.142730  30.588509 279.179773 274.201483   0.069350   0.116899 278.932808   0.110736
   297 250.093324 252.644134 111.046286  44.410121  14.848700  13.409522   0.000000   1.439178  34.848028 280.020128 274.438335   0.068742   0.116897 279.624322   0.110703
   298 266.710453 256.151791 123.701620  51.095971  15.179259  13.403858   0.000000   1.775400  39.072553 280.846219 274.687476   0.068136   0.116895 280.305456   0.110669
   299 283.205292 259.605663 136.239922  58.125145  15.397589  13.253873   0.000000   2.143716  43.111202 281.652243 274.947423   0.067540   0.116894 280.967612   0.110636
   300 299.549591 262.890863 148.557301  65.940746  15.508747  12.971652   0.000000   2.537095  46.933737 282.421667 275.216184   0.066964   0.116892 281.591761   0.110604
   301 315.717721 265.982150 160.693040  74.090259  15.470220  12.524373   0.000000   2.945847  50.438380 283.124806 275.490782   0.066419   0.116890 282.169793   0.110574
   302 331.686303 268.882622 172.783937  81.453657  16.514915  13.161656   0.000000   3.353259  53.438166 283.755461 275.768278   0.065850   0.116888 282.702335   0.110542
   303 347.433903 271.570809 184.830424  87.819630  19.145923  15.399118   0.000000   3.746805  55.910280 284.351631 276.047509   0.065182   0.116886 283.194318   0.110502
   304 362.940782 274.037206 196.622509  94.498149  21.689431  17.553988   0.000000   4.135444  58.128860 284.910145 276.327274   0.064425   0.116883 283.644576   0.110456
   305 378.188686 276.315873 208.197971 101.107208  24.132831  19.616473   0.000000   4.516359  60.080103 285.437221 276.606704   0.063589   0.116880 284.059705   0.110404
   306 393.160668 278.425457 219.532836 107.710121  26.496368  21.605947   0.000000   4.890421  61.813619 285.935680 276.885094   0.062686   0.116877 284.443354   0.110345
   307 407.840945 280.386143 230.622161 114.247089  28.783163  23.525896   0.000000   5.257268  63.354099 286.408800 277.161903   0.061725   0.116873 284.799354   0.110280
   308 422.214769 282.214849 241.455874 120.702007  30.999327  25.382240   0.000000   5.617087  64.728277 286.859209 277.436713   0.060718   0.116870 285.130867   0.110210
   309 436.268330 283.927163 252.026304 127.047025  33.149033  27.178999   0.000000   5.970034  65.957474 287.289336 277.709211   0.059677   0.116866 285.440768   0.110134
   310 449.988660 285.536458 262.325009 133.270536  35.236926  28.920499   0.000000   6.316427  67.060876 287.701103 277.979162   0.058612   0.116862 285.731482   0.110053
   311 463.363562 287.054318 272.344793 139.358347  37.266269  30.609774   0.000000   6.656495  68.053590 288.096124 278.246387   0.057532   0.116857 286.005083   0.109967
   312 481.650953 288.490648 286.294318 145.294814  39.250318  32.249188   0.000000   7.001131  68.948162 288.556691 278.513961   0.056447   0.116852 286.275308   0.109875
   313 494.330359 289.853745 295.331547 154.298712  41.644095  34.255644   0.000000   7.388452  70.299111 288.912346 278.777868   0.055352   0.116847 286.518079   0.109778
   314 506.630370 291.209907 304.603741 159.137313  43.454637  35.748318   0.000000   7.706319  70.941349 289.274578 279.038907   0.054271   0.116842 286.759423   0.109676
   315 518.541369 292.461638 313.421444 164.883763  45.335739  37.303510   0.000000   8.032229  71.649695 289.615347 279.296657   0.053207   0.116837 286.981729   0.109570
   316 530.054262 293.662372 321.978651 170.063366  47.112508  38.766889   0.000000   8.345619  72.230829 289.945852 279.551165   0.052167   0.116831 287.194212   0.109459
   317 541.160446 294.806521 330.204219 175.161423  48.849583  40.195267   0.000000   8.654316  72.762809 290.263818 279.802362   0.051153   0.116825 287.395876   0.109344
   318 551.851785 295.902806 338.112884 180.027676  50.528906  41.572828   0.000000   8.956078  73.230193 290.570738 280.050229   0.050170   0.116819 287.588247   0.109225
   319 562.120589 296.953768 345.693556 184.706310  52.156689  42.905079   0.000000   9.251610  73.643564 290.866698 280.294735   0.049219   0.116813 287.771788   0.109102
   320 571.959592 297.962937 352.943931 189.179588  53.730519  44.189983   0.000000   9.540536  74.003741 291.152084 280.535855   0.048302   0.116806 287.947137   0.108975
   321 581.361941 298.932906 359.859485 193.448869  55.250240  45.427489   0.000000   9.822751  74.313603 291.427093 280.773559   0.047419   0.116800 288.114774   0.108845
   322 590.321175 299.866068 366.436788 197.510211  56.714723  46.616704   0.000000  10.098018  74.574742 291.691905 281.007815   0.046571   0.116793 288.275148   0.108711
   323 598.831217 300.764449 372.672438 201.362370  58.122933  47.756825   0.000000  10.366108  74.788634 291.946632 281.238587   0.045758   0.116786 288.428645   0.108574
   324 606.886361 301.629812 378.563417 205.003682  59.473557  48.846812   0.000000  10.626744  74.956311 292.191349 281.465837   0.044978   0.116779 288.575609   0.108434
   325 614.481266 302.463696 384.106945 208.459521  60.766379  49.886564   0.000000  10.879815  75.078586 292.425564 281.689499   0.044232   0.116772 288.716362   0.108291
   326 621.610941 303.267787 389.303795 211.702136  61.996011  50.871535   0.000000  11.124476  75.152457 292.649475 281.909514   0.043518   0.116764 288.851254   0.108145
   327 628.270746 304.043066 394.150524 214.738260  63.162132  51.801577   0.000000  11.360555  75.179726 292.863054 282.125817   0.042836   0.116757 288.980505   0.107997
   328 634.456378 304.790722 398.645377 217.564115  64.262944  52.675262   0.000000  11.587682  75.160654 293.066339 282.338345   0.042183   0.116749 289.104372   0.107847
   329 640.163872 305.511779 402.786339 220.179403  65.297246  53.491685   0.000000  11.805561  75.095955 293.259343 282.547033   0.041560   0.116741 289.223080   0.107694
   330 645.389593 306.207213 406.571731 222.582881  66.263786  54.249902   0.000000  12.013883  74.986169 293.442081 282.751814   0.040964   0.116733 289.336843   0.107539
   331 650.130230 306.877932 410.000031 224.773769  67.161484  54.949124   0.000000  12.212361  74.831870 293.614566 282.952623   0.040395   0.116725 289.445864   0.107383
   332 654.382798 307.524782 413.069929 226.751299  67.989368  55.588654   0.000000  12.400713  74.633596 293.776804 283.149394   0.039852   0.116717 289.550332   0.107224
   333 658.144631 308.148552 415.780304 228.514835  68.746590  56.167915   0.000000  12.578676  74.391872 293.928804 283.342060   0.039333   0.116709 289.650422   0.107065
   334 661.413378 308.749970 418.130234 230.063820  69.432428  56.686434   0.000000  12.745994  74.107204 294.070568 283.530556   0.038837   0.116700 289.746299   0.106904
   335 664.187007 309.329710 420.118986 231.397765  70.046284  57.143855   0.000000  12.902428  73.780081 294.202099 283.714816   0.038363   0.116692 289.838114   0.106742
   336 666.463795 309.888394 421.746018 232.516245  70.587690  57.539936   0.000000  13.047754  73.410979 294.323399 283.894776   0.037911   0.116683 289.926006   0.106580
   337 668.242334 310.426591 423.010979 233.418915  71.056306  57.874544   0.000000  13.181762  73.000365 294.434469 284.070369   0.037479   0.116675 290.010104   0.106416
   338 669.521525 310.944825 423.913705 234.105508  71.451920  58.147662   0.000000  13.304257  72.548696 294.535307 284.241534   0.037066   0.116666 290.090524   0.106253
   339 670.300580 311.443575 424.454226 234.575822  71.774443  58.359379   0.000000  13.415065  72.056416 294.625914 284.408205   0.036671   0.116658 290.167371   0.106089
   340 670.579017 311.923275 424.632762 234.829727  72.023914  58.509891   0.000000  13.514023  71.523962 294.706287 284.570321   0.036294   0.116649 290.240741   0.105925
   341 670.356665 312.384319 424.449723 234.867158  72.200488  58.599498   0.000000  13.600991  70.951764 294.776426 284.727819   0.035934   0.116640 290.310718   0.105761
   342 669.633662 312.827060 423.905709 234.688107  72.304446  58.628603   0.000000  13.675843  70.340247 294.836330 284.880639   0.035590   0.116632 290.377374   0.105598
   343 668.410452 313.251809 423.001508 234.292612  72.336187  58.597711   0.000000  13.738475  69.689831 294.885998 285.028721   0.035262   0.116623 290.440773   0.105435
   344 666.687791 313.658838 421.738089 233.680743  72.296226  58.507425   0.000000  13.788801  69.000937 294.925433 285.172006   0.034948   0.116614 290.500964   0.105272
   345 664.466743 314.048374 420.116604 232.852580  72.185200  58.358447   0.000000  13.826753  68.273991 294.954639 285.310435   0.034648   0.116606 290.557987   0.105111
   346 661.748680 314.420607 418.138378 231.808206  72.003862  58.151575   0.000000  13.852287  67.509429 294.973624 285.443953   0.034362   0.116597 290.611871   0.104951
   347 658.535291 314.775686 415.804913 230.547697  71.753082  57.887705   0.000000  13.865378  66.707703 294.982402 285.572503   0.034089   0.116589 290.662630   0.104792
   348 654.828573 315.113724 413.117877 229.071114  71.433853  57.567830   0.000000  13.866023  65.869287 294.980988 285.696034   0.033828   0.116580 290.710269   0.104634
   349 650.630840 315.434793 410.079108 227.378499  71.047285  57.193042   0.000000  13.854243  64.994679 294.969408 285.814493   0.033580   0.116571 290.754781   0.104478
   350 645.944724 315.738929 406.690609 225.469879  70.594612  56.764530   0.000000  13.830082  64.084407 294.947692 285.927831   0.033343   0.116563 290.796146   0.104324
   351 640.773174 316.026130 402.954545 223.345265  70.077184  56.283577   0.000000  13.793607  63.139030 294.915877 286.036000   0.033118   0.116555 290.834333   0.104171
   352 635.119464 316.296356 398.873249 221.004661  69.496463  55.751556   0.000000  13.744907  62.159141 294.874007 286.138955   0.032903   0.116546 290.869298   0.104021
   353 628.987192 316.549534 394.449220 218.448073  68.854020  55.169924   0.000000  13.684097  61.145366 294.822135 286.236654   0.032698   0.116538 290.900988   0.103873
   354 622.380287 316.785555 389.685131 215.675520  68.151524  54.540213   0.000000  13.611311  60.098368 294.760321 286.329058   0.032504   0.116530 290.929337   0.103727
   355 615.303013 317.004279 384.583830 212.687053  67.390736  53.864031   0.000000  13.526705  59.018842 294.688632 286.416130   0.032319   0.116522 290.954270   0.103584
   356 607.759973 317.205538 379.148351 209.482771  66.573508  53.143049   0.000000  13.430459  57.907517 294.607143 286.497836   0.032144   0.116514 290.975701   0.103443
   357 599.756116 317.389139 373.381922 206.062840  65.701767  52.378999   0.000000  13.322768  56.765156 294.515938 286.574145   0.031978   0.116506 290.993535   0.103305
   358 591.296745 317.554864 367.287973 202.427514  64.777516  51.573665   0.000000  13.203851  55.592549 294.415105 286.645031   0.031821   0.116498 291.007670   0.103170
   359 582.387526 317.702476 360.870148 198.577165  63.802821  50.728881   0.000000  13.073940  54.390515 294.304741 286.710470   0.031673   0.116490 291.017995   0.103038
   360 573.034492 317.831722 354.132323 194.512298  62.779805  49.846519   0.000000  12.933286  53.159898 294.184949 286.770440   0.031533   0.116483 291.024396   0.102909
   361 563.244060 317.942336 347.078615 190.246180  61.711241  48.928975   0.000000  12.782266  51.901563 294.055594 286.824917   0.031401   0.116475 291.026750   0.102783
   362 553.023040 318.034179 339.714906 185.765336  60.597466  47.976609   0.000000  12.620857  50.614742 293.916913 286.873881   0.031276   0.116468 291.024953   0.102660
   363 542.378651 318.106790 332.044986 181.074447  59.441531  46.992062   0.000000  12.449470  49.301223 293.769032 286.917320   0.031160   0.116461 291.018839   0.102541
   364 531.318533 318.159891 324.073771 176.173111  58.245676  45.977280   0.000000  12.268396  47.961984 293.612116 286.955226   0.031051   0.116454 291.008271   0.102426
   365 519.850773 318.193174 315.806290 171.062881  57.012369  44.934400   0.000000  12.077969  46.598225 293.446319 286.987596   0.030950   0.116447 290.993105   0.102313
   366 507.983918 318.206359 307.248003 165.745161  55.743994  43.865480   0.000000  11.878514  45.211059 293.271803 287.014430   0.030856   0.116441 290.973200   0.102205
   367 495.727009 318.199181 298.404740 160.221867  54.442936  42.772575   0.000000  11.670361  43.801606 293.088731 287.035735   0.030768   0.116434 290.948414   0.102100
   368 483.089600 318.171394 289.282745 154.495265  53.111545  41.657710   0.000000  11.453835  42.370971 292.897270 287.051520   0.030688   0.116428 290.918609   0.101999
   369 470.081800 318.122777 279.888707 148.568054  51.752147  40.522886   0.000000  11.229261  40.920251 292.697590 287.061799   0.030615   0.116421 290.883646   0.101902
   370 456.714307 318.053138 270.229789 142.443379  50.367031  39.370076   0.000000  10.996956  39.450538 292.489864 287.066589   0.030548   0.116415 290.843389   0.101808
   371 442.998452 317.962316 260.313671 136.124869  48.958450  38.201221   0.000000  10.757229  37.962923 292.274270 287.065913   0.030487   0.116410 290.797701   0.101718
   372 428.946256 317.850185 250.148588 129.616667  47.528612  37.018233   0.000000  10.510379  36.458499 292.050992 287.059797   0.030433   0.116404 290.746445   0.101633
   373 414.570486 317.716657 239.743384 122.923470  46.079683  35.822991   0.000000  10.256692  34.938368 291.820218 287.048268   0.030386   0.116398 290.689481   0.101551
   374 399.884730 317.561688 229.107566 116.050571  44.613782  34.617346   0.000000   9.996435  33.403648 291.582144 287.031362   0.030344   0.116393 290.626666   0.101473
   375 384.903481 317.385278 218.251373 109.003910  43.132975  33.403118   0.000000   9.729857  31.855476 291.336976 287.009116   0.030309   0.116388 290.557843   0.101399
   376 369.642235 317.187479 207.185850 101.790131  41.639281  32.182098   0.000000   9.457182  30.295020 291.084926 286.981570   0.030279   0.116383 290.482839   0.101329
   377 354.117607 316.968395 195.922944  94.416646  40.134660  30.956055   0.000000   9.178605  28.723489 290.826221 286.948773   0.030256   0.116378 290.401446   0.101263
   378 338.347475 316.728193 184.475611  86.891717  38.621021  29.726734   0.000000   8.894287  27.142139 290.561101 286.910774   0.030238   0.116373 290.313393   0.101201
   379 322.351141 316.467103 172.857943  79.224545  37.100207  28.495860   0.000000   8.604347  25.552289 290.289820 286.867629   0.030227   0.116369 290.218267   0.101143
   380 306.149532 316.185431 161.085324  71.425387  35.574001  27.265145   0.000000   8.308856  23.955337 290.012653 286.819400   0.030221   0.116365 290.115113   0.101089
   381 289.765438 315.883562 149.174619  63.505692  34.044115  26.036288   0.000000   8.007828  22.352770 289.729897 286.766155   0.030221   0.116361 290.002302   0.101039
   382 273.223800 315.561978 137.144399  55.478273  32.512180  24.810977   0.000000   7.701203  20.746192 289.441872 286.707967   0.030226   0.116357 289.880391   0.100993
   383 256.552056 315.221271 125.015218  47.357523  30.979735  23.590894   0.000000   7.388841  19.137333 289.148930 286.644918   0.030238   0.116353 289.750121   0.100951
   384 239.780567 314.862165 112.809958  39.159699  29.448203  22.377706   0.000000   7.070496  17.528083 288.851454 286.577097   0.030255   0.116349 289.612200   0.100912
   385 222.943134 314.485550 100.554261  30.903308  27.918846  21.173051   0.000000   6.745795  15.920499 288.549864 286.504603   0.030277   0.116346 289.467317   0.100878
   386 206.077638 314.092534  88.277078  22.609676  26.392692  19.978485   0.000000   6.414206  14.316827 288.244612 286.427543   0.030305   0.116343 289.316154   0.100847
   387 189.226822 313.684542  76.011408  14.303888  24.870345  18.795359   0.000000   6.074986  12.719479 287.936171 286.346036   0.030339   0.116340 289.159399   0.100820
   388 172.439271 313.263535  63.795362   6.016756  23.351478  17.624405   0.000000   5.727073  11.130942 287.624981 286.260207   0.030378   0.116337 288.997749   0.100796
   389 155.770621 312.832762  51.674149  -2.207652  21.832088  16.463476   0.000000   5.368611   9.553418 287.311150 286.170174   0.030423   0.116334 288.682965   0.100777
   390 139.285079 312.621185  39.920532  -7.962075  18.047513  13.321064   0.000000   4.726450   7.986835 286.914890 286.072777   0.030486   0.116332 288.490113   0.100767
   391 123.057315 312.109845  28.505471 -15.230703  16.118802  11.794045   0.000000   4.324758   5.894791 286.536157 285.969276   0.030557   0.116330 288.230992   0.100762
   392 107.174822 311.217071  16.897404 -19.276939  14.040435  10.157713   0.000000   3.882722   3.968173 286.067062 285.856371   0.030637   0.116329 287.909272   0.100762
   393  91.740849 310.268528   6.051864 -24.825857  11.910401   8.485961   0.000000   3.424440   1.474836 285.589541 285.734455   0.030727   0.116327 287.570224   0.100767
   394  76.877972 309.082271  -4.536090 -29.288112   9.890709   6.920907   0.000000   2.969802  -1.014400 285.078692 285.602841   0.030826   0.116326 287.196801   0.100777
   395  62.732318 307.780987 -14.504227 -33.789358   7.915828   5.402142   0.000000   2.513686  -3.669046 284.560177 285.461954   0.030934   0.116325 286.804328   0.100792
   396  49.478223 306.304108 -23.904580 -37.547714   6.028718   3.965704   0.000000   2.063014  -6.312436 284.027643 285.311897   0.031050   0.116324 286.391225   0.100811
   397  37.322556 304.721494 -32.472453 -41.088272   4.222935   2.600718   0.000000   1.622217  -8.989774 283.501739 285.153599   0.031176   0.116324 285.972397   0.100834
   398  26.506668 303.021780 -40.130420 -44.099979   2.553270   1.349579   0.000000   1.203691 -11.563022 282.990588 284.988219   0.031310   0.116324 285.553321   0.100861
   399  17.301029 301.230969 -46.676767 -46.628961   1.041217   0.219226   0.000000   0.821990 -13.983418 282.508300 284.817367   0.031451   0.116323 285.146156   0.100892
   400   9.981604 299.374641 -51.934641 -48.695599  -0.271158  -0.769819   0.000000   0.498661 -16.163469 282.071830 284.643182   0.031600   0.116323 284.764785   0.100925
   401   4.766434 297.491161 -55.773856 -50.308234  -1.339773  -1.596999   0.000000   0.257226 -17.999463 281.697829 284.468273   0.031755   0.116324 284.420978   0.100961
   402   1.681876 295.595840 -58.237156 -51.288605  -2.137124  -2.248435   0.000000   0.111311 -19.393108 281.390001 284.295145   0.031915   0.116324 284.118602   0.100999
   403   0.368355 293.731310 -59.585312 -51.702933  -2.688263  -2.737414   0.000000   0.049150 -20.336006 281.144415 284.125907   0.032080   0.116324 283.857752   0.101038
   404   0.049169 291.939224 -60.376848 -51.656289  -3.054836  -3.088450   0.000000   0.033613 -20.870450 280.943893 283.961779   0.032248   0.116325 283.628887   0.101078
   405   0.000000 290.244467 -61.080884 -51.284412  -3.316114  -3.346566   0.000000   0.030453 -21.125202 280.766186 283.802976   0.032418   0.116325 283.419098   0.101119
   406   0.000000 288.660494 -61.751288 -50.805040  -3.531882  -3.561406   0.000000   0.029524 -21.257531 280.601560 283.649329   0.032591   0.116325 283.223623   0.101160
   407   0.000000 287.188007 -62.378765 -50.349467  -3.724792  -3.753467   0.000000   0.028674 -21.334389 280.447990 283.500637   0.032766   0.116326 283.041428   0.101202
   408   0.000000 285.816256 -62.963581 -49.930954  -3.898633  -3.926524   0.000000   0.027892 -21.368529 280.304516 283.356705   0.032944   0.116326 282.871079   0.101243
   409   0.000000 284.530006 -63.515598 -49.520386  -4.054665  -4.081834   0.000000   0.027169 -21.365321 280.162503 283.217031   0.033124   0.116327 282.706564   0.101286
   410   0.000000 283.321510 -64.000326 -49.211918  -4.000166  -4.026633   0.000000   0.026468 -21.381698 280.019417 283.081083   0.033303   0.116327 282.546051   0.101327
   411   0.000000 282.177682 -64.418190 -49.023356  -3.729520  -3.755286   0.000000   0.025766 -21.431663 279.882093 282.948678   0.033481   0.116328 282.392873   0.101368
   412   0.000000 281.083292 -64.816950 -48.847851  -3.483457  -3.508541   0.000000   0.025084 -21.466093 279.750526 282.819666   0.033657   0.116328 282.245908   0.101408
   413   0.000000 280.032329 -65.202284 -48.663593  -3.249530  -3.273955   0.000000   0.024426 -21.483980 279.623792 282.693886   0.033831   0.116329 282.104307   0.101446
   414   0.000000 279.022831 -65.571536 -48.482772  -3.029499  -3.053287   0.000000   0.023788 -21.490654 279.501660 282.571193   0.034003   0.116329 281.967743   0.101484
   415   0.000000 278.051723 -65.926483 -48.297842  -2.822343  -2.845515   0.000000   0.023172 -21.486730 279.383634 282.451447   0.034173   0.116329 281.835756   0.101521
   416   0.000000 277.115774 -66.267788 -48.110310  -2.628107  -2.650684   0.000000   0.022577 -21.474692 279.269354 282.334512   0.034341   0.116330 281.707945   0.101557
   417   0.000000 276.214030 -66.594584 -47.923742  -2.446263  -2.468264   0.000000   0.022001 -21.456109 279.158664 282.220269   0.034508   0.116330 281.584185   0.101593
   418   0.000000 275.343159 -66.909285 -47.734822  -2.276007  -2.297450   0.000000   0.021444 -21.431237 279.051253 282.108601   0.034672   0.116330 281.464065   0.101628
   419   0.000000 274.502699 -67.210791 -47.546060  -2.116819  -2.137724   0.000000   0.020905 -21.401437 278.946972 281.999402   0.034836   0.116330 281.347517   0.101662
   420   0.000000 273.689503 -67.501391 -47.355267  -1.967943  -1.988328   0.000000   0.020384 -21.367011 278.845562 281.892571   0.034997   0.116331 281.234170   0.101695
   421   0.000000 272.904050 -67.779330 -47.166586  -1.828869  -1.848749   0.000000   0.019880 -21.329061 278.746978 281.788016   0.035157   0.116331 281.124061   0.101728
   422   0.000000 272.142443 -68.048128 -46.973369  -1.698645  -1.718038   0.000000   0.019393 -21.287269 278.650872 281.685645   0.035316   0.116331 281.016738   0.101760
   423   0.000000 271.406604 -68.304230 -46.786053  -1.577163  -1.596085   0.000000   0.018921 -21.243408 278.557375 281.585381   0.035473   0.116331 280.912425   0.101791
   424   0.000000 270.691597 -68.552998 -46.591566  -1.463080  -1.481546   0.000000   0.018465 -21.196044 278.466033 281.487140   0.035629   0.116331 280.810534   0.101822
   425   0.000000 270.000682 -68.789083 -46.405973  -1.356755  -1.374778   0.000000   0.018023 -21.147750 278.377107 281.390856   0.035783   0.116332 280.711455   0.101853
   426   0.000000 269.327769 -69.019599 -46.210323  -1.256546  -1.274141   0.000000   0.017596 -21.096242 278.290034 281.296450   0.035936   0.116332 280.614455   0.101883
   427   0.000000 268.677636 -69.237205 -46.026954  -1.163284  -1.180465   0.000000   0.017181 -21.044913 278.205221 281.203866   0.036088   0.116332 280.520104   0.101913
   428   0.000000 268.042569 -69.451293 -45.828957  -1.074970  -1.091749   0.000000   0.016780 -20.990517 278.121934 281.113027   0.036238   0.116332 280.427459   0.101942
   429   0.000000 267.429345 -69.651783 -45.647768  -0.993061  -1.009451   0.000000   0.016390 -20.937651 278.040783 281.023887   0.036388   0.116332 280.337329   0.101971
   430   0.000000 266.827972 -69.851225 -45.445022  -0.915018  -0.931030   0.000000   0.016012 -20.881734 277.960780 280.936366   0.036536   0.116332 280.248469   0.101999
   431   0.000000 266.247829 -70.035841 -45.264765  -0.843141  -0.858786   0.000000   0.015645 -20.829100 277.882797 280.850426   0.036683   0.116332 280.162001   0.102027
   432   0.000000 265.675880 -70.222365 -45.053133  -0.774135  -0.789423   0.000000   0.015288 -20.773405 277.805505 280.765980   0.036829   0.116332 280.076269   0.102055
   433   0.000000 265.124825 -70.392192 -44.893492  -0.711474  -0.726414   0.000000   0.014940 -20.723328 277.730755 280.683025   0.036974   0.116333 279.993353   0.102082
   434   0.000000 264.576296 -70.571857 -44.687353  -0.649153  -0.663756   0.000000   0.014603 -20.665887 277.656453 280.601472   0.037118   0.116333 279.910748   0.102109
   435   0.000000 264.048457 -70.733842 -44.524052  -0.593084  -0.607358   0.000000   0.014275 -20.615129 277.584242 280.521307   0.037261   0.116333 279.830572   0.102136
   436   0.000000 263.519427 -70.907101 -44.301837  -0.537582  -0.551536   0.000000   0.013954 -20.559460 277.511752 280.442424   0.037403   0.116333 279.749934   0.102162
   437   0.000000 263.012218 -71.058152 -44.133497  -0.489308  -0.502948   0.000000   0.013640 -20.514700 277.441200 280.364812   0.037544   0.116333 279.671596   0.102188
   438   0.000000 262.497795 -71.225568 -43.881210  -0.440802  -0.454135   0.000000   0.013333 -20.465284 277.369423 280.288337   0.037684   0.116333 279.591732   0.102214
   439   0.000000 262.006878 -71.364687 -43.700579  -0.401081  -0.414110   0.000000   0.013029 -20.432396 277.299482 280.212999   0.037823   0.116333 279.514122   0.102239
   440   0.000000 261.501215 -71.526979 -43.406168  -0.359999  -0.372729   0.000000   0.012730 -20.394623 277.227231 280.138630   0.037962   0.116333 279.433801   0.102264
   441   0.000000 261.022578 -71.652484 -43.214696  -0.329520  -0.341954   0.000000   0.012433 -20.379793 277.157035 280.065256   0.038100   0.116333 279.356081   0.102289
   442   0.000000 260.520678 -71.810439 -42.875656  -0.295530  -0.307670   0.000000   0.012140 -20.357546 277.083517 279.992678   0.038237   0.116333 279.274566   0.102314
   443   0.000000 260.052716 -71.920176 -42.689772  -0.273815  -0.285663   0.000000   0.011847 -20.364133 277.012917 279.920974   0.038373   0.116333 279.196720   0.102339
   444   0.000000 259.552636 -72.074990 -42.316257  -0.244781  -0.256340   0.000000   0.011559 -20.356402 276.938215 279.849924   0.038509   0.116333 279.114213   0.102363
   445   0.000000 259.097215 -72.167569 -42.161323  -0.229442  -0.240714   0.000000   0.011272 -20.381962 276.867966 279.779677   0.038644   0.116333 279.037161   0.102387
   446   0.000000 258.600786 -72.321001 -41.769361  -0.201620  -0.212612   0.000000   0.010992 -20.381977 276.793015 279.709995   0.038779   0.116333 278.954669   0.102411
   447   0.000000 258.162061 -72.396770 -41.664802  -0.189076  -0.199790   0.000000   0.010714 -20.418860 276.724334 279.641108   0.038913   0.116333 278.879759   0.102435
   448   0.000000 257.673568 -72.550327 -41.268315  -0.158790  -0.169236   0.000000   0.010446 -20.417417 276.650395 279.572752   0.039047   0.116333 278.798552   0.102459
   449   0.000000 257.255893 -72.610936 -41.220388  -0.145845  -0.156025   0.000000   0.010180 -20.456496 276.584375 279.505225   0.039180   0.116333 278.726968   0.102482
   450   0.000000 256.780098 -72.765057 -40.828849  -0.110939  -0.120865   0.000000   0.009927 -20.445949 276.512547 279.438236   0.039312   0.116333 278.648130   0.102505
   451   0.000000 256.386788 -72.812373 -40.834547  -0.095742  -0.105419   0.000000   0.009677 -20.479822 276.449914 279.372133   0.039444   0.116333 278.580651   0.102528
   452   0.000000 255.927503 -72.966678 -40.452927  -0.055719  -0.065159   0.000000   0.009440 -20.455533 276.380927 279.306593   0.039575   0.116333 278.504903   0.102551
   453   0.000000 255.560547 -73.002114 -40.506312  -0.037807  -0.047014   0.000000   0.009207 -20.479663 276.322063 279.242001   0.039705   0.116333 278.441929   0.102573
   454   0.000000 255.120108 -73.156048 -40.135576   0.006766  -0.002222   0.000000   0.008988 -20.439559 276.256289 279.178002   0.039834   0.116333 278.369639   0.102596
   455   0.000000 254.780319 -73.180475 -40.231160   0.026896   0.018124   0.000000   0.008772 -20.451993 276.201331 279.115006   0.039963   0.116333 278.311290   0.102618
   456   0.000000 254.359677 -73.333681 -39.869438   0.074976   0.066406   0.000000   0.008570 -20.395725 276.138868 279.052631   0.040090   0.116333 278.242559   0.102640
   457   0.000000 254.047025 -73.347521 -40.003544   0.096337   0.087967   0.000000   0.008370 -20.396338 276.087804 278.991303   0.040216   0.116333 278.188787   0.102662
   458   0.000000 253.646105 -73.499946 -39.647378   0.146821   0.138638   0.000000   0.008184 -20.324497 276.028581 278.930612   0.040342   0.116333 278.123543   0.102683
   459   0.000000 253.360052 -73.503334 -39.818151   0.168308   0.160308   0.000000   0.008000 -20.314217 275.981321 278.871006   0.040466   0.116333 278.074215   0.102704
   460   0.000000 252.978154 -73.655181 -39.463481   0.220251   0.212423   0.000000   0.007828 -20.227799 275.925180 278.812041   0.040589   0.116333 278.012293   0.102725
   461   0.000000 252.717851 -73.648152 -39.670056   0.240854   0.233196   0.000000   0.007658 -20.208027 275.881591 278.754190   0.040712   0.116333 277.967231   0.102746
   462   0.000000 252.353952 -73.799744 -39.312985   0.293515   0.286015   0.000000   0.007500 -20.108192 275.828337 278.696974   0.040833   0.116333 277.908426   0.102767
   463   0.000000 252.118376 -73.782338 -39.554930   0.312418   0.305074   0.000000   0.007344 -20.080457 275.788264 278.640894   0.040953   0.116333 277.867432   0.102787
   464   0.000000 251.771324 -73.934023 -39.192130   0.365253   0.358055   0.000000   0.007199 -19.968405 275.737694 278.585434   0.041072   0.116333 277.811525   0.102807
   465   0.000000 251.559389 -73.906313 -39.469230   0.381851   0.374797   0.000000   0.007054 -19.934176 275.700976 278.531125   0.041190   0.116333 277.774402   0.102827
   466   0.000000 251.228019 -74.058434 -39.097977   0.434498   0.427577   0.000000   0.006921 -19.811040 275.652896 278.477416   0.041307   0.116333 277.721185   0.102847
   467   0.000000 251.038627 -74.020549 -39.410040   0.448380   0.441593   0.000000   0.006787 -19.771638 275.619373 278.424868   0.041423   0.116333 277.687741   0.102866
   468   0.000000 250.721813 -74.173426 -39.028132   0.500615   0.493950   0.000000   0.006664 -19.638461 275.573601 278.372894   0.041538   0.116333 277.637013   0.102886
   469   0.000000 250.553877 -74.125552 -39.366993   0.511505   0.504965   0.000000   0.006541 -19.595047 275.542907 278.322079   0.041652   0.116333 277.606879   0.102905
   470   0.000000 250.250976 -74.278085 -38.965987   0.562581   0.556154   0.000000   0.006427 -19.454203 275.498967 278.271797   0.041764   0.116333 277.558186   0.102924
   471   0.000000 250.103782 -74.218691 -39.337106   0.569622   0.563310   0.000000   0.006313 -19.409810 275.470919 278.222670   0.041876   0.116333 277.531142   0.102943
   472   0.000000 249.813187 -74.371572 -38.918956   0.619705   0.613497   0.000000   0.006208 -19.262258 275.428699 278.174035   0.041987   0.116332 277.484310   0.102961
   473   0.000000 249.684642 -74.302154 -39.318502   0.623206   0.617105   0.000000   0.006101 -19.217352 275.403066 278.126547   0.042097   0.116332 277.460071   0.102980
   474   0.000000 249.404927 -74.455675 -38.883748   0.672222   0.666218   0.000000   0.006004 -19.064367 275.362391 278.079508   0.042206   0.116332 277.414899   0.102998
   475   0.000000 249.293354 -74.377034 -39.310227   0.672303   0.666399   0.000000   0.005904 -19.019820 275.338972 278.033605   0.042314   0.116332 277.393231   0.103016
   476   0.000000 249.023296 -74.531439 -38.859397   0.720287   0.714473   0.000000   0.005814 -18.862433 275.299689 277.988108   0.042421   0.116332 277.349546   0.103034
   477   0.000000 248.927139 -74.444363 -39.311061   0.717120   0.711400   0.000000   0.005721 -18.818934 275.278294 277.943733   0.042527   0.116332 277.330226   0.103052
   478   0.000000 248.665659 -74.599809 -38.844882   0.764119   0.758482   0.000000   0.005637 -18.658076 275.240265 277.899721   0.042632   0.116332 277.287872   0.103069
   479   0.000000 248.583458 -74.505070 -39.319854   0.757900   0.752351   0.000000   0.005549 -18.616190 275.220713 277.856816   0.042737   0.116332 277.270691   0.103087
   480   0.000000 248.329583 -74.661653 -38.839165   0.803958   0.798487   0.000000   0.005471 -18.452719 275.183812 277.814230   0.042840   0.116332 277.229525   0.103104
   481   0.000000 248.259952 -74.560002 -39.335508   0.794888   0.789500   0.000000   0.005388 -18.412923 275.165929 277.772734   0.042943   0.116332 277.214279   0.103121
   482   0.000000 248.012791 -74.717777 -38.841211   0.840044   0.834729   0.000000   0.005315 -18.247634 275.130038 277.731515   0.043045   0.116332 277.174169   0.103138
   483   0.000000 247.954410 -74.609940 -39.356957   0.828318   0.823082   0.000000   0.005237 -18.210337 275.113657 277.691368   0.043146   0.116332 277.160666   0.103155
   484   0.000000 247.713148 -74.768923 -38.849993   0.872603   0.867435   0.000000   0.005168 -18.043971 275.078665 277.651455   0.043246   0.116331 277.121488   0.103172
   485   0.000000 247.664758 -74.655604 -39.383173   0.858413   0.853319   0.000000   0.005094 -18.009528 275.063625 277.612594   0.043347   0.116331 277.109538   0.103188
   486   0.000000 247.428638 -74.815780 -38.864515   0.901848   0.896818   0.000000   0.005030 -17.842780 275.029427 277.573927   0.043445   0.116331 277.071177   0.103205
   487   0.000000 247.389045 -74.697650 -39.413200   0.885376   0.880418   0.000000   0.004958 -17.811498 275.015575 277.536291   0.043544   0.116331 277.060603   0.103221
   488   0.000000 247.157373 -74.858982 -38.883831   0.927980   0.923082   0.000000   0.004898 -17.645010 274.982073 277.498809   0.043641   0.116331 277.022950   0.103237
   489   0.000000 247.125449 -74.736681 -39.446171   0.909405   0.904575   0.000000   0.004830 -17.617149 274.969262 277.462335   0.043739   0.116331 277.013580   0.103253
   490   0.000000 246.897583 -74.899116 -38.907060   0.951192   0.946420   0.000000   0.004772 -17.451510 274.936365 277.425977   0.043834   0.116331 276.976536   0.103269
   491   0.000000 246.872268 -74.773243 -39.481300   0.930686   0.925979   0.000000   0.004707 -17.427287 274.924457 277.390604   0.043931   0.116331 276.968210   0.103285
   492   0.000000 246.647621 -74.936716 -38.933396   0.971676   0.967024   0.000000   0.004652 -17.263028 274.892079 277.355310   0.044025   0.116331 276.931682   0.103301
   493   0.000000 246.627931 -74.807832 -39.517896   0.949404   0.944814   0.000000   0.004590 -17.242620 274.880947 277.320977   0.044120   0.116330 276.924250   0.103317
   494   0.000000 246.405968 -74.972271 -38.962114   0.989616   0.985079   0.000000   0.004537 -17.080213 274.849009 277.286688   0.044214   0.116330 276.888153   0.103332
   495   0.000000 246.390992 -74.840895 -39.555374   0.965739   0.961262   0.000000   0.004477 -17.063755 274.838534 277.253335   0.044307   0.116330 276.881477   0.103348
   496   0.000000 246.171229 -75.006224 -38.992587   1.005199   1.000773   0.000000   0.004426 -16.903611 274.806963 277.219992   0.044400   0.116330 276.845733   0.103363
   497   0.000000 246.160137 -74.872829 -39.593259   0.979871   0.975504   0.000000   0.004368 -16.891198 274.797037 277.187561   0.044492   0.116330 276.839686   0.103379
   498   0.000000 245.942140 -75.038973 -39.024286   1.018611   1.014292   0.000000   0.004319 -16.733664 274.765770 277.155107   0.044584   0.116330 276.804228   0.103394
   499   0.000000 245.934183 -74.903986 -39.631184   0.991982   0.987720   0.000000   0.004262 -16.725353 274.756296 277.123541   0.044675   0.116330 276.798696   0.103409
   500   0.000000 245.717566 -75.070874 -39.056775   1.030038   1.025823   0.000000   0.004215 -16.570711 274.725274 277.091920   0.044765   0.116330 276.763462   0.103424
   501   0.000000 245.712076 -74.934675 -39.668880   1.002250   0.998090   0.000000   0.004159 -16.566521 274.716166 277.061165   0.044856   0.116329 276.758345   0.103439
   502   0.000000 245.496500 -75.102240 -39.089724   1.039666   1.035552   0.000000   0.004114 -16.414990 274.685339 277.030325   0.044945   0.116329 276.723281   0.103454
   503   0.000000 245.492892 -74.965166 -39.706184   1.010853   1.006794   0.000000   0.004059 -16.414905 274.676522 277.000327   0.045035   0.116329 276.718491   0.103468
   504   0.000000 245.278066 -75.133348 -39.122898   1.047680   1.043665   0.000000   0.004015 -16.266641 274.645845 276.970218   0.045124   0.116329 276.683552   0.103483
   505   0.000000 245.275833 -74.995688 -39.735538   1.017930   1.013969   0.000000   0.003961 -16.270611 274.637063 276.940920   0.045213   0.116329 276.678858   0.103498
   506   0.000000 245.061906 -75.163178 -39.142053   1.053600   1.049682   0.000000   0.003918 -16.126997 274.606211 276.911474   0.045300   0.116329 276.643780   0.103512
   507   0.000000 245.061015 -75.023474 -39.755314   1.022340   1.018475   0.000000   0.003865 -16.136843 274.597364 276.882810   0.045388   0.116329 276.639076   0.103527
   508   0.000000 244.847420 -75.190364 -39.155557   1.057119   1.053297   0.000000   0.003822 -15.998119 274.566340 276.853966   0.045475   0.116329 276.603819   0.103541
   509   0.000000 244.846708 -75.049764 -39.765672   1.024842   1.021073   0.000000   0.003769 -16.013383 274.557303 276.825873   0.045562   0.116328 276.598941   0.103555
   510   0.000000 244.632974 -75.215939 -39.161454   1.058750   1.055024   0.000000   0.003727 -15.879994 274.526046 276.797571   0.045648   0.116328 276.563439   0.103570
   511   0.000000 244.631626 -75.074961 -39.766820   1.025676   1.022002   0.000000   0.003674 -15.900678 274.516716 276.769990   0.045735   0.116328 276.558263   0.103584
   512   0.000000 244.417386 -75.240311 -39.159570   1.058771   1.055139   0.000000   0.003631 -15.772923 274.485175 276.742172   0.045821   0.116328 276.522458   0.103598
   513   0.000000 244.414695 -75.099407 -39.758619   1.025093   1.021515   0.000000   0.003579 -15.798979 274.475458 276.715044   0.045907   0.116328 276.516874   0.103612
   514   0.000000 244.199649 -75.263798 -39.149673   1.057419   1.053883   0.000000   0.003536 -15.677103 274.443589 276.687654   0.045991   0.116328 276.480719   0.103626
   515   0.000000 244.194988 -75.123375 -39.740933   1.023314   1.019830   0.000000   0.003483 -15.708454 274.433401 276.660923   0.046077   0.116328 276.474629   0.103640
   516   0.000000 243.978882 -75.286675 -39.131519   1.054905   1.051465   0.000000   0.003441 -15.592656 274.401162 276.633906   0.046161   0.116328 276.438082   0.103654
   517   0.000000 243.971686 -75.147099 -39.713631   1.020527   1.017140   0.000000   0.003388 -15.629206 274.390427 276.607519   0.046246   0.116327 276.431395   0.103668
   518   0.000000 243.754299 -75.309175 -39.104881   1.051413   1.048068   0.000000   0.003345 -15.519644 274.357784 276.580824   0.046330   0.116327 276.394418   0.103681
   519   0.000000 243.744061 -75.170778 -39.676607   1.016900   1.013609   0.000000   0.003291 -15.561281 274.346432 276.554729   0.046414   0.116327 276.387053   0.103695
   520   0.000000 243.525201 -75.331506 -39.069564   1.047103   1.043855   0.000000   0.003248 -15.458080 274.313351 276.528306   0.046498   0.116327 276.349614   0.103709
   521   0.000000 243.511466 -75.194588 -39.629784   1.012581   1.009387   0.000000   0.003194 -15.504681 274.301321 276.502454   0.046582   0.116327 276.341499   0.103722
   522   0.000000 243.290964 -75.353851 -39.025406   1.042120   1.038971   0.000000   0.003150 -15.407931 274.267775 276.476255   0.046664   0.116327 276.303569   0.103736
   523   0.000000 243.273324 -75.218684 -39.573117   1.007701   1.004606   0.000000   0.003096 -15.459362 274.255011 276.450600   0.046748   0.116327 276.294637   0.103749
   524   0.000000 243.051039 -75.376372 -38.972285   1.036597   1.033546   0.000000   0.003051 -15.369123 274.220974 276.424580   0.046830   0.116327 276.256191   0.103763
   525   0.000000 243.029128 -75.243201 -39.506588   1.002383   0.999386   0.000000   0.002996 -15.425239 274.207426 276.399075   0.046913   0.116326 276.246383   0.103776
   526   0.000000 242.804937 -75.399213 -38.910109   1.030650   1.027699   0.000000   0.002951 -15.341547 274.172878 276.373192   0.046995   0.116326 276.207401   0.103789
   527   0.000000 242.778430 -75.268260 -39.430211   0.996733   0.993837   0.000000   0.002895 -15.402198 274.158502 276.347796   0.047078   0.116326 276.196665   0.103803
   528   0.000000 242.552230 -75.422501 -38.838825   1.024388   1.021539   0.000000   0.002849 -15.325062 274.123424 276.322008   0.047159   0.116326 276.157128   0.103816
   529   0.000000 242.520839 -75.293967 -39.344023   0.990852   0.988058   0.000000   0.002794 -15.390090 274.108181 276.296681   0.047241   0.116326 276.145419   0.103829
   530   0.000000 242.292545 -75.446349 -38.758405   1.017909   1.015162   0.000000   0.002747 -15.319499 274.072558 276.270949   0.047322   0.116326 276.105312   0.103842
   531   0.000000 242.256014 -75.320418 -39.248086   0.984829   0.982139   0.000000   0.002690 -15.388743 274.056415 276.245653   0.047404   0.116326 276.092587   0.103855
   532   0.000000 242.025557 -75.470860 -38.668852   1.011303   1.008660   0.000000   0.002643 -15.324667 274.020233 276.219941   0.047485   0.116326 276.051899   0.103868
   533   0.000000 241.983662 -75.347696 -39.142483   0.978748   0.976162   0.000000   0.002586 -15.397961 274.003160 276.194640   0.047566   0.116326 276.038122   0.103881
   534   0.000000 241.750987 -75.496124 -38.570192   1.004650   1.002112   0.000000   0.002538 -15.340354 273.966409 276.168913   0.047646   0.116325 275.996843   0.103894
   535   0.000000 241.703530 -75.375876 -39.027314   0.972682   0.970202   0.000000   0.002481 -15.417530 273.948382 276.143572   0.047728   0.116325 275.981984   0.103907
   536   0.000000 241.468596 -75.522221 -38.462473   0.998024   0.995592   0.000000   0.002432 -15.366334 273.911053 276.117799   0.047807   0.116325 275.940105   0.103920
   537   0.000000 241.415404 -75.405024 -38.902694   0.966699   0.964325   0.000000   0.002374 -15.447224 273.892048 276.092387   0.047888   0.116325 275.924136   0.103933
   538   0.000000 241.178181 -75.549224 -38.345761   0.991492   0.989167   0.000000   0.002325 -15.402367 273.854136 276.066536   0.047968   0.116325 275.881653   0.103946
   539   0.000000 241.119103 -75.435202 -38.768754   0.960860   0.958594   0.000000   0.002266 -15.486800 273.834136 276.041022   0.048048   0.116325 275.864551   0.103958
   540   0.000000 240.879572 -75.577198 -38.220143   0.985112   0.982896   0.000000   0.002217 -15.448203 273.795635 276.015065   0.048127   0.116325 275.821460   0.103971
   541   0.000000 240.814478 -75.466463 -38.621323   0.955196   0.953038   0.000000   0.002158 -15.536012 273.774510 275.989417   0.048207   0.116325 275.803100   0.103984
   542   0.000000 240.572855 -75.605470 -38.077817   0.978550   0.976443   0.000000   0.002108 -15.504348 273.735251 275.963316   0.048286   0.116324 275.759247   0.103996
   543   0.000000 240.501782 -75.497230 -38.460011   0.948995   0.946947   0.000000   0.002048 -15.596451 273.712967 275.937498   0.048365   0.116324 275.739578   0.104009
   544   0.000000 240.257695 -75.633458 -37.923579   0.971591   0.969594   0.000000   0.001997 -15.571711 273.672961 275.911217   0.048444   0.116324 275.694948   0.104021
   545   0.000000 240.179904 -75.528484 -38.284640   0.942626   0.940688   0.000000   0.001937 -15.667793 273.649446 275.885193   0.048523   0.116324 275.673877   0.104034
   546   0.000000 239.933081 -75.661883 -37.756643   0.964411   0.962525   0.000000   0.001886 -15.650230 273.608669 275.858700   0.048601   0.116324 275.628443   0.104046
   547   0.000000 239.848087 -75.560552 -38.096004   0.936136   0.934311   0.000000   0.001826 -15.750213 273.583876 275.832435   0.048680   0.116324 275.605912   0.104059
   548   0.000000 239.598342 -75.691105 -37.577472   0.957126   0.955353   0.000000   0.001773 -15.739909 273.542318 275.805696   0.048757   0.116324 275.559661   0.104071
   549   0.000000 239.505758 -75.593746 -37.894690   0.929649   0.927936   0.000000   0.001713 -15.843645 273.516214 275.779158   0.048836   0.116324 275.535626   0.104083
   550   0.000000 239.252968 -75.721433 -37.386498   0.949869   0.948209   0.000000   0.001660 -15.840606 273.472997 275.752106   0.048913   0.116324 275.488085   0.104095
   551   0.000000 239.152488 -75.624411 -37.697199   0.953601   0.952003   0.000000   0.001598 -15.953766 273.445081 275.725214   0.048990   0.116323 275.462265   0.104108
   552   0.000000 238.895739 -75.747879 -37.206607   0.983828   0.982284   0.000000   0.001544 -15.960928 273.401452 275.697826   0.049066   0.116323 275.414024   0.104120
   553   0.000000 238.785917 -75.658215 -37.483490   0.969745   0.968264   0.000000   0.001482 -16.074619 273.372073 275.670569   0.049142   0.116323 275.386468   0.104132
   554   0.000000 238.525523 -75.778742 -37.004386   1.000719   0.999292   0.000000   0.001427 -16.089474 273.327555 275.642815   0.049216   0.116323 275.337308   0.104143
   555   0.000000 238.406979 -75.693705 -37.259110   0.987976   0.986612   0.000000   0.001364 -16.206819 273.296736 275.615166   0.049290   0.116323 275.308096   0.104155
   556   0.000000 238.142983 -75.811365 -36.792128   1.018742   1.017433   0.000000   0.001309 -16.229013 273.251362 275.587021   0.049363   0.116323 275.258042   0.104167
   557   0.000000 238.015562 -75.731260 -37.024190   1.007566   1.006320   0.000000   0.001246 -16.349613 273.219100 275.558956   0.049436   0.116323 275.227164   0.104179
   558   0.000000 237.747992 -75.846028 -36.569784   1.038139   1.036948   0.000000   0.001191 -16.378998 273.172881 275.530396   0.049508   0.116323 275.176230   0.104190
   559   0.000000 237.611629 -75.770986 -36.779446   1.028594   1.027466   0.000000   0.001128 -16.502607 273.140165 275.501934   0.049580   0.116322 275.144218   0.104202
   560   0.000000 237.340513 -75.887283 -36.320353   1.025613   1.024553   0.000000   0.001059 -16.532384 273.093739 275.473001   0.049651   0.116322 275.092746   0.104213
   561   0.000000 237.196099 -75.819299 -36.499553   1.002898   1.001907   0.000000   0.000991 -16.654831 273.059165 275.444119   0.049723   0.116322 275.058930   0.104225
   562   0.000000 236.922843 -75.929479 -36.065629   1.021423   1.020491   0.000000   0.000932 -16.694676 273.012041 275.414771   0.049795   0.116322 275.006804   0.104236
   563   0.000000 236.770120 -75.866615 -36.224262   0.999036   0.998171   0.000000   0.000865 -16.819111 272.976195 275.385457   0.049866   0.116322 274.971481   0.104248
   564   0.039444 236.493844 -75.942615 -35.802367   1.017193   1.016343   0.000000   0.000850 -16.864830 272.929209 275.355715   0.049937   0.116322 274.919089   0.104259
   565   0.299562 236.332748 -75.680588 -35.926552   0.999331   0.998288   0.000000   0.001044 -16.985541 272.897871 275.326219   0.050008   0.116322 274.885490   0.104270
   566   1.458094 236.054270 -74.883753 -35.423202   1.036379   1.034337   0.000000   0.002043 -16.998435 272.875534 275.297301   0.050077   0.116322 274.846579   0.104281
   567   4.317559 235.890560 -72.655126 -35.125161   1.100938   1.096602   0.000000   0.004337 -16.952372 272.904393 275.270974   0.050144   0.116321 274.846067   0.104292
   568   9.290054 235.635983 -69.053084 -33.674481   1.322718   1.314312   0.000000   0.008406 -16.566065 272.976644 275.248729   0.050201   0.116321 274.860926   0.104303
   569  16.382590 235.541860 -63.793530 -31.955662   1.652011   1.637219   0.000000   0.014791 -15.904600 273.118440 275.232980   0.050245   0.116321 274.927182   0.104312
   570  25.390383 235.432453 -57.328418 -28.892540   2.159022   2.134211   0.000000   0.024811 -14.801777 273.307570 275.225008   0.050268   0.116321 275.015827   0.104319
   571  36.039777 235.561232 -49.532494 -25.655635   2.713216   2.674238   0.000000   0.038978 -13.422069 273.564666 275.226825   0.050269   0.116321 275.160064   0.104325
   572  48.058016 235.737489 -40.903195 -21.091208   3.331816   3.273668   0.000000   0.058148 -11.635111 273.858397 275.238995   0.050245   0.116320 275.324593   0.104329
   573  61.200008 236.215824 -31.250627 -16.705507   3.942890   3.859400   0.000000   0.083490  -9.664189 274.212314 275.263010   0.050198   0.116320 275.544903   0.104331
   574  75.255042 236.763358 -21.077684 -10.962844   4.618060   4.501206   0.000000   0.116854  -7.354869 274.589392 275.298741   0.050126   0.116319 275.779173   0.104331
   575  90.045335 237.654159 -10.095245  -5.861538   5.215681   5.056491   0.000000   0.159189  -4.965445 275.023410 275.347473   0.050034   0.116318 276.070528   0.104329
   576 105.421836 238.599760   1.141751   0.878206   5.835711   5.622644   0.000000   0.213068  -2.268446 275.463067 275.408313   0.049921   0.116318 276.407939   0.104325
