     0  98.251985 247.991806  -3.909329   1.132374  11.518251   0.000000   0.000000  11.518251   0.000000 276.270821 276.829168   0.199162   0.199166 277.224243   0.199161
     1 113.772216 248.471712  11.650547  -4.962243   8.535716   0.000000   0.000000   8.535716  -3.908429 276.787695 276.829048   0.199156   0.199165 277.572493   0.199156
     2 129.683878 248.095989  21.611059   0.076267  11.675487   0.000000   0.000000  11.675487  -0.289466 277.154376 276.839823   0.199150   0.199163 277.825372   0.199151
     3 145.892212 248.294392  33.056287   4.749026  14.211082   0.000000   0.000000  14.211082   2.201867 277.549204 276.861310   0.199145   0.199162 278.108617   0.199146
     4 162.316619 248.670844  44.707896  10.096979  16.844315   0.000000   0.000000  16.844315   4.815254 277.953403 276.892829   0.199139   0.199160 278.394417   0.199142
     5 178.888047 249.149905  56.524461  15.870084  19.697215   0.000000   0.000000  19.697215   7.424021 278.351881 276.933354   0.199133   0.199157 278.658784   0.199138
     6 195.546888 249.659927  68.459802  21.717218  22.443294   0.000000   0.000000  22.443294   9.929687 278.754219 276.982281   0.199128   0.199155 278.894135   0.199134
     7 212.241288 250.260852  80.485258  27.680976  25.449994   0.000000   0.000000  25.449994  12.403563 279.152010 277.038835   0.199122   0.199152 279.084089   0.199130
     8 228.925799 250.912082  92.565054  33.681813  28.591130   0.000000   0.000000  28.591130  14.792223 279.543871 277.102294   0.199117   0.199148 279.254280   0.199126
     9 245.560294 251.741378 104.797921  39.094957  31.881802   0.000000   0.000000  31.881802  17.091038 279.948186 277.172569   0.199111   0.199144 279.444931   0.199122
    10 262.109094 252.666690 116.987344  44.617468  35.445201   0.000000   0.000000  35.445201  19.429317 280.351114 277.249176   0.199105   0.199140 279.645576   0.199119
    11 278.540260 253.686355 129.172452  49.899256  39.180896   0.000000   0.000000  39.180896  21.713560 280.755168 277.331761   0.199100   0.199135 279.858281   0.199115
    12 294.825024 254.762705 141.281515  55.130255  43.100369   0.000000   0.000000  43.100369  23.963852 281.155235 277.419855   0.199094   0.199130 280.077361   0.199112
    13 310.937318 255.887900 153.310987  60.192707  47.157947   0.000000   0.000000  47.157947  26.147664 281.551428 277.513040   0.199089   0.199125 280.302118   0.199109
    14 326.853391 257.073214 165.252472  65.006649  51.352866   0.000000   0.000000  51.352866  28.268711 281.945597 277.610997   0.199083   0.199118 280.534914   0.199105
    15 342.551494 258.320260 177.081224  69.585224  55.701655   0.000000   0.000000  55.701655  30.342194 282.337852 277.713438   0.199078   0.199112 280.776212   0.199102
    16 358.011615 259.601414 188.753998  74.046837  60.202785   0.000000   0.000000  60.202785  32.370899 282.724492 277.819990   0.199072   0.199104 281.021267   0.199099
    17 373.215268 260.885559 200.244325  78.435283  64.812073   0.000000   0.000000  64.812073  34.331512 283.101999 277.930208   0.199067   0.199097 281.264787   0.199095
    18 388.145307 262.154127 211.538351  82.740840  69.483535   0.000000   0.000000  69.483535  36.202535 283.468539 278.043631   0.199061   0.199088 281.503709   0.199092
    19 402.785774 263.399498 222.625640  86.945683  74.187417   0.000000   0.000000  74.187417  37.974354 283.823464 278.159816   0.199055   0.199079 281.736873   0.199089
    20 417.121775 264.618535 233.495105  91.042072  78.906154   0.000000   0.000000  78.906154  39.645539 284.166550 278.278349   0.199050   0.199070 281.963878   0.199086
    21 431.139368 265.806871 244.133139  95.039458  83.625732   0.000000   0.000000  83.625732  41.217403 284.497396 278.398837   0.199044   0.199060 282.184093   0.199083
    22 444.825472 266.959973 254.527534  98.942455  88.329267   0.000000   0.000000  88.329267  42.689913 284.815665 278.520904   0.199039   0.199049 282.396857   0.199079
    23 458.167792 268.075532 264.668565 102.745331  93.000757   0.000000   0.000000  93.000757  44.063332 285.121320 278.644199   0.199033   0.199038 282.601883   0.199076
    24 476.381544 269.152900 278.728598 106.441835  97.730866   0.000000   0.000000  97.730866  45.339847 285.497984 278.770898   0.199027   0.199026 282.804986   0.199073
    25 489.031768 270.192389 287.932684 112.544536 103.622068   0.000000   0.000000 103.622068  47.089600 285.762639 278.897484   0.199022   0.199014 282.993486   0.199070
    26 501.303995 271.241620 297.411514 115.287747 107.885416   0.000000   0.000000 107.885416  48.056089 286.040522 279.024521   0.199016   0.199001 283.183880   0.199066
    27 513.188552 272.222161 306.441706 118.839596 112.480122   0.000000   0.000000 112.480122  49.112014 286.298097 279.151501   0.199010   0.198988 283.361228   0.199063
    28 524.676294 273.171095 315.224472 121.977544 116.847046   0.000000   0.000000 116.847046  50.026168 286.546639 279.278293   0.199005   0.198974 283.532348   0.199060
    29 535.758573 274.082035 323.689175 125.072669 121.162953   0.000000   0.000000 121.162953  50.878421 286.783445 279.404682   0.198999   0.198959 283.696077   0.199056
    30 546.427216 274.958758 331.847326 128.014614 125.371596   0.000000   0.000000 125.371596  51.651341 287.009677 279.530500   0.198993   0.198944 283.853149   0.199053
    31 556.674497 275.801266 339.687156 130.834064 129.483403   0.000000   0.000000 129.483403  52.354238 287.225277 279.655582   0.198987   0.198928 284.003613   0.199050
    32 566.493120 276.610632 347.204555 133.519456 133.485381   0.000000   0.000000 133.485381  52.987867 287.430562 279.779775   0.198981   0.198912 284.147716   0.199046
    33 575.876204 277.387805 354.393653 136.072753 137.369819   0.000000   0.000000 137.369819  53.555507 287.625776 279.902941   0.198975   0.198896 284.285682   0.199043
    34 584.817264 278.134009 361.249510 138.492854 141.127348   0.000000   0.000000 141.127348  54.059843 287.811209 280.024954   0.198969   0.198879 284.417774   0.199040
    35 593.310204 278.850569 367.767336 140.779842 144.750322   0.000000   0.000000 144.750322  54.503788 287.987138 280.145696   0.198963   0.198862 284.544269   0.199036
    36 601.349298 279.538875 373.942738 142.933107 148.232381   0.000000   0.000000 148.232381  54.890093 288.153828 280.265064   0.198957   0.198844 284.665444   0.199033
    37 608.929187 280.200307 379.771646 144.982160 151.581697   0.000000   0.000000 151.581697  55.221351 288.310717 280.382935   0.198951   0.198826 284.781675   0.199029
    38 616.044869 280.836869 385.255215 146.892287 154.776149   0.000000   0.000000 154.776149  55.494472 288.458358 280.499210   0.198945   0.198807 284.893335   0.199026
    39 622.691687 281.449560 390.388021 148.672072 157.818552   0.000000   0.000000 157.818552  55.714035 288.596912 280.613795   0.198939   0.198788 285.000611   0.199022
    40 628.865330 282.039606 395.167176 150.316523 160.704747   0.000000   0.000000 160.704747  55.881823 288.726616 280.726603   0.198933   0.198769 285.103727   0.199019
    41 634.561822 282.608043 399.589454 151.824404 163.433079   0.000000   0.000000 163.433079  56.000092 288.847656 280.837557   0.198927   0.198749 285.202870   0.199015
    42 639.777518 283.155833 403.652077 153.193305 166.001463   0.000000   0.000000 166.001463  56.070698 288.960212 280.946583   0.198920   0.198729 285.298211   0.199011
    43 644.509101 283.683839 407.352446 154.421200 168.408188   0.000000   0.000000 168.408188  56.095406 289.064448 281.053614   0.198914   0.198709 285.389903   0.199008
    44 648.753579 284.192840 410.688210 155.506091 170.651660   0.000000   0.000000 170.651660  56.075833 289.160515 281.158589   0.198908   0.198689 285.478079   0.199004
    45 652.508280 284.683528 413.657235 156.446172 172.730473   0.000000   0.000000 172.730473  56.013483 289.248554 281.261448   0.198901   0.198668 285.562858   0.199001
    46 655.770848 285.156519 416.257620 157.239807 174.643413   0.000000   0.000000 174.643413  55.909745 289.328693 281.362137   0.198895   0.198647 285.644344   0.198997
    47 658.539247 285.612356 418.487695 157.885518 176.389499   0.000000   0.000000 176.389499  55.765892 289.401046 281.460606   0.198888   0.198626 285.722627   0.198993
    48 660.811751 286.051508 420.346033 158.381961 177.968107   0.000000   0.000000 177.968107  55.583084 289.465712 281.556805   0.198882   0.198605 285.797782   0.198990
    49 662.586950 286.474376 421.831459 158.727862 179.379156   0.000000   0.000000 179.379156  55.362351 289.522770 281.650688   0.198875   0.198583 285.869871   0.198986
    50 663.863741 286.881296 422.943077 158.921855 180.623150   0.000000   0.000000 180.623150  55.104572 289.572278 281.742211   0.198869   0.198561 285.938944   0.198982
    51 664.641335 287.272573 423.680307 158.962322 181.700987   0.000000   0.000000 181.700987  54.810473 289.614283 281.831330   0.198862   0.198540 286.005045   0.198979
    52 664.919250 287.648511 424.042884 158.847370 182.613687   0.000000   0.000000 182.613687  54.480673 289.648823 281.918002   0.198855   0.198518 286.068213   0.198975
    53 664.697315 288.009454 424.030844 158.574930 183.362213   0.000000   0.000000 183.362213  54.115745 289.675942 282.002186   0.198848   0.198496 286.128497   0.198971
    54 663.975667 288.355803 423.644490 158.142939 183.947419   0.000000   0.000000 183.947419  53.716291 289.695696 282.083843   0.198841   0.198474 286.185951   0.198968
    55 662.754752 288.688011 422.884360 157.549518 184.370092   0.000000   0.000000 184.370092  53.282970 289.708151 282.162935   0.198834   0.198452 286.240635   0.198964
    56 661.035327 289.006558 421.751196 156.793105 184.630999   0.000000   0.000000 184.630999  52.816509 289.713380 282.239426   0.198827   0.198429 286.292615   0.198960
    57 658.818456 289.311921 420.245930 155.872528 184.730922   0.000000   0.000000 184.730922  52.317675 289.711461 282.313283   0.198820   0.198407 286.341952   0.198956
    58 656.105517 289.604541 418.369682 154.787011 184.670661   0.000000   0.000000 184.670661  51.787246 289.702474 282.384476   0.198813   0.198385 286.388700   0.198953
    59 652.898200 289.884805 416.123760 153.536164 184.451047   0.000000   0.000000 184.451047  51.225985 289.686490 282.452974   0.198806   0.198363 286.432904   0.198949
    60 649.198507 290.153025 413.509663 152.119972 184.072932   0.000000   0.000000 184.072932  50.634614 289.663578 282.518750   0.198799   0.198341 286.474592   0.198945
    61 645.008758 290.409425 410.529087 150.538787 183.537183   0.000000   0.000000 183.537183  50.013797 289.633795 282.581777   0.198792   0.198319 286.513780   0.198942
    62 640.331587 290.654134 407.183927 148.793321 182.844674   0.000000   0.000000 182.844674  49.364126 289.597191 282.642032   0.198785   0.198297 286.550463   0.198938
    63 635.169953 290.887181 403.476284 146.884634 181.996273   0.000000   0.000000 181.996273  48.686115 289.553801 282.699488   0.198777   0.198275 286.584620   0.198934
    64 629.527135 291.108494 399.408477 144.814095 180.992836   0.000000   0.000000 180.992836  47.980192 289.503652 282.754123   0.198770   0.198253 286.616212   0.198931
    65 623.406742 291.317917 394.983055 142.583334 179.835211   0.000000   0.000000 179.835211  47.246705 289.446757 282.805911   0.198762   0.198232 286.645183   0.198927
    66 616.812711 291.515220 390.202810 140.194192 178.524260   0.000000   0.000000 178.524260  46.485926 289.383124 282.854829   0.198755   0.198210 286.671465   0.198923
    67 609.749317 291.700124 385.070793 137.648665 177.060896   0.000000   0.000000 177.060896  45.698068 289.312752 282.900853   0.198747   0.198189 286.694977   0.198920
    68 602.221176 291.872316 379.590326 134.948856 175.446119   0.000000   0.000000 175.446119  44.883297 289.235635 282.943958   0.198740   0.198168 286.715632   0.198916
    69 594.233253 292.031470 373.765016 132.096949 173.681068   0.000000   0.000000 173.681068  44.041743 289.151765 282.984119   0.198732   0.198147 286.733336   0.198913
    70 585.790866 292.177255 367.598759 129.095196 171.767052   0.000000   0.000000 171.767052  43.173518 289.061129 283.021312   0.198725   0.198127 286.747992   0.198909
    71 576.899699 292.309345 361.095749 125.945920 169.705576   0.000000   0.000000 169.705576  42.278718 288.963716 283.055511   0.198717   0.198106 286.759499   0.198905
    72 567.565807 292.427417 354.260484 122.651530 167.498353   0.000000   0.000000 167.498353  41.357431 288.859511 283.086692   0.198709   0.198086 286.767750   0.198902
    73 557.795629 292.531157 347.097777 119.222702 165.151989   0.000000   0.000000 165.151989  40.409738 288.748288 283.114821   0.198701   0.198066 286.772639   0.198898
    74 547.596003 292.620381 339.614005 115.652443 162.662837   0.000000   0.000000 162.662837  39.434267 288.630121 283.139871   0.198693   0.198047 286.774066   0.198895
    75 536.974177 292.694667 331.814035 111.945955 160.034988   0.000000   0.000000 160.034988  38.431746 288.504992 283.161813   0.198686   0.198028 286.771886   0.198892
    76 525.937826 292.753712 323.703670 108.105153 157.270677   0.000000   0.000000 157.270677  37.402251 288.372905 283.180619   0.198678   0.198009 286.765963   0.198888
    77 514.495075 292.797200 315.288941 104.133020 154.372888   0.000000   0.000000 154.372888  36.346001 288.233855 283.196263   0.198670   0.197990 286.756149   0.198885
    78 502.654516 292.824827 306.576308 100.032457 151.344639   0.000000   0.000000 151.344639  35.263145 288.087834 283.208716   0.198662   0.197972 286.742288   0.198881
    79 490.425237 292.836293 297.572624  95.806633 148.189172   0.000000   0.000000 148.189172  34.153831 287.934837 283.217952   0.198654   0.197954 286.724209   0.198878
    80 477.816851 292.831305 288.285169  91.458931 144.909885   0.000000   0.000000 144.909885  33.018190 287.774852 283.223946   0.198646   0.197937 286.701726   0.198875
    81 464.839530 292.809571 278.721673  86.993000 141.510338   0.000000   0.000000 141.510338  31.856343 287.607870 283.226670   0.198638   0.197920 286.674633   0.198872
    82 451.504044 292.770805 268.890344  82.412790 137.994231   0.000000   0.000000 137.994231  30.668401 287.433881 283.226100   0.198630   0.197903 286.642698   0.198868
    83 437.821809 292.714719 258.799904  77.722600 134.365391   0.000000   0.000000 134.365391  29.454468 287.252872 283.222209   0.198621   0.197887 286.605653   0.198865
    84 423.804940 292.641027 248.459632  72.927122 130.627758   0.000000   0.000000 130.627758  28.214641 287.064831 283.214972   0.198613   0.197872 286.563185   0.198862
    85 409.466315 292.549444 237.879409  68.031500 126.785366   0.000000   0.000000 126.785366  26.949016 286.869747 283.204363   0.198605   0.197856 286.514911   0.198859
    86 394.819646 292.439684 227.069780  63.041398 122.842314   0.000000   0.000000 122.842314  25.657682 286.667606 283.190359   0.198597   0.197842 286.460348   0.198856
    87 379.879570 292.311462 216.042015  57.963075 118.802741   0.000000   0.000000 118.802741  24.340732 286.458399 283.172933   0.198589   0.197827 286.398839   0.198853
    88 364.661749 292.164492 204.808201  52.803482 114.670791   0.000000   0.000000 114.670791  22.998258 286.242113 283.152062   0.198580   0.197814 286.329379   0.198850
    89 349.182992 291.998494 193.381329  47.570380 110.450570   0.000000   0.000000 110.450570  21.630360 286.018741 283.127720   0.198572   0.197800 286.249856   0.198847
    90 333.461400 291.813191 181.775415  42.272485 106.146076   0.000000   0.000000 106.146076  20.237144 285.788273 283.099884   0.198564   0.197788 286.155012   0.198844
    91 317.516536 291.608320 170.005638  36.919664 101.761109   0.000000   0.000000 101.761109  18.818723 285.550706 283.068531   0.198556   0.197775 286.047322   0.198842
    92 301.369632 291.383630 158.088511  31.523196  97.299122   0.000000   0.000000  97.299122  17.375224 285.306033 283.033636   0.198547   0.197764 285.927788   0.198839
    93 285.043833 291.138897 146.042088  26.096133  92.762987   0.000000   0.000000  92.762987  15.906780 285.054254 282.995178   0.198539   0.197753 285.797161   0.198836
    94 268.564502 290.873936 133.886217  20.653850  88.154599   0.000000   0.000000  88.154599  14.413532 284.795363 282.953133   0.198531   0.197742 285.656079   0.198834
    95 251.959572 290.588620 121.642863  15.214907  83.474127   0.000000   0.000000  83.474127  12.895610 284.529351 282.907479   0.198522   0.197732 285.505091   0.198831
    96 235.259997 290.282920 109.336514   9.802610  78.718478   0.000000   0.000000  78.718478  11.353103 284.256196 282.858195   0.198514   0.197723 285.344671   0.198829
    97 218.500280 289.956958  96.994716   4.448239  73.877473   0.000000   0.000000  73.877473   9.786006 283.975842 282.805255   0.198506   0.197714 285.175236   0.198826
    98 201.719146 289.611132  84.648799  -0.800268  68.921234   0.000000   0.000000  68.921234   8.194109 283.688192 282.748635   0.198497   0.197706 284.869484   0.198824
    99 184.960353 289.478371  72.559893  -5.264680  51.493711   0.000000   0.000000  51.493711   6.576902 283.648850 282.695957   0.198489   0.197699 284.817933   0.198821
   100 168.273713 289.047293  58.989986  -4.632404  48.044605   0.000000   0.000000  48.044605   6.670255 283.345074 282.638776   0.198481   0.197694 284.576911   0.198819
   101 151.716355 288.722439  46.951608  -7.761861  39.975239   0.000000   0.000000  39.975239   4.944087 283.052704 282.577737   0.198472   0.197689 284.363080   0.198817
   102 135.354305 288.239781  34.854620 -10.009061  34.443160   0.000000   0.000000  34.443160   3.324770 282.679100 282.510641   0.198464   0.197685 284.080453   0.198815
   103 119.264457 287.656635  23.277229 -12.361821  28.521730   0.000000   0.000000  28.521730   1.179211 282.260212 282.436570   0.198456   0.197681 283.759587   0.198813
   104 103.537032 286.961340  12.097704 -14.462000  23.112444   0.000000   0.000000  23.112444  -1.234505 281.790671 282.354516   0.198447   0.197678 283.394602   0.198811
   105  88.278616 286.163459   1.434053 -16.353770  18.128240   0.000000   0.000000  18.128240  -3.946919 281.274163 282.263662   0.198439   0.197676 282.987308   0.198809
   106  73.615845 285.262183  -8.634956 -18.005835  13.623487   0.000000   0.000000  13.623487  -6.926497 280.714668 282.163367   0.198431   0.197675 282.541914   0.198807
   107  59.699709 284.269676 -17.999849 -19.485680   9.684377   0.000000   0.000000   9.684377 -10.140891 280.120993 282.053292   0.198423   0.197673 282.065873   0.198806
   108  46.710194 283.195192 -26.553940 -20.826107   6.350670   0.000000   0.000000   6.350670 -13.526092 279.506108 281.933497   0.198415   0.197673 281.568778   0.198804
   109  34.860288 282.040108 -34.190881 -22.016880   3.637543   0.000000   0.000000   3.637543 -16.991728 278.884810 281.804460   0.198406   0.197672 281.062520   0.198802
   110  24.396919 280.815643 -40.774784 -23.099462   1.568148   0.000000   0.000000   1.568148 -20.437552 278.276693 281.667178   0.198398   0.197672 280.562551   0.198801
   111  15.593004 279.528207 -46.174499 -24.081473   0.171997   0.000000   0.000000   0.171997 -23.733400 277.702400 281.523160   0.198390   0.197672 280.085042   0.198799
   112   8.717989 278.184335 -50.264058 -24.969086  -0.537738  -0.000000  -0.000000  -0.537738 -26.745322 277.183912 281.374418   0.198382   0.197672 279.647431   0.198798
   113   3.963047 276.793436 -52.981322 -25.771059  -0.645169  -0.000000  -0.000000  -0.645169 -29.333542 276.746903 281.223542   0.198374   0.197672 279.269829   0.198796
   114   1.291982 275.363981 -54.462258 -26.477687  -0.435956  -0.000000  -0.000000  -0.435956 -31.336476 276.417851 281.073677   0.198366   0.197672 278.972810   0.198795
   115   0.252888 273.906821 -55.175436 -27.069764  -0.265525  -0.000000  -0.000000  -0.265525 -32.590780 276.202693 280.927865   0.198358   0.197672 278.760774   0.198794
   116   0.033539 272.435639 -55.779477 -27.522195  -0.226809  -0.000000  -0.000000  -0.226809 -33.076206 276.064193 280.787776   0.198350   0.197672 278.604792   0.198792
   117   0.000000 270.966609 -56.589764 -27.831342  -0.225348  -0.000000  -0.000000  -0.225348 -33.065087 275.953066 280.653489   0.198342   0.197672 278.467520   0.198791
   118   0.000000 269.516189 -57.482655 -28.032887  -0.230214  -0.000000  -0.000000  -0.230214 -32.902955 275.847250 280.524455   0.198334   0.197672 278.333284   0.198790
   119   0.000000 268.096271 -58.371098 -28.170197  -0.234384  -0.000000  -0.000000  -0.234384 -32.740437 275.740750 280.400043   0.198327   0.197672 278.198561   0.198788
   120   0.000000 266.713216 -59.221191 -28.272379  -0.238513  -0.000000  -0.000000  -0.238513 -32.615051 275.633587 280.279709   0.198319   0.197672 278.063996   0.198787
   121   0.000000 265.369715 -60.030437 -28.353734  -0.242556  -0.000000  -0.000000  -0.242556 -32.522852 275.526714 280.163020   0.198311   0.197672 277.930618   0.198786
   122   0.000000 264.066679 -60.802336 -28.420258  -0.246383  -0.000000  -0.000000  -0.246383 -32.454138 275.420843 280.049621   0.198303   0.197673 277.799110   0.198784
   123   0.000000 262.804329 -61.539948 -28.474494  -0.249905  -0.000000  -0.000000  -0.249905 -32.401448 275.316386 279.939224   0.198295   0.197673 277.669859   0.198783
   124   0.000000 261.582570 -62.245241 -28.517705  -0.253077  -0.000000  -0.000000  -0.253077 -32.359865 275.213566 279.831584   0.198288   0.197673 277.543079   0.198782
   125   0.000000 260.401193 -62.919417 -28.550892  -0.255881  -0.000000  -0.000000  -0.255881 -32.326124 275.112520 279.726496   0.198280   0.197673 277.418908   0.198781
   126   0.000000 259.259833 -63.563430 -28.574895  -0.258316  -0.000000  -0.000000  -0.258316 -32.297830 275.013338 279.623785   0.198272   0.197673 277.297441   0.198780
   127   0.000000 258.158041 -64.178096 -28.590638  -0.260386  -0.000000  -0.000000  -0.260386 -32.273131 274.916089 279.523300   0.198265   0.197673 277.178751   0.198778
   128   0.000000 257.095218 -64.764297 -28.598956  -0.262104  -0.000000  -0.000000  -0.262104 -32.250478 274.820828 279.424914   0.198257   0.197673 277.062892   0.198777
   129   0.000000 256.070667 -65.322918 -28.600747  -0.263481  -0.000000  -0.000000  -0.263481 -32.228597 274.727599 279.328513   0.198250   0.197673 276.949903   0.198776
   130   0.000000 255.083552 -65.854949 -28.596809  -0.264534  -0.000000  -0.000000  -0.264534 -32.206396 274.636432 279.234002   0.198242   0.197673 276.839806   0.198775
   131   0.000000 254.132938 -66.361397 -28.587957  -0.265280  -0.000000  -0.000000  -0.265280 -32.182995 274.547345 279.141297   0.198235   0.197673 276.732608   0.198774
   132   0.000000 253.217769 -66.843351 -28.574891  -0.265736  -0.000000  -0.000000  -0.265736 -32.157667 274.460343 279.050323   0.198227   0.197673 276.628296   0.198773
   133   0.000000 252.336904 -67.301908 -28.558287  -0.265922  -0.000000  -0.000000  -0.265922 -32.129862 274.375418 278.961014   0.198220   0.197673 276.526842   0.198772
   134   0.000000 251.489099 -67.738212 -28.538702  -0.265856  -0.000000  -0.000000  -0.265856 -32.099170 274.292549 278.873311   0.198212   0.197673 276.428201   0.198771
   135   0.000000 250.673048 -68.153403 -28.516641  -0.265556  -0.000000  -0.000000  -0.265556 -32.065337 274.211700 278.787161   0.198205   0.197673 276.332311   0.198769
   136   0.000000 249.887365 -68.548642 -28.492487  -0.265040  -0.000000  -0.000000  -0.265040 -32.028229 274.132822 278.702514   0.198197   0.197673 276.239093   0.198768
   137   0.000000 249.130628 -68.925062 -28.466567  -0.264325  -0.000000  -0.000000  -0.264325 -31.987843 274.055856 278.619324   0.198190   0.197673 276.148456   0.198767
   138   0.000000 248.401361 -69.283800 -28.439088  -0.263428  -0.000000  -0.000000  -0.263428 -31.944279 273.980728 278.537549   0.198183   0.197673 276.060294   0.198766
   139   0.000000 247.698075 -69.625946 -28.410204  -0.262365  -0.000000  -0.000000  -0.262365 -31.897744 273.907357 278.457146   0.198175   0.197673 275.974491   0.198765
   140   0.000000 247.019260 -69.952576 -28.379966  -0.261149  -0.000000  -0.000000  -0.261149 -31.848521 273.835650 278.378075   0.198168   0.197673 275.890920   0.198764
   141   0.000000 246.363414 -70.264710 -28.348380  -0.259794  -0.000000  -0.000000  -0.259794 -31.796973 273.765509 278.300297   0.198161   0.197673 275.809446   0.198763
   142   0.000000 245.729045 -70.563333 -28.315371  -0.258311  -0.000000  -0.000000  -0.258311 -31.743517 273.696828 278.223773   0.198154   0.197673 275.729929   0.198762
   143   0.000000 245.114690 -70.849372 -28.280839  -0.256711  -0.000000  -0.000000  -0.256711 -31.688620 273.629498 278.148466   0.198147   0.197673 275.652224   0.198761
   144   0.000000 244.518921 -71.123706 -28.244624  -0.255004  -0.000000  -0.000000  -0.255004 -31.632772 273.563408 278.074335   0.198139   0.197673 275.576187   0.198760
   145   0.000000 243.940366 -71.387150 -28.208015  -0.253197  -0.000000  -0.000000  -0.253197 -31.576491 273.498510 278.001346   0.198132   0.197673 275.501735   0.198759
   146   0.000000 243.377601 -71.640857 -28.169644  -0.251293  -0.000000  -0.000000  -0.251293 -31.519854 273.434669 277.929461   0.198125   0.197673 275.428692   0.198758
   147   0.000000 242.829387 -71.885411 -28.129031  -0.249300  -0.000000  -0.000000  -0.249300 -31.463546 273.371752 277.858642   0.198118   0.197673 275.356900   0.198757
   148   0.000000 242.294574 -72.121322 -28.085895  -0.247224  -0.000000  -0.000000  -0.247224 -31.408228 273.309641 277.788850   0.198111   0.197673 275.286213   0.198756
   149   0.000000 241.772093 -72.349080 -28.040016  -0.245071  -0.000000  -0.000000  -0.245071 -31.354469 273.248226 277.720048   0.198104   0.197673 275.216500   0.198755
   150   0.000000 241.260954 -72.569157 -27.991187  -0.242843  -0.000000  -0.000000  -0.242843 -31.302752 273.187410 277.652196   0.198097   0.197673 275.147639   0.198754
   151   0.000000 240.760255 -72.781978 -27.939249  -0.240545  -0.000000  -0.000000  -0.240545 -31.253501 273.127136 277.585258   0.198090   0.197673 275.079495   0.198753
   152   0.000000 240.269185 -72.988069 -27.881995  -0.238844  -0.000000  -0.000000  -0.238844 -31.206856 273.067204 277.519195   0.198083   0.197673 275.011961   0.198752
   153   0.000000 239.787145 -73.187110 -27.823288  -0.236680  -0.000000  -0.000000  -0.236680 -31.163937 273.007665 277.453970   0.198076   0.197673 274.945017   0.198751
   154   0.000000 239.313366 -73.380075 -27.761102  -0.234432  -0.000000  -0.000000  -0.234432 -31.124134 272.948439 277.389548   0.198069   0.197673 274.878564   0.198750
   155   0.000000 238.847322 -73.567112 -27.695590  -0.232103  -0.000000  -0.000000  -0.232103 -31.087768 272.889471 277.325896   0.198062   0.197674 274.812540   0.198749
   156   0.000000 238.388562 -73.748412 -27.626886  -0.229696  -0.000000  -0.000000  -0.229696 -31.054978 272.830724 277.262981   0.198055   0.197674 274.746897   0.198748
   157   0.000000 237.936708 -73.924167 -27.555120  -0.227212  -0.000000  -0.000000  -0.227212 -31.025805 272.772169 277.200772   0.198049   0.197674 274.681599   0.198747
   158   0.000000 237.491456 -74.094549 -27.480455  -0.224653  -0.000000  -0.000000  -0.224653 -31.000221 272.713789 277.139239   0.198042   0.197674 274.616621   0.198746
   159   0.000000 237.052562 -74.259713 -27.403080  -0.222020  -0.000000  -0.000000  -0.222020 -30.978145 272.655575 277.078353   0.198035   0.197674 274.551949   0.198745
   160   0.000000 236.619844 -74.419788 -27.323227  -0.219314  -0.000000  -0.000000  -0.219314 -30.959449 272.597523 277.018090   0.198028   0.197674 274.487576   0.198744
   161   0.000000 236.193159 -74.574906 -27.241128  -0.216537  -0.000000  -0.000000  -0.216537 -30.943963 272.539640 276.958424   0.198022   0.197674 274.423504   0.198744
   162   0.000000 235.772416 -74.725172 -27.157059  -0.213691  -0.000000  -0.000000  -0.213691 -30.931486 272.481935 276.899332   0.198015   0.197674 274.359742   0.198743
   163   0.000000 235.357540 -74.870706 -27.071265  -0.210777  -0.000000  -0.000000  -0.210777 -30.921784 272.424422 276.840796   0.198008   0.197674 274.296302   0.198742
   164   0.000000 234.948498 -75.011599 -26.984044  -0.207797  -0.000000  -0.000000  -0.207797 -30.914616 272.367120 276.782794   0.198002   0.197674 274.233203   0.198741
   165   0.000000 234.545248 -75.147975 -26.895621  -0.204753  -0.000000  -0.000000  -0.204753 -30.909716 272.310048 276.725310   0.197995   0.197674 274.170462   0.198740
   166   0.000000 234.147789 -75.279915 -26.806302  -0.201649  -0.000000  -0.000000  -0.201649 -30.906830 272.253229 276.668328   0.197988   0.197674 274.108101   0.198739
   167   0.000000 233.756087 -75.407553 -26.716264  -0.198484  -0.000000  -0.000000  -0.198484 -30.905689 272.196683 276.611833   0.197982   0.197674 274.046140   0.198738
   168   0.000000 233.370151 -75.530962 -26.625814  -0.195263  -0.000000  -0.000000  -0.195263 -30.906054 272.140432 276.555813   0.197975   0.197674 273.984602   0.198737
   169   0.000000 232.989931 -75.650296 -26.535056  -0.191988  -0.000000  -0.000000  -0.191988 -30.907668 272.084493 276.500255   0.197969   0.197674 273.923501   0.198736
   170   0.000000 232.615438 -75.765613 -26.444301  -0.188661  -0.000000  -0.000000  -0.188661 -30.910332 272.028889 276.445148   0.197962   0.197674 273.862861   0.198735
   171   0.000000 232.246587 -75.877093 -26.353554  -0.185284  -0.000000  -0.000000  -0.185284 -30.913814 271.973631 276.390484   0.197956   0.197674 273.802688   0.198734
   172   0.000000 231.883386 -75.984772 -26.263151  -0.181861  -0.000000  -0.000000  -0.181861 -30.917969 271.918738 276.336251   0.197949   0.197674 273.743003   0.198734
   173   0.000000 231.525701 -76.088865 -26.172961  -0.178393  -0.000000  -0.000000  -0.178393 -30.922593 271.864213 276.282443   0.197943   0.197674 273.683805   0.198733
   174   0.000000 231.173543 -76.189372 -26.083376  -0.174883  -0.000000  -0.000000  -0.174883 -30.927607 271.810074 276.229050   0.197936   0.197674 273.625110   0.198732
   175   0.000000 230.826716 -76.286556 -25.994088  -0.171331  -0.000000  -0.000000  -0.171331 -30.932835 271.756312 276.176066   0.197930   0.197674 273.566906   0.198731
   176   0.000000 230.485242 -76.380359 -25.905593  -0.167743  -0.000000  -0.000000  -0.167743 -30.938274 271.702945 276.123483   0.197924   0.197674 273.509208   0.198730
   177   0.000000 230.148846 -76.471114 -25.817334  -0.164117  -0.000000  -0.000000  -0.164117 -30.943766 271.649951 276.071294   0.197917   0.197674 273.451988   0.198729
   178   0.000000 229.817581 -76.558679 -25.729977  -0.160458  -0.000000  -0.000000  -0.160458 -30.949401 271.597346 276.019492   0.197911   0.197674 273.395261   0.198728
   179   0.000000 229.491067 -76.643487 -25.642609  -0.156763  -0.000000  -0.000000  -0.156763 -30.955025 271.545093 275.968071   0.197905   0.197674 273.338980   0.198727
   180   0.000000 229.169410 -76.725268 -25.556155  -0.153038  -0.000000  -0.000000  -0.153038 -30.960844 271.493209 275.917022   0.197898   0.197674 273.283159   0.198727
   181   0.000000 228.852085 -76.804605 -25.465977  -0.149277  -0.000000  -0.000000  -0.149277 -30.966695 271.441513 275.866336   0.197892   0.197674 273.227601   0.198726
   182   0.000000 228.539454 -76.880347 -25.376186  -0.145494  -0.000000  -0.000000  -0.145494 -30.973761 271.390063 275.816002   0.197886   0.197674 273.172365   0.198725
   183   0.000000 228.230670 -76.953569 -25.284222  -0.141677  -0.000000  -0.000000  -0.141677 -30.981571 271.338772 275.766009   0.197880   0.197674 273.117338   0.198724
   184   0.000000 227.925966 -77.023660 -25.191832  -0.137833  -0.000000  -0.000000  -0.137833 -30.990660 271.287660 275.716348   0.197874   0.197674 273.062529   0.198723
   185   0.000000 227.624227 -77.091789 -25.095568  -0.133947  -0.000000  -0.000000  -0.133947 -31.000817 271.236575 275.667005   0.197867   0.197674 273.007761   0.198722
   186   0.000000 227.325894 -77.156860 -24.998164  -0.130030  -0.000000  -0.000000  -0.130030 -31.013007 271.185542 275.617967   0.197861   0.197674 272.953046   0.198722
   187   0.000000 227.029423 -77.220479 -24.894583  -0.126059  -0.000000  -0.000000  -0.126059 -31.026974 271.134338 275.569216   0.197855   0.197674 272.898131   0.198721
   188   0.000000 226.735558 -77.280948 -24.789058  -0.122050  -0.000000  -0.000000  -0.122050 -31.044146 271.083011 275.520738   0.197849   0.197674 272.843057   0.198720
   189   0.000000 226.442204 -77.340509 -24.674666  -0.117970  -0.000000  -0.000000  -0.117970 -31.064089 271.031264 275.472509   0.197843   0.197674 272.787495   0.198719
   190   0.000000 226.150649 -77.396612 -24.558363  -0.113843  -0.000000  -0.000000  -0.113843 -31.088716 270.979216 275.424511   0.197837   0.197674 272.731575   0.198718
   191   0.000000 225.858193 -77.452404 -24.431200  -0.109623  -0.000000  -0.000000  -0.109623 -31.117067 270.926521 275.376719   0.197831   0.197674 272.674927   0.198717
   192   0.000000 225.567049 -77.504220 -24.304265  -0.105350  -0.000000  -0.000000  -0.105350 -31.151387 270.873448 275.329114   0.197825   0.197674 272.617858   0.198717
   193   0.000000 225.273846 -77.556522 -24.165881  -0.100961  -0.000000  -0.000000  -0.100961 -31.189657 270.819621 275.281670   0.197819   0.197674 272.559966   0.198716
   194   0.000000 224.982109 -77.604238 -24.032056  -0.096521  -0.000000  -0.000000  -0.096521 -31.234340 270.765518 275.234376   0.197813   0.197674 272.501786   0.198715
   195   0.000000 224.687487 -77.653688 -23.886492  -0.091945  -0.000000  -0.000000  -0.091945 -31.282005 270.710681 275.187208   0.197807   0.197674 272.442825   0.198714
   196   0.000000 224.395214 -77.697799 -23.751102  -0.087328  -0.000000  -0.000000  -0.087328 -31.335689 270.655821 275.140166   0.197801   0.197674 272.383857   0.198713
   197   0.000000 224.099298 -77.745487 -23.602009  -0.082554  -0.000000  -0.000000  -0.082554 -31.390413 270.600280 275.093227   0.197795   0.197674 272.324176   0.198713
   198   0.000000 223.807220 -77.786631 -23.469549  -0.077764  -0.000000  -0.000000  -0.077764 -31.450628 270.545041 275.046401   0.197789   0.197674 272.264837   0.198712
   199   0.000000 223.510588 -77.833659 -23.319171  -0.072792  -0.000000  -0.000000  -0.072792 -31.509522 270.489128 274.999668   0.197784   0.197674 272.204793   0.198711
   200   0.000000 223.219584 -77.872438 -23.192181  -0.067835  -0.000000  -0.000000  -0.067835 -31.573782 270.433838 274.953047   0.197778   0.197674 272.145439   0.198710
   201   0.000000 222.923020 -77.919472 -23.042085  -0.062674  -0.000000  -0.000000  -0.062674 -31.634461 270.377835 274.906513   0.197772   0.197674 272.085327   0.198709
   202   0.000000 222.633810 -77.956418 -22.921270  -0.057560  -0.000000  -0.000000  -0.057560 -31.700752 270.322716 274.860095   0.197766   0.197674 272.026206   0.198709
   203   0.000000 222.338133 -78.003632 -22.772879  -0.052220  -0.000000  -0.000000  -0.052220 -31.761654 270.266836 274.813765   0.197760   0.197674 271.966249   0.198708
   204   0.000000 222.051205 -78.039203 -22.657827  -0.046958  -0.000000  -0.000000  -0.046958 -31.828503 270.212019 274.767555   0.197755   0.197674 271.907510   0.198707
   205   0.000000 221.757129 -78.086470 -22.512366  -0.041453  -0.000000  -0.000000  -0.041453 -31.888753 270.156412 274.721438   0.197749   0.197674 271.847862   0.198706
   206   0.000000 221.472766 -78.121034 -22.402218  -0.036048  -0.000000  -0.000000  -0.036048 -31.955178 270.101965 274.675445   0.197743   0.197674 271.789583   0.198705
   207   0.000000 221.180831 -78.168117 -22.260501  -0.030391  -0.000000  -0.000000  -0.030391 -32.014366 270.046720 274.629549   0.197738   0.197674 271.730338   0.198705
   208   0.000000 220.899155 -78.201938 -22.154329  -0.024849  -0.000000  -0.000000  -0.024849 -32.079807 269.992664 274.583783   0.197732   0.197674 271.672542   0.198704
   209   0.000000 220.609695 -78.248604 -22.016706  -0.019050  -0.000000  -0.000000  -0.019050 -32.137829 269.937820 274.538116   0.197726   0.197674 271.613741   0.198703
   210   0.000000 220.330701 -78.281848 -21.913663  -0.013373  -0.000000  -0.000000  -0.013373 -32.202068 269.884148 274.492581   0.197721   0.197674 271.556414   0.198702
   211   0.000000 220.043869 -78.327906 -21.780117  -0.007437  -0.000000  -0.000000  -0.007437 -32.259030 269.829705 274.447148   0.197715   0.197674 271.498059   0.198701
   212   0.000000 219.767453 -78.360668 -21.679490  -0.001628  -0.000000  -0.000000  -0.001628 -32.322103 269.776384 274.401847   0.197710   0.197674 271.441160   0.198701
   213   0.000000 219.483254 -78.405972 -21.549777   0.004440  -0.000000  -0.000000   0.004440 -32.378240 269.722316 274.356650   0.197704   0.197674 271.383223   0.198700
   214   0.000000 219.209242 -78.438300 -21.450997   0.010382  -0.000000  -0.000000   0.010382 -32.440341 269.669305 274.311584   0.197698   0.197674 271.326698   0.198699
   215   0.000000 218.927577 -78.482757 -21.324775   0.016581  -0.000000  -0.000000   0.016581 -32.495953 269.615570 274.266621   0.197693   0.197674 271.269135   0.198698
   216   0.000000 218.655752 -78.514679 -21.227409   0.022658  -0.000000  -0.000000   0.022658 -32.557359 269.562821 274.221787   0.197687   0.197674 271.212925   0.198698
   217   0.000000 218.376456 -78.558237 -21.111282   0.028989  -0.000000  -0.000000   0.028989 -32.612758 269.509646 274.177061   0.197682   0.197674 271.155991   0.198697
   218   0.000000 218.106220 -78.591303 -21.022898   0.035210  -0.000000  -0.000000   0.035210 -32.671908 269.457571 274.132473   0.197677   0.197674 271.100546   0.198696
   219   0.000000 217.828584 -78.636420 -20.911968   0.041684  -0.000000  -0.000000   0.041684 -32.724314 269.404988 274.087999   0.197671   0.197674 271.044285   0.198695
   220   0.000000 217.559943 -78.670755 -20.827690   0.048046  -0.000000  -0.000000   0.048046 -32.781080 269.353416 274.043665   0.197666   0.197674 270.989443   0.198695
   221   0.000000 217.284427 -78.716241 -20.722602   0.054649  -0.000000  -0.000000   0.054649 -32.831743 269.301367 273.999449   0.197660   0.197674 270.933819   0.198694
   222   0.000000 217.017695 -78.751278 -20.642439   0.061141  -0.000000  -0.000000   0.061141 -32.886577 269.250275 273.955373   0.197655   0.197674 270.879560   0.198693
   223   0.000000 216.744502 -78.796826 -20.542682   0.067867  -0.000000  -0.000000   0.067867 -32.935690 269.198733 273.911417   0.197650   0.197674 270.824550   0.198692
   224   0.000000 216.479841 -78.832291 -20.466331   0.074482  -0.000000  -0.000000   0.074482 -32.988790 269.148101 273.867602   0.197644   0.197674 270.770852   0.198692
   225   0.000000 216.209074 -78.877707 -20.371424   0.081323  -0.000000  -0.000000   0.081323 -33.036511 269.097042 273.823908   0.197639   0.197674 270.716430   0.198691
   226   0.000000 215.946577 -78.913393 -20.298646   0.088055  -0.000000  -0.000000   0.088055 -33.088062 269.046849 273.780353   0.197634   0.197674 270.663271   0.198690
   227   0.000000 215.678281 -78.958541 -20.208190   0.095007  -0.000000  -0.000000   0.095007 -33.134533 268.996248 273.736920   0.197628   0.197674 270.609411   0.198689
   228   0.000000 215.417998 -78.994289 -20.138798   0.101852  -0.000000  -0.000000   0.101852 -33.184704 268.946476 273.693626   0.197623   0.197674 270.556769   0.198689
   229   0.000000 215.152188 -79.039069 -20.052468   0.108911  -0.000000  -0.000000   0.108911 -33.230049 268.896312 273.650452   0.197618   0.197674 270.503450   0.198688
   230   0.000000 214.894147 -79.074754 -19.986316   0.115866  -0.000000  -0.000000   0.115866 -33.278977 268.846945 273.607416   0.197613   0.197674 270.451306   0.198687
   231   0.000000 214.630822 -79.119092 -19.903848   0.123028  -0.000000  -0.000000   0.123028 -33.323295 268.797200 273.564499   0.197608   0.197674 270.398508   0.198686
   232   0.000000 214.375038 -79.154617 -19.840826   0.130088  -0.000000  -0.000000   0.130088 -33.371092 268.748225 273.521719   0.197602   0.197674 270.346848   0.198686
   233   0.000000 214.114189 -79.198460 -19.762004   0.137350  -0.000000  -0.000000   0.137350 -33.414457 268.698885 273.479058   0.197597   0.197674 270.294556   0.198685
   234   0.000000 213.860673 -79.233746 -19.702025   0.144512  -0.000000  -0.000000   0.144512 -33.461207 268.650293 273.436531   0.197592   0.197674 270.243368   0.198684
   235   0.000000 213.602289 -79.277058 -19.626668   0.151871  -0.000000  -0.000000   0.151871 -33.503672 268.601345 273.394122   0.197587   0.197674 270.191568   0.198683
   236   0.000000 213.351048 -79.312042 -19.569662   0.159131  -0.000000  -0.000000   0.159131 -33.549438 268.553127 273.351847   0.197582   0.197674 270.140844   0.198683
   237   0.000000 213.095117 -79.354794 -19.497615   0.166585  -0.000000  -0.000000   0.166585 -33.591039 268.504563 273.309687   0.197577   0.197674 270.089526   0.198682
   238   0.000000 212.846157 -79.389425 -19.443524   0.173940  -0.000000  -0.000000   0.173940 -33.635867 268.456712 273.267659   0.197572   0.197674 270.039257   0.198681
   239   0.000000 212.592666 -79.431598 -19.374655   0.181485  -0.000000  -0.000000   0.181485 -33.676627 268.408525 273.225746   0.197567   0.197674 269.988412   0.198680
   240   0.000000 212.345994 -79.465832 -19.323429   0.188931  -0.000000  -0.000000   0.188931 -33.720550 268.361037 273.183963   0.197562   0.197674 269.938594   0.198680
   241   0.000000 212.094933 -79.507411 -19.257618   0.196565  -0.000000  -0.000000   0.196565 -33.760483 268.313219 273.142294   0.197557   0.197674 269.888215   0.198679
   242   0.000000 211.850552 -79.541213 -19.209206   0.204099  -0.000000  -0.000000   0.204099 -33.803526 268.266091 273.100754   0.197552   0.197674 269.838843   0.198678
   243   0.000000 211.601906 -79.582190 -19.146336   0.211817  -0.000000  -0.000000   0.211817 -33.842641 268.218637 273.059326   0.197547   0.197674 269.788921   0.198678
   244   0.000000 211.359814 -79.615532 -19.100668   0.219437  -0.000000  -0.000000   0.219437 -33.884827 268.171863 273.018026   0.197542   0.197674 269.739988   0.198677
   245   0.000000 211.113562 -79.655902 -19.040601   0.227238  -0.000000  -0.000000   0.227238 -33.923141 268.124765 272.976837   0.197537   0.197674 269.690514   0.198676
   246   0.000000 210.873740 -79.688764 -18.997574   0.234940  -0.000000  -0.000000   0.234940 -33.964502 268.078338 272.935774   0.197532   0.197674 269.642010   0.198675
   247   0.000000 210.629846 -79.728525 -18.940174   0.242822  -0.000000  -0.000000   0.242822 -34.002049 268.031587 272.894820   0.197527   0.197674 269.592974   0.198675
   248   0.000000 210.392266 -79.760891 -18.899714   0.250604  -0.000000  -0.000000   0.250604 -34.042634 267.985498 272.853991   0.197522   0.197674 269.544891   0.198674
   249   0.000000 210.150697 -79.800035 -18.844950   0.258564  -0.000000  -0.000000   0.258564 -34.079451 267.939088 272.813271   0.197517   0.197674 269.496285   0.198673
   250   0.000000 209.915339 -79.831895 -18.807100   0.266424  -0.000000  -0.000000   0.266424 -34.119278 267.893337 272.772673   0.197512   0.197674 269.448624   0.198673
   251   0.000000 209.676084 -79.870424 -18.755058   0.274459  -0.000000  -0.000000   0.274459 -34.155353 267.847272 272.732183   0.197508   0.197674 269.400456   0.198672
   252   0.000000 209.442956 -79.901781 -18.719934   0.282394  -0.000000  -0.000000   0.282394 -34.194379 267.801867 272.691816   0.197503   0.197674 269.353228   0.198671
   253   0.000000 209.206025 -79.939717 -18.660206   0.290502  -0.000000  -0.000000   0.290502 -34.229639 267.755746 272.651542   0.197498   0.197674 269.305039   0.198671
   254   0.000000 208.975678 -79.968339 -18.615981   0.298503  -0.000000  -0.000000   0.298503 -34.270574 267.710003 272.611371   0.197493   0.197674 269.257471   0.198670
   255   0.000000 208.741851 -80.002035 -18.555449   0.306674  -0.000000  -0.000000   0.306674 -34.309573 267.663713 272.571281   0.197488   0.197674 269.209126   0.198669
   256   0.000000 208.514018 -80.027706 -18.509158   0.314750  -0.000000  -0.000000   0.314750 -34.352974 267.617833 272.531281   0.197484   0.197674 269.161399   0.198668
   257   0.000000 208.282401 -80.058876 -18.446350   0.323005  -0.000000  -0.000000   0.323005 -34.394140 267.571405 272.491352   0.197479   0.197674 269.112891   0.198668
   258   0.000000 208.056374 -80.082418 -18.397662   0.331175  -0.000000  -0.000000   0.331175 -34.439634 267.525369 272.451504   0.197474   0.197674 269.064974   0.198667
   259   0.000000 207.826416 -80.111525 -18.332823   0.339530  -0.000000  -0.000000   0.339530 -34.482945 267.478784 272.411717   0.197470   0.197673 269.016277   0.198666
   260   0.000000 207.601707 -80.133330 -18.281898   0.347810  -0.000000  -0.000000   0.347810 -34.530529 267.432572 272.372001   0.197465   0.197673 268.968143   0.198666
   261   0.000000 207.373004 -80.160677 -18.215286   0.356279  -0.000000  -0.000000   0.356279 -34.576004 267.385813 272.332337   0.197460   0.197673 268.919237   0.198665
   262   0.000000 207.149238 -80.181039 -18.162243   0.364680  -0.000000  -0.000000   0.364680 -34.625670 267.339405 272.292736   0.197456   0.197673 268.870864   0.198664
   263   0.000000 206.921475 -80.206858 -18.094074   0.373273  -0.000000  -0.000000   0.373273 -34.673312 267.292459 272.253178   0.197451   0.197673 268.821732   0.198664
   264   0.000000 206.698354 -80.226013 -18.039012   0.381807  -0.000000  -0.000000   0.381807 -34.725034 267.245842 272.213675   0.197446   0.197673 268.773104   0.198663
   265   0.000000 206.471278 -80.250490 -17.969470   0.390534  -0.000000  -0.000000   0.390534 -34.774829 267.198698 272.174208   0.197442   0.197673 268.723733   0.198662
   266   0.000000 206.248556 -80.268633 -17.912478   0.399209  -0.000000  -0.000000   0.399209 -34.828571 267.151860 272.134787   0.197437   0.197673 268.674837   0.198662
   267   0.000000 206.021958 -80.291926 -17.841724   0.408078  -0.000000  -0.000000   0.408078 -34.880492 267.104510 272.095396   0.197433   0.197673 268.625219   0.198661
   268   0.000000 205.799435 -80.309222 -17.782887   0.416903  -0.000000  -0.000000   0.416903 -34.936207 267.057442 272.056044   0.197428   0.197673 268.576045   0.198660
   269   0.000000 205.573141 -80.331465 -17.711069   0.425921  -0.000000  -0.000000   0.425921 -34.990216 267.009880 272.016715   0.197424   0.197673 268.526173   0.198659
   270   0.000000 205.350645 -80.348057 -17.650476   0.434904  -0.000000  -0.000000   0.434904 -35.047851 266.962576 271.977419   0.197419   0.197673 268.476713   0.198659
   271   0.000000 205.124510 -80.369366 -17.577732   0.444079  -0.000000  -0.000000   0.444079 -35.103901 266.914798 271.938139   0.197415   0.197673 268.426583   0.198658
   272   0.000000 204.901902 -80.385377 -17.515479   0.453226  -0.000000  -0.000000   0.453226 -35.163393 266.867254 271.898886   0.197410   0.197673 268.376835   0.198657
   273   0.000000 204.675804 -80.405858 -17.441943   0.462563  -0.000000  -0.000000   0.462563 -35.221426 266.819258 271.859644   0.197406   0.197673 268.326446   0.198657
   274   0.000000 204.452967 -80.421396 -17.378139   0.471880  -0.000000  -0.000000   0.471880 -35.282705 266.771473 271.820423   0.197401   0.197673 268.276408   0.198656
   275   0.000000 204.226807 -80.441143 -17.303943   0.481386  -0.000000  -0.000000   0.481386 -35.342651 266.723260 271.781208   0.197397   0.197673 268.225761   0.198655
   276   0.027633 204.003648 -80.434197 -17.238709   0.509476  -0.000000  -0.000000   0.509476 -35.405639 266.675368 271.742012   0.197392   0.197673 268.175521   0.198655
   277   0.203197 203.777344 -80.313403 -17.162609   0.639933  -0.000000  -0.000000   0.639933 -35.466512 266.627712 271.702842   0.197388   0.197673 268.125108   0.198654
   278   1.107522 203.553859 -79.607958 -17.088210   1.282299  -0.000000  -0.000000   1.282299 -35.525910 266.583042 271.663786   0.197384   0.197672 268.076774   0.198653
   279   3.564375 203.327812 -77.675528 -16.976604   3.034523  -0.000000  -0.000000   3.034523 -35.565207 266.543574 271.624992   0.197379   0.197672 268.031406   0.198653
   280   8.077987 203.106108 -74.115237 -16.816929   6.271835  -0.000000  -0.000000   6.271835 -35.569924 266.511544 271.586658   0.197375   0.197671 267.990938   0.198652
   281  14.722480 202.886279 -68.879473 -16.579673  11.067347  -0.000000  -0.000000  11.067347 -35.525795 266.486513 271.548954   0.197371   0.197670 267.954781   0.198651
   282  23.323192 202.676856 -62.097820 -16.284026  17.343512  -0.000000  -0.000000  17.343512 -35.437091 266.466878 271.511988   0.197366   0.197668 267.922592   0.198651
   283  33.614580 202.476001 -53.977807 -15.942387  25.029341  -0.000000  -0.000000  25.029341 -35.315766 266.446329 271.475667   0.197362   0.197665 267.890145   0.198650
   284  45.322071 202.289950 -44.706763 -15.632325  34.142798  -0.000000  -0.000000  34.142798 -35.205369 266.414609 271.439607   0.197358   0.197661 267.851475   0.198649
   285  58.195178 202.112142 -34.448784 -15.448842  44.906045  -0.000000  -0.000000  44.906045 -35.174983 266.351015 271.402840   0.197353   0.197655 267.792811   0.198648
   286  72.017060 201.939582 -23.294217 -15.595098  57.940132  -0.000000  -0.000000  57.940132 -35.362779 266.215882 271.363303   0.197349   0.197648 267.688242   0.198647
   287  86.604211 201.750811 -11.246319 -16.390345  74.927315  -0.000000  -0.000000  74.927315 -36.031951 265.910113 271.316159   0.197345   0.197639 267.469874   0.198646
   288 101.802621 201.516678   1.952190 -18.509492 101.302870  -0.000000  -0.000000 101.302870 -37.842319 265.102757 271.247106   0.197340   0.197627 266.903561   0.198645
   289 117.483153 201.166437  17.481049 -23.349990 167.980901  -0.000000  -0.000000 167.980901 -43.010445 261.578410 271.076847   0.197336   0.197607 264.302609   0.198643
   290 133.537169 200.563452  43.898718 -32.586031 **********  -0.000000  -0.000000 ********** -66.489060 278.981642 271.441390   0.197332   0.197662 270.065594   0.198644
   291 149.872779 199.451154 -19.779941 495.858740 -27.875732   0.000000   0.000000 -27.875732  52.781768 267.678244 271.429915   0.197327   0.197665 268.352047   0.198643
   292 166.411727 224.771949  68.810564 -56.597845  -8.903176  -0.000000  -0.000000  -8.903176 -26.261693 275.203427 271.643772   0.197323   0.197666 274.346385   0.198643
   293 183.086877 221.617746  45.976634 115.284065  -0.609059  -0.000000  -0.000000  -0.609059  24.917587 273.633232 271.789237   0.197319   0.197666 273.510586   0.198642
   294 199.840189 227.674777  72.392794  22.059335  -5.418472  -0.000000  -0.000000  -5.418472  12.907970 275.214421 271.968175   0.197315   0.197667 274.821589   0.198642
   295 216.621099 230.262693  81.139198  56.607072  -3.001046  -0.000000  -0.000000  -3.001046  22.723719 275.801086 272.148223   0.197311   0.197667 275.354031   0.198641
   296 233.385225 234.464470  95.927341  48.800492  -1.668610  -0.000000  -0.000000  -1.668610  25.570040 276.752296 272.340866   0.197307   0.197667 276.209447   0.198641
   297 250.093324 237.874278 108.188657  58.943983   2.443531   0.000000   0.000000   2.443531  30.880005 277.485353 272.538987   0.197303   0.197667 276.888141   0.198640
   298 266.710453 241.429886 121.499448  61.099394   6.897760   0.000000   0.000000   6.897760  34.624557 278.231378 272.743055   0.197299   0.197666 277.585254   0.198639
   299 283.205292 244.685514 134.332681  66.014419  12.387777   0.000000   0.000000  12.387777  38.418261 278.901280 272.950786   0.197294   0.197665 278.214964   0.198639
   300 299.549591 247.680040 147.127223  70.243613  18.152464   0.000000   0.000000  18.152464  41.653458 279.518565 273.160787   0.197290   0.197663 278.789498   0.198638
   301 315.717721 250.424579 159.768158  74.493568  24.113907   0.000000   0.000000  24.113907  44.504445 280.086729 273.371865   0.197286   0.197660 279.312483   0.198637
   302 331.686303 252.952793 172.257469  78.598829  30.134952   0.000000   0.000000  30.134952  47.004049 280.614162 273.583148   0.197282   0.197656 279.791613   0.198637
   303 347.433903 255.272542 184.549099  82.740510  36.148902   0.000000   0.000000  36.148902  49.217100 281.104519 273.793920   0.197278   0.197652 280.229576   0.198636
   304 362.940782 257.398886 196.627303  86.898021  42.084649   0.000000   0.000000  42.084649  51.174194 281.562030 274.003619   0.197274   0.197647 280.630095   0.198635
   305 378.188686 259.352731 208.479782  91.047504  47.906066   0.000000   0.000000  47.906066  52.908877 281.990873 274.211822   0.197270   0.197641 280.997595   0.198634
   306 393.160668 261.158549 220.098415  95.150656  53.600700   0.000000   0.000000  53.600700  54.453361 282.395120 274.418234   0.197266   0.197635 281.336867   0.198633
   307 407.840945 262.837939 231.473267  99.192856  59.170888   0.000000   0.000000  59.170888  55.838202 282.778075 274.622654   0.197262   0.197627 281.652021   0.198632
   308 422.214769 264.408531 242.594747 103.163261  64.621101   0.000000   0.000000  64.621101  57.087951 283.142349 274.824944   0.197258   0.197620 281.946374   0.198631
   309 436.268330 265.885139 253.454406 107.047869  69.955825   0.000000   0.000000  69.955825  58.221833 283.490073 275.025018   0.197254   0.197611 282.222680   0.198630
   310 449.988660 267.279827 264.043952 110.835755  75.179378   0.000000   0.000000  75.179378  59.255383 283.822953 275.222822   0.197250   0.197602 282.483173   0.198629
   311 463.363562 268.602187 274.355250 114.518916  80.294685   0.000000   0.000000  80.294685  60.200918 284.142328 275.418322   0.197246   0.197593 282.729624   0.198627
   312 481.650953 269.860122 288.596313 118.089203  85.405098   0.000000   0.000000  85.405098  61.068041 284.516778 275.613523   0.197242   0.197582 282.974733   0.198626
   313 494.330359 271.060133 298.010408 124.195864  91.379618   0.000000   0.000000  91.379618  62.322789 284.804665 275.805976   0.197237   0.197571 283.195828   0.198625
   314 506.630370 272.260888 307.554332 126.869089  96.081054   0.000000   0.000000  96.081054  62.990821 285.096598 275.996172   0.197233   0.197560 283.416690   0.198623
   315 518.541369 273.375088 316.678023 130.257858 100.915505   0.000000   0.000000 100.915505  63.702978 285.371792 276.183916   0.197229   0.197548 283.621344   0.198622
   316 530.054262 274.446935 325.523158 133.242505 105.535165   0.000000   0.000000 105.535165  64.315136 285.638093 276.369249   0.197225   0.197535 283.817557   0.198620
   317 541.160446 275.472694 334.039750 136.156789 110.059293   0.000000   0.000000 110.059293  64.881908 285.894234 276.552158   0.197221   0.197522 284.004666   0.198619
   318 551.851785 276.458636 342.234251 138.909030 114.456124   0.000000   0.000000 114.456124  65.394532 286.141155 276.732649   0.197216   0.197508 284.183801   0.198617
   319 562.120589 277.406682 350.097948 141.525065 118.733381   0.000000   0.000000 118.733381  65.859545 286.378980 276.910717   0.197212   0.197494 284.355329   0.198615
   320 571.959592 278.319369 357.627209 143.994201 122.885325   0.000000   0.000000 122.885325  66.277845 286.608000 277.086359   0.197208   0.197479 284.519723   0.198614
   321 581.361941 279.198706 364.817343 146.315301 126.909865   0.000000   0.000000 126.909865  66.651489 286.828427 277.259569   0.197203   0.197464 284.677368   0.198612
   322 590.321175 280.046471 371.664125 148.486390 130.804159   0.000000   0.000000 130.804159  66.982011 287.040440 277.430337   0.197199   0.197448 284.828607   0.198610
   323 598.831217 280.864152 378.163512 150.507148 134.565463   0.000000   0.000000 134.565463  67.270720 287.244164 277.598653   0.197194   0.197432 284.973734   0.198608
   324 606.886361 281.653067 384.311851 152.376886 138.190626   0.000000   0.000000 138.190626  67.518574 287.439696 277.764502   0.197190   0.197416 285.113012   0.198606
   325 614.481266 282.414380 390.105759 154.115746 141.683157   0.000000   0.000000 141.683157  67.726361 287.626679 277.927854   0.197185   0.197399 285.246665   0.198604
   326 621.610941 283.149343 395.544598 155.704153 145.030927   0.000000   0.000000 145.030927  67.891775 287.805263 278.088680   0.197181   0.197381 285.374958   0.198602
   327 628.270746 283.858658 400.624799 157.148042 148.233142   0.000000   0.000000 148.233142  68.016079 287.975437 278.246949   0.197176   0.197363 285.498057   0.198600
   328 634.456378 284.543204 405.344078 158.446258 151.286001   0.000000   0.000000 151.286001  68.099416 288.137222 278.402627   0.197171   0.197345 285.616153   0.198598
   329 640.163872 285.203753 409.700136 159.599774 154.186742   0.000000   0.000000 154.186742  68.142159 288.290616 278.555679   0.197167   0.197327 285.729421   0.198596
   330 645.389593 285.841044 413.691007 160.609032 156.932487   0.000000   0.000000 156.932487  68.144555 288.435617 278.706069   0.197162   0.197308 285.838027   0.198594
   331 650.130230 286.455777 417.314947 161.474501 159.520576   0.000000   0.000000 159.520576  68.106839 288.572221 278.853757   0.197157   0.197289 285.942130   0.198592
   332 654.382798 287.048622 420.570440 162.196575 161.948536   0.000000   0.000000 161.948536  68.029246 288.700422 278.998706   0.197152   0.197269 286.041881   0.198589
   333 658.144631 287.620202 423.456168 162.775814 164.214133   0.000000   0.000000 164.214133  67.912017 288.820216 279.140875   0.197147   0.197250 286.137422   0.198587
   334 661.413378 288.171089 425.971020 163.212931 166.315320   0.000000   0.000000 166.315320  67.755384 288.931590 279.280225   0.197142   0.197230 286.228887   0.198585
   335 664.187007 288.701814 428.114100 163.508671 168.250202   0.000000   0.000000 168.250202  67.559559 289.034534 279.416714   0.197137   0.197210 286.316396   0.198582
   336 666.463795 289.212865 429.884728 163.663749 170.017039   0.000000   0.000000 170.017039  67.324739 289.129033 279.550301   0.197132   0.197189 286.400064   0.198580
   337 668.242334 289.704694 431.282426 163.678834 171.614265   0.000000   0.000000 171.614265  67.051123 289.215076 279.680946   0.197127   0.197169 286.479992   0.198577
   338 669.521525 290.177718 432.306915 163.554520 173.040500   0.000000   0.000000 173.040500  66.738915 289.292654 279.808605   0.197122   0.197148 286.556276   0.198575
   339 670.300580 290.632323 432.958110 163.291283 174.294567   0.000000   0.000000 174.294567  66.388342 289.361761 279.933239   0.197117   0.197127 286.628999   0.198573
   340 670.579017 291.068866 433.236109 162.889487 175.375506   0.000000   0.000000 175.375506  65.999655 289.422397 280.054806   0.197111   0.197106 286.698238   0.198570
   341 670.356665 291.487671 433.141185 162.349405 176.282586   0.000000   0.000000 176.282586  65.573141 289.474568 280.173265   0.197106   0.197085 286.764059   0.198568
   342 669.633662 291.889030 432.673788 161.671223 177.015301   0.000000   0.000000 177.015301  65.109122 289.518285 280.288577   0.197101   0.197063 286.826518   0.198565
   343 668.410452 292.273200 431.834537 160.855024 177.573365   0.000000   0.000000 177.573365  64.607952 289.553564 280.400704   0.197095   0.197042 286.885661   0.198563
   344 666.687791 292.640406 430.624225 159.900782 177.956719   0.000000   0.000000 177.956719  64.070022 289.580429 280.509607   0.197090   0.197021 286.941521   0.198560
   345 664.466743 292.990842 429.043815 158.808365 178.165529   0.000000   0.000000 178.165529  63.495759 289.598911 280.615250   0.197084   0.196999 286.994125   0.198557
   346 661.748680 293.324665 427.094437 157.577549 178.200191   0.000000   0.000000 178.200191  62.885628 289.609045 280.717598   0.197078   0.196978 287.043486   0.198555
   347 658.535291 293.642002 424.777393 156.208017 178.061321   0.000000   0.000000 178.061321  62.240128 289.610874 280.816618   0.197073   0.196957 287.089607   0.198552
   348 654.828573 293.942945 422.094159 154.699368 177.749757   0.000000   0.000000 177.749757  61.559795 289.604448 280.912277   0.197067   0.196935 287.132482   0.198550
   349 650.630840 294.227557 419.046384 153.051120 177.266564   0.000000   0.000000 177.266564  60.845195 289.589822 281.004546   0.197061   0.196914 287.172093   0.198547
   350 645.944724 294.495870 415.635902 151.262730 176.613028   0.000000   0.000000 176.613028  60.096928 289.567056 281.093396   0.197055   0.196893 287.208415   0.198544
   351 640.773174 294.747888 411.864729 149.333606 175.790652   0.000000   0.000000 175.790652  59.315620 289.536218 281.178800   0.197050   0.196872 287.241412   0.198542
   352 635.119464 294.983587 407.735075 147.263117 174.801155   0.000000   0.000000 174.801155  58.501924 289.497379 281.260734   0.197044   0.196851 287.271039   0.198539
   353 628.987192 295.202922 403.249349 145.050607 173.646470   0.000000   0.000000 173.646470  57.656515 289.450616 281.339175   0.197038   0.196830 287.297246   0.198537
   354 622.380287 295.405823 398.410171 142.695410 172.328744   0.000000   0.000000 172.328744  56.780085 289.396009 281.414103   0.197032   0.196809 287.319972   0.198534
   355 615.303013 295.592204 393.220376 140.196872 170.850333   0.000000   0.000000 170.850333  55.873343 289.333641 281.485497   0.197026   0.196789 287.339153   0.198531
   356 607.759973 295.761962 387.683028 137.554363 169.213797   0.000000   0.000000 169.213797  54.937009 289.263601 281.553342   0.197019   0.196769 287.354718   0.198529
   357 599.756116 295.914980 381.801430 134.767303 167.421887   0.000000   0.000000 167.421887  53.971813 289.185978 281.617623   0.197013   0.196748 287.366591   0.198526
   358 591.296745 296.051129 375.579132 131.835169 165.477545   0.000000   0.000000 165.477545  52.978487 289.100864 281.678326   0.197007   0.196729 287.374691   0.198524
   359 582.387526 296.170275 369.019947 128.757515 163.383904   0.000000   0.000000 163.383904  51.957768 289.008353 281.735439   0.197001   0.196709 287.378937   0.198521
   360 573.034492 296.272278 362.127965 125.533982 161.144296   0.000000   0.000000 161.144296  50.910394 288.908540 281.788955   0.196994   0.196690 287.379240   0.198518
   361 563.244060 296.357002 354.907567 122.172701 158.766439   0.000000   0.000000 158.766439  49.837097 288.801336 281.838858   0.196988   0.196671 287.375497   0.198516
   362 553.023040 296.424386 347.364500 118.663548 156.248609   0.000000   0.000000 156.248609  48.737342 288.686919 281.885142   0.196982   0.196652 287.367632   0.198513
   363 542.378651 296.474173 339.503208 115.008640 153.596261   0.000000   0.000000 153.596261  47.612443 288.565398 281.927798   0.196975   0.196633 287.355532   0.198511
   364 531.318533 296.506262 331.329004 111.206964 150.813385   0.000000   0.000000 150.813385  46.463199 288.436897 281.966824   0.196969   0.196615 287.339104   0.198508
   365 519.850773 296.520562 322.847464 107.258505 147.904750   0.000000   0.000000 147.904750  45.290513 288.301535 282.002217   0.196962   0.196598 287.318257   0.198506
   366 507.983918 296.517020 314.064607 103.163146 144.875263   0.000000   0.000000 144.875263  44.095225 288.159430 282.033978   0.196956   0.196580 287.292899   0.198503
   367 495.727009 296.495608 304.986863  98.921024 141.730069   0.000000   0.000000 141.730069  42.878161 288.010697 282.062109   0.196949   0.196563 287.262937   0.198501
   368 483.089600 296.456313 295.621095  94.532535 138.474407   0.000000   0.000000 138.474407  41.640119 287.855454 282.086613   0.196942   0.196547 287.228276   0.198499
   369 470.081800 296.399130 285.974615  89.998452 135.113528   0.000000   0.000000 135.113528  40.381885 287.693816 282.107497   0.196936   0.196530 287.188809   0.198496
   370 456.714307 296.324055 276.055205  85.320000 131.652615   0.000000   0.000000 131.652615  39.104234 287.525902 282.124768   0.196929   0.196515 287.144419   0.198494
   371 442.998452 296.231085 265.871141  80.498924 128.096744   0.000000   0.000000 128.096744  37.807938 287.351831 282.138435   0.196922   0.196499 287.094968   0.198492
   372 428.946256 296.120217 255.431240  75.537536 124.450860   0.000000   0.000000 124.450860  36.493777 287.171728 282.148508   0.196916   0.196484 287.040285   0.198489
   373 414.570486 295.991454 244.744901  70.438748 120.719783   0.000000   0.000000 120.719783  35.162541 286.985720 282.155000   0.196909   0.196470 286.980142   0.198487
   374 399.884730 295.844809 233.822164  65.206099 116.908230   0.000000   0.000000 116.908230  33.815041 286.793942 282.157926   0.196902   0.196456 286.914179   0.198485
   375 384.903481 295.680314 222.673782  59.843786 113.020836   0.000000   0.000000 113.020836  32.452113 286.596533 282.157301   0.196895   0.196442 286.841463   0.198483
   376 369.642235 295.498025 211.311301  54.356699 109.062176   0.000000   0.000000 109.062176  31.074628 286.393644 282.153144   0.196888   0.196429 286.761176   0.198481
   377 354.117607 295.298028 199.747154  48.750476 105.036775   0.000000   0.000000 105.036775  29.683496 286.185431 282.145477   0.196881   0.196417 286.674113   0.198479
   378 338.347475 295.080450 187.994769  43.031582 100.949101   0.000000   0.000000 100.949101  28.279678 285.972063 282.134321   0.196875   0.196404 286.580611   0.198477
   379 322.351141 294.845459 176.068707  37.207422  96.803538   0.000000   0.000000  96.803538  26.864195 285.753724 282.119704   0.196868   0.196393 286.480992   0.198475
   380 306.149532 294.593274 163.984812  31.286495  92.604345   0.000000   0.000000  92.604345  25.438141 285.530609 282.101653   0.196861   0.196382 286.375570   0.198473
   381 289.765438 294.324174 151.760406  25.278611  88.355566   0.000000   0.000000  88.355566  24.002695 285.302934 282.080202   0.196854   0.196371 286.264655   0.198471
   382 273.223800 294.038505 139.414515  19.195208  84.060876   0.000000   0.000000  84.060876  22.559127 285.070930 282.055385   0.196847   0.196361 286.148556   0.198469
   383 256.552056 293.736691 126.968154  13.049867  79.723267   0.000000   0.000000  79.723267  21.108813 284.834848 282.027244   0.196840   0.196352 286.027585   0.198467
   384 239.780567 293.419255 114.444688   6.859234  75.344348   0.000000   0.000000  75.344348  19.653227 284.594953 281.995822   0.196833   0.196342 285.902058   0.198465
   385 222.943134 293.086842 101.870292   0.645113  70.922427   0.000000   0.000000  70.922427  18.193916 284.351510 281.961167   0.196826   0.196334 285.772299   0.198464
   386 206.077638 292.740283  89.274594  -5.557986  66.443311   0.000000   0.000000  66.443311  16.732396 284.104729 281.923329   0.196819   0.196326 285.486969   0.198462
   387 189.226822 292.286670  76.600472  -7.924164  47.898045   0.000000   0.000000  47.898045  15.269797 284.009204 281.886984   0.196812   0.196320 285.422500   0.198460
   388 172.439271 291.887514  63.264893  -8.945801  45.610051   0.000000   0.000000  45.610051  14.855538 283.724153 281.846157   0.196805   0.196315 285.219975   0.198459
   389 155.770621 291.438282  50.928576 -12.936564  38.497622   0.000000   0.000000  38.497622  13.145973 283.442122 281.801229   0.196798   0.196310 285.035596   0.198458
   390 139.285079 290.850719  38.585118 -16.554461  33.589603   0.000000   0.000000  33.589603  11.486254 283.113451 281.751050   0.196791   0.196306 284.805289   0.198456
   391 123.057315 290.106689  26.524776 -20.076615  28.370708   0.000000   0.000000  28.370708   9.536807 282.751062 281.694962   0.196784   0.196303 284.547581   0.198455
   392 107.174822 289.258121  14.801241 -23.775582  23.527382   0.000000   0.000000  23.527382   7.392701 282.363156 281.632603   0.196777   0.196300 284.262587   0.198454
   393  91.740849 288.262846   3.413677 -27.143468  18.880495   0.000000   0.000000  18.880495   5.113869 281.946681 281.563544   0.196770   0.196298 283.949743   0.198452
   394  76.877972 287.158378  -7.489966 -30.484301  14.525300   0.000000   0.000000  14.525300   2.681962 281.509275 281.487610   0.196763   0.196296 283.614142   0.198451
   395  62.732318 285.930723 -17.845687 -33.595020  10.536941   0.000000   0.000000  10.536941   0.151653 281.051722 281.404658   0.196756   0.196295 283.256761   0.198450
   396  49.478223 284.597023 -27.502631 -36.583213   6.989605   0.000000   0.000000   6.989605  -2.470550 280.580238 281.314728   0.196750   0.196294 282.882358   0.198449
   397  37.322556 283.158654 -36.325576 -39.372708   3.990551   0.000000   0.000000   3.990551  -5.141431 280.098922 281.217970   0.196743   0.196293 282.494022   0.198448
   398  26.506668 281.629008 -44.129252 -41.998128   1.643491   0.000000   0.000000   1.643491  -7.833339 279.615329 281.114736   0.196736   0.196293 282.097239   0.198447
   399  17.301029 280.012440 -50.730090 -44.401416   0.057438   0.000000   0.000000   0.057438 -10.495846 279.137266 281.005568   0.196729   0.196293 281.698069   0.198446
   400   9.981604 278.326854 -55.927425 -46.596205  -0.724081  -0.000000  -0.000000  -0.724081 -13.078114 278.678858 280.891375   0.196722   0.196293 281.306473   0.198445
   401   4.766434 276.579874 -59.606229 -48.468122  -0.812129  -0.000000  -0.000000  -0.812129 -15.487619 278.258301 280.773521   0.196716   0.196293 280.935425   0.198445
   402   1.681876 274.795984 -61.806483 -49.945912  -0.545313  -0.000000  -0.000000  -0.545313 -17.606534 277.900586 280.653990   0.196709   0.196293 280.602559   0.198444
   403   0.368355 272.998528 -62.908693 -50.850756  -0.316709  -0.000000  -0.000000  -0.316709 -19.273829 277.617874 280.534951   0.196702   0.196293 280.317012   0.198443
   404   0.049169 271.227572 -63.549140 -51.125453  -0.257113  -0.000000  -0.000000  -0.257113 -20.419543 277.394448 280.417910   0.196696   0.196293 280.070112   0.198442
   405   0.000000 269.523601 -64.190955 -50.909718  -0.261163  -0.000000  -0.000000  -0.261163 -21.164234 277.199844 280.303340   0.196689   0.196293 279.844424   0.198442
   406   0.000000 267.918011 -64.835566 -50.509410  -0.276784  -0.000000  -0.000000  -0.276784 -21.724477 277.019894 280.191274   0.196682   0.196293 279.633186   0.198441
   407   0.000000 266.416859 -65.449321 -50.088906  -0.290039  -0.000000  -0.000000  -0.290039 -22.199662 276.850668 280.081649   0.196676   0.196294 279.434632   0.198440
   408   0.000000 265.012662 -66.020726 -49.693555  -0.301538  -0.000000  -0.000000  -0.301538 -22.616867 276.691344 279.974408   0.196669   0.196294 279.247918   0.198439
   409   0.000000 263.694616 -66.556150 -49.319712  -0.311466  -0.000000  -0.000000  -0.311466 -22.981450 276.541006 279.869492   0.196663   0.196294 279.071851   0.198439
   410   0.000000 262.453230 -67.060305 -48.962012  -0.320004  -0.000000  -0.000000  -0.320004 -23.299400 276.398662 279.766836   0.196656   0.196294 278.905241   0.198438
   411   0.000000 261.280752 -67.535889 -48.617902  -0.327333  -0.000000  -0.000000  -0.327333 -23.577218 276.263420 279.666371   0.196650   0.196294 278.747065   0.198437
   412   0.000000 260.170143 -67.985419 -48.284810  -0.333609  -0.000000  -0.000000  -0.333609 -23.820658 276.134467 279.568023   0.196643   0.196294 278.596399   0.198437
   413   0.000000 259.115813 -68.410411 -47.962457  -0.338969  -0.000000  -0.000000  -0.338969 -24.034891 276.011157 279.471717   0.196637   0.196294 278.452500   0.198436
   414   0.000000 258.112179 -68.813166 -47.648048  -0.343522  -0.000000  -0.000000  -0.343522 -24.223918 275.892857 279.377378   0.196630   0.196294 278.314642   0.198436
   415   0.000000 257.155220 -69.194557 -47.342438  -0.347370  -0.000000  -0.000000  -0.347370 -24.391646 275.779108 279.284933   0.196624   0.196294 278.182294   0.198435
   416   0.000000 256.240396 -69.556774 -47.042585  -0.350587  -0.000000  -0.000000  -0.350587 -24.540776 275.669409 279.194309   0.196617   0.196294 278.054877   0.198434
   417   0.000000 255.364964 -69.900095 -46.750550  -0.353253  -0.000000  -0.000000  -0.353253 -24.674298 275.563453 279.105436   0.196611   0.196294 277.932037   0.198434
   418   0.000000 254.525059 -70.226790 -46.462606  -0.355416  -0.000000  -0.000000  -0.355416 -24.793877 275.460830 279.018245   0.196605   0.196294 277.813288   0.198433
   419   0.000000 253.719022 -70.536518 -46.182237  -0.357143  -0.000000  -0.000000  -0.357143 -24.901906 275.361360 278.932674   0.196598   0.196294 277.698425   0.198433
   420   0.000000 252.943318 -70.831830 -45.904370  -0.358460  -0.000000  -0.000000  -0.358460 -24.999200 275.264676 278.848658   0.196592   0.196294 277.587007   0.198432
   421   0.000000 252.197236 -71.111692 -45.634252  -0.359428  -0.000000  -0.000000  -0.359428 -25.087877 275.170706 278.766143   0.196586   0.196294 277.478951   0.198431
   422   0.000000 251.477242 -71.379153 -45.364652  -0.360057  -0.000000  -0.000000  -0.360057 -25.168057 275.079082 278.685068   0.196580   0.196294 277.373812   0.198431
   423   0.000000 250.783480 -71.632354 -45.103039  -0.360406  -0.000000  -0.000000  -0.360406 -25.241897 274.989819 278.605383   0.196573   0.196294 277.271610   0.198430
   424   0.000000 250.112101 -71.875060 -44.839092  -0.360468  -0.000000  -0.000000  -0.360468 -25.308945 274.902502 278.527033   0.196567   0.196294 277.171838   0.198430
   425   0.000000 249.464050 -72.104430 -44.583059  -0.360150  -0.000000  -0.000000  -0.360150 -25.371713 274.817212 278.449971   0.196561   0.196294 277.074604   0.198429
   426   0.000000 248.834872 -72.325129 -44.320624  -0.359457  -0.000000  -0.000000  -0.359457 -25.429308 274.733442 278.374141   0.196555   0.196294 276.979290   0.198429
   427   0.000000 248.226278 -72.533155 -44.065493  -0.358604  -0.000000  -0.000000  -0.358604 -25.484895 274.651341 278.299500   0.196549   0.196294 276.886087   0.198428
   428   0.000000 247.632958 -72.734326 -43.798334  -0.357548  -0.000000  -0.000000  -0.357548 -25.537108 274.570275 278.225988   0.196543   0.196294 276.794228   0.198428
   429   0.000000 247.057413 -72.923300 -43.537236  -0.356375  -0.000000  -0.000000  -0.356375 -25.589987 274.490452 278.153559   0.196537   0.196294 276.703991   0.198427
   430   0.000000 246.493367 -73.107104 -43.257925  -0.355020  -0.000000  -0.000000  -0.355020 -25.641747 274.411105 278.082150   0.196531   0.196294 276.614458   0.198426
   431   0.000000 245.944206 -73.278947 -42.984118  -0.353583  -0.000000  -0.000000  -0.353583 -25.697315 274.332541 278.011712   0.196524   0.196295 276.526041   0.198426
   432   0.000000 245.402783 -73.447155 -42.687206  -0.351976  -0.000000  -0.000000  -0.351976 -25.754196 274.253909 277.942175   0.196518   0.196295 276.437723   0.198425
   433   0.000000 244.873581 -73.603506 -42.419014  -0.350311  -0.000000  -0.000000  -0.350311 -25.817866 274.176345 277.873512   0.196512   0.196295 276.350682   0.198425
   434   0.000000 244.347654 -73.761832 -42.123171  -0.348419  -0.000000  -0.000000  -0.348419 -25.880167 274.098667 277.805659   0.196507   0.196295 276.263567   0.198424
   435   0.000000 243.831907 -73.910065 -41.843717  -0.346459  -0.000000  -0.000000  -0.346459 -25.948948 274.021595 277.738584   0.196501   0.196295 276.177333   0.198424
   436   0.000000 243.318412 -74.059153 -41.542805  -0.344298  -0.000000  -0.000000  -0.344298 -26.018928 273.944267 277.672229   0.196495   0.196295 276.090921   0.198423
   437   0.000000 242.814600 -74.197989 -41.263503  -0.342076  -0.000000  -0.000000  -0.342076 -26.095732 273.867595 277.606567   0.196489   0.196295 276.005428   0.198423
   438   0.000000 242.312074 -74.338834 -40.962024  -0.339644  -0.000000  -0.000000  -0.339644 -26.172808 273.790662 277.541550   0.196483   0.196295 275.919729   0.198422
   439   0.000000 241.818433 -74.470174 -40.683751  -0.337145  -0.000000  -0.000000  -0.337145 -26.256216 273.714408 277.477157   0.196477   0.196295 275.834962   0.198422
   440   0.000000 241.326826 -74.602897 -40.389364  -0.334446  -0.000000  -0.000000  -0.334446 -26.339244 273.638116 277.413350   0.196471   0.196295 275.750178   0.198421
   441   0.000000 240.841487 -74.729658 -40.106414  -0.331638  -0.000000  -0.000000  -0.331638 -26.426640 273.562235 277.350107   0.196465   0.196295 275.666089   0.198421
   442   0.000000 240.362430 -74.852463 -39.834024  -0.328705  -0.000000  -0.000000  -0.328705 -26.515108 273.487046 277.287416   0.196459   0.196295 275.582666   0.198420
   443   0.000000 239.883787 -74.978268 -39.536214  -0.325547  -0.000000  -0.000000  -0.325547 -26.602584 273.411514 277.225232   0.196454   0.196295 275.499244   0.198420
   444   0.000000 239.420273 -75.088129 -39.305268  -0.322430  -0.000000  -0.000000  -0.322430 -26.696029 273.338072 277.163591   0.196448   0.196295 275.417857   0.198419
   445   0.000000 238.947952 -75.216208 -38.983653  -0.318891  -0.000000  -0.000000  -0.318891 -26.778629 273.263058 277.102410   0.196442   0.196295 275.335269   0.198419
   446   0.000000 238.503368 -75.310590 -38.809274  -0.315643  -0.000000  -0.000000  -0.315643 -26.875464 273.192016 277.041785   0.196437   0.196295 275.256661   0.198418
   447   0.000000 238.038834 -75.442414 -38.462175  -0.311724  -0.000000  -0.000000  -0.311724 -26.948382 273.117985 276.981589   0.196431   0.196295 275.175294   0.198418
   448   0.000000 237.616157 -75.520493 -38.347648  -0.309105  -0.000000  -0.000000  -0.309105 -27.045223 273.049840 276.921975   0.196425   0.196295 275.100103   0.198417
   449   0.000000 237.162564 -75.655184 -37.982731  -0.305248  -0.000000  -0.000000  -0.305248 -27.104946 272.977422 276.862777   0.196419   0.196295 275.020657   0.198417
   450   0.000000 236.764343 -75.717274 -37.930116  -0.302260  -0.000000  -0.000000  -0.302260 -27.197485 272.912712 276.804202   0.196414   0.196295 274.949552   0.198416
   451   0.000000 236.325106 -75.853876 -37.557082  -0.298064  -0.000000  -0.000000  -0.298064 -27.240429 272.842670 276.746047   0.196408   0.196295 274.872745   0.198416
   452   0.000000 235.953446 -75.901307 -37.560581  -0.295009  -0.000000  -0.000000  -0.295009 -27.323640 272.781796 276.688565   0.196403   0.196295 274.806226   0.198416
   453   0.000000 235.531698 -76.038499 -37.187747  -0.290553  -0.000000  -0.000000  -0.290553 -27.347380 272.714742 276.631521   0.196397   0.196295 274.732679   0.198415
   454   0.000000 235.188240 -76.072356 -37.243168  -0.287484  -0.000000  -0.000000  -0.287484 -27.417449 272.658036 276.575200   0.196392   0.196295 274.671118   0.198415
   455   0.000000 234.786033 -76.209559 -36.873272  -0.282841  -0.000000  -0.000000  -0.282841 -27.420149 272.594342 276.519341   0.196386   0.196295 274.601208   0.198414
   456   0.000000 234.471621 -76.230623 -36.976976  -0.279815  -0.000000  -0.000000  -0.279815 -27.474993 272.541970 276.464257   0.196380   0.196295 274.544775   0.198414
   457   0.000000 234.089887 -76.367603 -36.609315  -0.275051  -0.000000  -0.000000  -0.275051 -27.456008 272.481766 276.409655   0.196375   0.196296 274.478639   0.198413
   458   0.000000 233.804517 -76.376388 -36.758416  -0.272124  -0.000000  -0.000000  -0.272124 -27.495225 272.433729 276.355874   0.196370   0.196296 274.427309   0.198413
   459   0.000000 233.443207 -76.513129 -36.390390  -0.267295  -0.000000  -0.000000  -0.267295 -27.455012 272.376952 276.302590   0.196364   0.196296 274.364890   0.198412
   460   0.000000 233.186215 -76.509941 -36.583107  -0.264515  -0.000000  -0.000000  -0.264515 -27.479463 272.333138 276.250164   0.196359   0.196296 274.318513   0.198412
   461   0.000000 232.844570 -76.646614 -36.211259  -0.259665  -0.000000  -0.000000  -0.259665 -27.419183 272.279605 276.198242   0.196353   0.196296 274.259630   0.198411
   462   0.000000 232.614879 -76.631629 -36.446851  -0.257072  -0.000000  -0.000000  -0.257072 -27.430462 272.239839 276.147210   0.196348   0.196296 274.217982   0.198411
   463   0.000000 232.291719 -76.768548 -36.067562  -0.252232  -0.000000  -0.000000  -0.252232 -27.351598 272.189310 276.096679   0.196342   0.196296 274.162392   0.198410
   464   0.000000 232.088040 -76.741904 -36.345898  -0.249857  -0.000000  -0.000000  -0.249857 -27.351583 272.153391 276.047062   0.196337   0.196296 274.125228   0.198410
   465   0.000000 231.781997 -76.879456 -35.955853  -0.245051  -0.000000  -0.000000  -0.245051 -27.255697 272.105615 275.997938   0.196332   0.196296 274.072667   0.198410
   466   0.000000 231.602959 -76.841320 -36.276972  -0.242916  -0.000000  -0.000000  -0.242916 -27.246261 272.073337 275.949746   0.196326   0.196296 274.039734   0.198409
   467   0.000000 231.312630 -76.979906 -35.873378  -0.238159  -0.000000  -0.000000  -0.238159 -27.134868 272.028069 275.902031   0.196321   0.196296 273.989943   0.198409
   468   0.000000 231.156857 -76.930500 -36.237228  -0.236280  -0.000000  -0.000000  -0.236280 -27.117734 271.999229 275.855264   0.196316   0.196296 273.960998   0.198408
   469   0.000000 230.880885 -77.070499 -35.810879  -0.231583  -0.000000  -0.000000  -0.231583 -26.992247 271.956046 275.808947   0.196311   0.196296 273.913560   0.198408
   470   0.000000 230.747382 -77.008880 -36.211217  -0.229982  -0.000000  -0.000000  -0.229982 -26.970304 271.930149 275.763580   0.196305   0.196296 273.888116   0.198407
   471   0.000000 230.484795 -77.149018 -35.766968  -0.225367  -0.000000  -0.000000  -0.225367 -26.834014 271.888835 275.718634   0.196300   0.196296 273.842776   0.198407
   472   0.000000 230.371581 -77.076124 -36.204559  -0.224036  -0.000000  -0.000000  -0.224036 -26.808594 271.865712 275.674639   0.196295   0.196296 273.820581   0.198406
   473   0.000000 230.120454 -77.217496 -35.739500  -0.219490  -0.000000  -0.000000  -0.219490 -26.662489 271.826025 275.631034   0.196290   0.196296 273.777055   0.198406
   474   0.000000 230.025649 -77.134065 -36.213129  -0.218418  -0.000000  -0.000000  -0.218418 -26.635059 271.805437 275.588378   0.196285   0.196296 273.757824   0.198406
   475   0.000000 229.784500 -77.277021 -35.727432  -0.213938  -0.000000  -0.000000  -0.213938 -26.480588 271.767185 275.546077   0.196279   0.196296 273.715889   0.198405
   476   0.000000 229.706349 -77.183889 -36.235074  -0.213111  -0.000000  -0.000000  -0.213111 -26.452245 271.748901 275.504720   0.196274   0.196296 273.699355   0.198405
   477   0.000000 229.473882 -77.328658 -35.729266  -0.208691  -0.000000  -0.000000  -0.208691 -26.290737 271.711913 275.463684   0.196269   0.196296 273.658814   0.198404
   478   0.000000 229.410732 -77.226659 -36.268625  -0.208094  -0.000000  -0.000000  -0.208094 -26.262394 271.695716 275.423585   0.196264   0.196296 273.644721   0.198404
   479   0.000000 229.185790 -77.373383 -35.743482  -0.203727  -0.000000  -0.000000  -0.203727 -26.095085 271.659838 275.383771   0.196259   0.196296 273.605394   0.198403
   480   0.000000 229.136067 -77.263351 -36.312055  -0.203344  -0.000000  -0.000000  -0.203344 -26.067527 271.645516 275.344885   0.196254   0.196296 273.593496   0.198403
   481   0.000000 228.917602 -77.412100 -35.768552  -0.199025  -0.000000  -0.000000  -0.199025 -25.895585 271.610606 275.306248   0.196249   0.196296 273.555219   0.198402
   482   0.000000 228.879796 -77.294864 -36.363697  -0.198836  -0.000000  -0.000000  -0.198836 -25.869493 271.597952 275.268528   0.196244   0.196296 273.545275   0.198402
   483   0.000000 228.666854 -77.445644 -35.802966  -0.194559  -0.000000  -0.000000  -0.194559 -25.694032 271.563877 275.231021   0.196239   0.196296 273.507895   0.198402
   484   0.000000 228.639512 -77.322018 -36.421953  -0.194544  -0.000000  -0.000000  -0.194544 -25.670005 271.552692 275.194418   0.196234   0.196296 273.499674   0.198401
   485   0.000000 228.431220 -77.474784 -35.845252  -0.190302  -0.000000  -0.000000  -0.190302 -25.492088 271.519329 275.157994   0.196229   0.196296 273.463050   0.198401
   486   0.000000 228.412948 -77.345570 -36.485316  -0.190442  -0.000000  -0.000000  -0.190442 -25.470652 271.509417 275.122458   0.196224   0.196296 273.456323   0.198400
   487   0.000000 228.208507 -77.500232 -35.893990  -0.186228  -0.000000  -0.000000  -0.186228 -25.291289 271.476651 275.087066   0.196219   0.196296 273.420323   0.198400
   488   0.000000 228.197973 -77.366208 -36.552381  -0.186503  -0.000000  -0.000000  -0.186503 -25.272908 271.467825 275.052546   0.196214   0.196296 273.414874   0.198399
   489   0.000000 227.996654 -77.522643 -35.947832  -0.182310  -0.000000  -0.000000  -0.182310 -25.093050 271.435547 275.018136   0.196209   0.196296 273.379377   0.198399
   490   0.000000 227.992592 -77.384555 -36.621864  -0.182699  -0.000000  -0.000000  -0.182699 -25.078124 271.427629 274.984580   0.196205   0.196296 273.374998   0.198399
   491   0.000000 227.793728 -77.542618 -36.005517  -0.178521  -0.000000  -0.000000  -0.178521 -24.898659 271.395739 274.951101   0.196200   0.196296 273.339891   0.198398
   492   0.000000 227.794949 -77.401177 -36.692610  -0.179004  -0.000000  -0.000000  -0.179004 -24.887531 271.388559 274.918456   0.196195   0.196296 273.336384   0.198398
   493   0.000000 227.597938 -77.560706 -36.065882  -0.174834  -0.000000  -0.000000  -0.174834 -24.709275 271.356966 274.885856   0.196190   0.196296 273.301565   0.198397
   494   0.000000 227.603332 -77.416579 -36.763605  -0.175392  -0.000000  -0.000000  -0.175392 -24.702229 271.350367 274.854069   0.196185   0.196296 273.298746   0.198397
   495   0.000000 227.407632 -77.577402 -36.127876  -0.171224  -0.000000  -0.000000  -0.171224 -24.525919 271.318986 274.822298   0.196181   0.196297 273.264123   0.198396
   496   0.000000 227.416178 -77.431210 -36.833978  -0.171839  -0.000000  -0.000000  -0.171839 -24.523184 271.312822 274.791318   0.196176   0.196297 273.261823   0.198396
   497   0.000000 227.221305 -77.593155 -36.190571  -0.167666  -0.000000  -0.000000  -0.167666 -24.349471 271.281577 274.760323   0.196171   0.196297 273.227311   0.198396
   498   0.000000 227.232073 -77.445463 -36.903006  -0.168321  -0.000000  -0.000000  -0.168321 -24.351221 271.275717 274.730098   0.196166   0.196297 273.225376   0.198395
   499   0.000000 227.037603 -77.608363 -36.253165  -0.164137  -0.000000  -0.000000  -0.164137 -24.180666 271.244542 274.699831   0.196162   0.196297 273.190903   0.198395
   500   0.000000 227.049761 -77.459685 -36.970114  -0.164816  -0.000000  -0.000000  -0.164816 -24.187020 271.238868 274.670311   0.196157   0.196297 273.189195   0.198394
   501   0.000000 226.855325 -77.623379 -36.314988  -0.160617  -0.000000  -0.000000  -0.160617 -24.020095 271.207704 274.640721   0.196152   0.196297 273.154697   0.198394
   502   0.000000 226.868139 -77.474169 -37.034869  -0.161305  -0.000000  -0.000000  -0.161305 -24.031119 271.202114 274.611857   0.196148   0.196297 273.153095   0.198394
   503   0.000000 226.673423 -77.638512 -36.375502  -0.157085  -0.000000  -0.000000  -0.157085 -23.868199 271.170911 274.582899   0.196143   0.196297 273.118520   0.198393
   504   0.000000 226.686255 -77.489169 -37.096975  -0.157770  -0.000000  -0.000000  -0.157770 -23.883911 271.165316 274.554642   0.196138   0.196297 273.116921   0.198393
   505   0.000000 226.490999 -77.654026 -36.427489  -0.153525  -0.000000  -0.000000  -0.153525 -23.725282 271.133844 274.526264   0.196134   0.196297 273.082072   0.198392
   506   0.000000 226.503642 -77.503741 -37.143141  -0.154206  -0.000000  -0.000000  -0.154206 -23.746939 271.127879 274.498557   0.196129   0.196297 273.080162   0.198392
   507   0.000000 226.307994 -77.667364 -36.470719  -0.149944  -0.000000  -0.000000  -0.149944 -23.594748 271.096075 274.470701   0.196124   0.196297 273.044978   0.198391
   508   0.000000 226.319490 -77.516796 -37.180748  -0.150602  -0.000000  -0.000000  -0.150602 -23.622384 271.089687 274.443490   0.196120   0.196297 273.042643   0.198391
   509   0.000000 226.122758 -77.679630 -36.504878  -0.146307  -0.000000  -0.000000  -0.146307 -23.476616 271.057475 274.416103   0.196115   0.196297 273.007023   0.198391
   510   0.000000 226.132251 -77.529274 -37.207636  -0.146923  -0.000000  -0.000000  -0.146923 -23.510393 271.050551 274.389332   0.196111   0.196297 273.004127   0.198390
   511   0.000000 225.934058 -77.691186 -36.529998  -0.142588  -0.000000  -0.000000  -0.142588 -23.371468 271.017880 274.362362   0.196106   0.196297 272.968011   0.198390
   512   0.000000 225.940822 -77.541529 -37.223565  -0.143145  -0.000000  -0.000000  -0.143145 -23.411373 271.010318 274.335979   0.196102   0.196297 272.964434   0.198389
   513   0.000000 225.740882 -77.702359 -36.545704  -0.138762  -0.000000  -0.000000  -0.138762 -23.279629 270.977146 274.309375   0.196097   0.196297 272.927777   0.198389
   514   0.000000 225.744299 -77.553821 -37.228350  -0.139246  -0.000000  -0.000000  -0.139246 -23.325604 270.968860 274.283332   0.196093   0.196297 272.923414   0.198389
   515   0.000000 225.542383 -77.713410 -36.551661  -0.134809  -0.000000  -0.000000  -0.134809 -23.201302 270.935152 274.257046   0.196088   0.196297 272.886177   0.198388
   516   0.000000 225.541924 -77.566353 -37.221852  -0.135206  -0.000000  -0.000000  -0.135206 -23.253256 270.926065 274.231292   0.196084   0.196297 272.880939   0.198388
   517   0.000000 225.337847 -77.724553 -36.547584  -0.130710  -0.000000  -0.000000  -0.130710 -23.136591 270.891791 274.205278   0.196080   0.196297 272.843090   0.198387
   518   0.000000 225.333056 -77.579292 -37.203981  -0.131007  -0.000000  -0.000000  -0.131007 -23.194407 270.881838 274.179769   0.196075   0.196297 272.836899   0.198387
   519   0.000000 225.126668 -77.735966 -36.533257  -0.126445  -0.000000  -0.000000  -0.126445 -23.085515 270.846974 274.153982   0.196071   0.196297 272.798413   0.198386
   520   0.000000 225.117159 -77.592774 -37.174704  -0.126633  -0.000000  -0.000000  -0.126633 -23.149056 270.836099 274.128673   0.196067   0.196297 272.791202   0.198386
   521   0.000000 224.908341 -77.747799 -36.508524  -0.122000  -0.000000  -0.000000  -0.122000 -23.048021 270.800624 274.103071   0.196062   0.196297 272.752058   0.198386
   522   0.000000 224.893785 -77.606912 -37.134036  -0.122067  -0.000000  -0.000000  -0.122067 -23.117132 270.788781 274.077923   0.196058   0.196297 272.743772   0.198385
   523   0.000000 224.682446 -77.760177 -36.473293  -0.117357  -0.000000  -0.000000  -0.117357 -23.023992 270.752679 274.052466   0.196054   0.196297 272.703953   0.198385
   524   0.000000 224.662569 -77.621797 -37.082037  -0.117295  -0.000000  -0.000000  -0.117295 -23.098505 270.739829 274.027437   0.196049   0.196297 272.694545   0.198384
   525   0.000000 224.448641 -77.773203 -36.427524  -0.112503  -0.000000  -0.000000  -0.112503 -23.013257 270.703089 274.002088   0.196045   0.196297 272.654041   0.198384
   526   0.000000 224.423214 -77.637507 -37.018804  -0.112302  -0.000000  -0.000000  -0.112302 -23.092992 270.689199 273.977142   0.196041   0.196297 272.643471   0.198384
   527   0.000000 224.206650 -77.786966 -36.371224  -0.107422  -0.000000  -0.000000  -0.107422 -23.015599 270.651813 273.951865   0.196036   0.196297 272.602273   0.198383
   528   0.000000 224.175487 -77.654102 -36.944465  -0.107074  -0.000000  -0.000000  -0.107074 -23.100365 270.636859 273.926967   0.196032   0.196297 272.590510   0.198383
   529   0.000000 223.956260 -77.801537 -36.304443  -0.102103  -0.000000  -0.000000  -0.102103 -23.030763 270.598819 273.901729   0.196028   0.196297 272.548615   0.198382
   530   0.000000 223.919211 -77.671634 -36.859177  -0.101600  -0.000000  -0.000000  -0.101600 -23.120364 270.582781 273.876847   0.196024   0.196297 272.535634   0.198382
   531   0.000000 223.697309 -77.816976 -36.227263  -0.096531  -0.000000  -0.000000  -0.096531 -23.058463 270.544087 273.851615   0.196020   0.196297 272.493039   0.198382
   532   0.000000 223.654253 -77.690146 -36.763115  -0.095867  -0.000000  -0.000000  -0.095867 -23.152698 270.526949 273.826719   0.196015   0.196297 272.478820   0.198381
   533   0.000000 223.429678 -77.833333 -36.139796  -0.090695  -0.000000  -0.000000  -0.090695 -23.098390 270.487599 273.801464   0.196011   0.196297 272.435526   0.198381
   534   0.000000 223.380524 -77.709670 -36.656474  -0.089862  -0.000000  -0.000000  -0.089862 -23.197056 270.469350 273.776524   0.196007   0.196297 272.420054   0.198380
   535   0.000000 223.153290 -77.850649 -36.042180  -0.084583  -0.000000  -0.000000  -0.084583 -23.150219 270.429347 273.751220   0.196003   0.196297 272.376064   0.198380
   536   0.000000 223.097966 -77.730236 -36.539460  -0.083574  -0.000000  -0.000000  -0.083574 -23.253112 270.409980 273.726210   0.195999   0.196297 272.359328   0.198380
   537   0.000000 222.868097 -77.868958 -35.934569  -0.078183  -0.000000  -0.000000  -0.078183 -23.213611 270.369327 273.700831   0.195995   0.196297 272.314648   0.198379
   538   0.000000 222.806554 -77.751866 -36.412290  -0.076992  -0.000000  -0.000000  -0.076992 -23.320527 270.348837 273.675725   0.195991   0.196297 272.296639   0.198379
   539   0.000000 222.574082 -77.888287 -35.817136  -0.071483  -0.000000  -0.000000  -0.071483 -23.288221 270.307538 273.650247   0.195987   0.196297 272.251274   0.198378
   540   0.000000 222.506283 -77.774578 -36.275189  -0.070103  -0.000000  -0.000000  -0.070103 -23.398960 270.285923 273.625023   0.195983   0.196297 272.231989   0.198378
   541   0.000000 222.271247 -77.908661 -35.686058  -0.064473  -0.000000  -0.000000  -0.064473 -23.373701 270.243869 273.599419   0.195979   0.196297 272.185844   0.198378
   542   0.000000 222.197366 -77.797700 -36.120932  -0.062903  -0.000000  -0.000000  -0.062903 -23.488849 270.220957 273.574047   0.195974   0.196297 272.165125   0.198377
   543   0.000000 221.959962 -77.928514 -35.541871  -0.057151  -0.000000  -0.000000  -0.057151 -23.471635 270.178143 273.548290   0.195970   0.196297 272.118183   0.198377
   544   0.000000 221.879541 -77.820729 -35.953974  -0.055374  -0.000000  -0.000000  -0.055374 -23.591032 270.153930 273.522743   0.195966   0.196297 272.095995   0.198376
   545   0.000000 221.639385 -77.948647 -35.384397  -0.049484  -0.000000  -0.000000  -0.049484 -23.581690 270.110323 273.496805   0.195962   0.196297 272.048213   0.198376
   546   0.000000 221.552030 -77.844286 -35.773529  -0.047484  -0.000000  -0.000000  -0.047484 -23.705376 270.084770 273.471055   0.195959   0.196297 272.024507   0.198376
   547   0.000000 221.308951 -77.969314 -35.214367  -0.041444  -0.000000  -0.000000  -0.041444 -23.703992 270.040362 273.444910   0.195955   0.196297 271.975872   0.198375
   548   0.000000 221.214349 -77.868655 -35.580135  -0.039205  -0.000000  -0.000000  -0.039205 -23.831839 270.013443 273.418932   0.195951   0.196297 271.950613   0.198375
   549   0.000000 220.968243 -77.990788 -35.032197  -0.033006  -0.000000  -0.000000  -0.033006 -23.838420 269.968233 273.392555   0.195947   0.196297 271.901123   0.198374
   550   0.000000 220.866157 -77.894074 -35.374335  -0.030515  -0.000000  -0.000000  -0.030515 -23.970254 269.939932 273.366324   0.195943   0.196297 271.874285   0.198374
   551   0.000000 220.616968 -78.013306 -34.838284  -0.024147  -0.000000  -0.000000  -0.024147 -23.984747 269.893926 273.339693   0.195939   0.196297 271.823945   0.198374
   552   0.000000 220.507219 -77.920743 -35.156663  -0.021390  -0.000000  -0.000000  -0.021390 -24.120366 269.864232 273.313186   0.195935   0.196297 271.795513   0.198373
   553   0.000000 220.254922 -78.037072 -34.633032  -0.014845  -0.000000  -0.000000  -0.014845 -24.142677 269.817440 273.286278   0.195931   0.196297 271.744330   0.198373
   554   0.000000 220.137381 -77.948837 -34.927654  -0.011811  -0.000000  -0.000000  -0.011811 -24.281867 269.786352 273.259476   0.195927   0.196297 271.714296   0.198372
   555   0.000000 219.881977 -78.062266 -34.416861  -0.005079  -0.000000  -0.000000  -0.005079 -24.311863 269.738786 273.232272   0.195923   0.196297 271.662283   0.198372
   556   0.000000 219.756558 -77.978504 -34.687850  -0.001757  -0.000000  -0.000000  -0.001757 -24.454402 269.706308 273.205154   0.195920   0.196297 271.630646   0.198372
   557   0.000000 219.498071 -78.089042 -34.190214   0.005169  -0.000000  -0.000000   0.005169 -24.491924 269.657981 273.177636   0.195916   0.196297 271.577819   0.198371
   558   0.000000 219.364727 -78.009871 -34.437813   0.008792  -0.000000  -0.000000   0.008792 -24.637583 269.624122 273.150186   0.195912   0.196297 271.544584   0.198371
   559   0.000000 219.103194 -78.117534 -33.953565   0.015919  -0.000000  -0.000000   0.015919 -24.682444 269.575053 273.122337   0.195908   0.196297 271.490960   0.198370
   560   0.000000 218.961915 -78.043050 -34.178123   0.019851  -0.000000  -0.000000   0.019851 -24.830990 269.539828 273.094539   0.195904   0.196297 271.456139   0.198370
   561   0.000000 218.697394 -78.147862 -33.707419   0.027188  -0.000000  -0.000000   0.027188 -24.882979 269.490035 273.066345   0.195901   0.196297 271.401739   0.198370
   562   0.000000 218.548203 -78.078137 -33.909386   0.031440  -0.000000  -0.000000   0.031440 -25.034172 269.453463 273.038186   0.195897   0.196297 271.365351   0.198369
   563   0.000000 218.280764 -78.180128 -33.452317   0.038994  -0.000000  -0.000000   0.038994 -25.093055 269.402970 273.009634   0.195893   0.196297 271.310199   0.198369
   564   0.039444 218.123719 -78.083658 -33.632236   0.045918  -0.000000  -0.000000   0.045918 -25.246651 269.365942 272.981127   0.195890   0.196297 271.272748   0.198368
   565   0.299562 217.853446 -77.978495 -33.173891   0.072269  -0.000000  -0.000000   0.072269 -25.306295 269.320529 272.952403   0.195886   0.196297 271.220059   0.198368
   566   1.458094 217.689362 -77.015622 -33.235994   0.166380  -0.000000  -0.000000   0.166380 -25.423122 269.307297 272.924442   0.195882   0.196297 271.195054   0.198368
   567   4.317559 217.421774 -74.930756 -32.375118   0.424385  -0.000000  -0.000000   0.424385 -25.320011 269.320747 272.897964   0.195878   0.196297 271.174890   0.198367
   568   9.290054 217.275818 -71.152132 -31.469438   0.855048  -0.000000  -0.000000   0.855048 -25.040518 269.399196 272.874776   0.195875   0.196297 271.201406   0.198367
   569  16.382590 217.076755 -66.008462 -29.190606   1.475577  -0.000000  -0.000000   1.475577 -24.329060 269.522298 272.855907   0.195871   0.196297 271.246173   0.198366
   570  25.390383 217.063426 -59.344998 -26.714637   2.077430  -0.000000  -0.000000   2.077430 -23.335261 269.719441 272.843185   0.195868   0.196297 271.347142   0.198366
   571  36.039777 217.067075 -51.671970 -22.782341   2.642627  -0.000000  -0.000000   2.642627 -21.866212 269.960593 272.837382   0.195864   0.196296 271.470626   0.198366
   572  48.058016 217.324856 -42.849655 -18.817552   2.828564  -0.000000  -0.000000   2.828564 -20.137525 270.277917 272.840184   0.195860   0.196296 271.655823   0.198365
   573  61.200008 217.646558 -33.399831 -13.239153   2.744703  -0.000000  -0.000000   2.744703 -17.935865 270.630920 272.851926   0.195857   0.196296 271.861310   0.198365
   574  75.255042 218.282117 -23.075527  -7.948101   2.031775  -0.000000  -0.000000   2.031775 -15.547041 271.059337 272.874134   0.195853   0.196295 272.131600   0.198364
   575  90.045335 219.002731 -12.416796  -0.739474   1.025232  -0.000000  -0.000000   1.025232 -12.703580 271.506976 272.906532   0.195849   0.196295 272.414081   0.198364
   576 105.421836 220.086119  -1.030732   5.560280  -0.588723  -0.000000  -0.000000  -0.588723  -9.796893 272.026608 272.950483   0.195846   0.196295 272.796091   0.198364
