     0  98.251985 247.991806  -3.909329   1.132374  11.518251   0.000000   0.000000  11.518251   0.000000 276.270821 276.829168   0.199162   0.199166 277.224243   0.199161
     1 113.772216 248.459975  11.639162  -4.951198   8.540091   0.000000   0.000000   8.540091  -3.908429 276.786230 276.829004   0.199156   0.199165 277.570812   0.199156
     2 129.683878 248.085192  21.607421   0.082969  11.668772   0.000000   0.000000  11.668772  -0.299417 277.153119 276.839746   0.199150   0.199163 277.823847   0.199151
     3 145.892212 248.317149  33.084250   4.663954  14.203324   0.000000   0.000000  14.203324   2.193608 277.552543 276.861340   0.199145   0.199162 278.112198   0.199146
     4 162.316619 248.713252  44.733329  10.016677  16.863846   0.000000   0.000000  16.863846   4.838418 277.958895 276.893019   0.199139   0.199160 278.400866   0.199142
     5 178.888047 249.206423  56.553337  15.774469  19.735177   0.000000   0.000000  19.735177   7.461132 278.358939 276.933738   0.199133   0.199157 278.667530   0.199138
     6 195.546888 249.741273  68.505221  21.555130  22.498219   0.000000   0.000000  22.498219   9.976412 278.764440 276.982934   0.199128   0.199155 278.907463   0.199134
     7 212.241288 250.358069  80.530851  27.514596  25.532191   0.000000   0.000000  25.532191  12.470543 279.163975 277.039786   0.199122   0.199152 279.100871   0.199130
     8 228.925799 251.022678  92.615068  33.492392  28.694153   0.000000   0.000000  28.694153  14.869328 279.557359 277.103563   0.199117   0.199148 279.273625   0.199126
     9 245.560294 251.858907 104.847102  38.904858  32.002923   0.000000   0.000000  32.002923  17.176572 279.962354 277.174150   0.199111   0.199144 279.465592   0.199122
    10 262.109094 252.788133 117.036755  44.421237  35.578717   0.000000   0.000000  35.578717  19.517430 280.365648 277.251055   0.199105   0.199140 279.666970   0.199119
    11 278.540260 253.808191 129.220176  49.705834  39.323472   0.000000   0.000000  39.323472  21.802149 280.769633 277.333913   0.199100   0.199135 279.879747   0.199115
    12 294.825024 254.882241 141.327040  54.942080  43.247684   0.000000   0.000000  43.247684  24.050041 281.169331 277.422249   0.199094   0.199130 280.098402   0.199112
    13 310.937318 256.002954 153.353671  60.013280  47.306403   0.000000   0.000000  47.306403  26.229569 281.564908 277.515643   0.199089   0.199124 280.322337   0.199109
    14 326.853391 257.180325 165.290179  64.847070  51.498714   0.000000   0.000000  51.498714  28.344852 281.958037 277.613765   0.199083   0.199118 280.553691   0.199105
    15 342.551494 258.416796 177.113522  69.448085  55.839199   0.000000   0.000000  55.839199  30.409906 282.348983 277.716323   0.199078   0.199112 280.793088   0.199102
    16 358.011615 259.685880 188.780819  73.932924  60.327754   0.000000   0.000000  60.327754  32.428619 282.734179 277.822945   0.199072   0.199104 281.035989   0.199099
    17 373.215268 260.957227 200.265684  78.345008  64.921584   0.000000   0.000000  64.921584  34.378633 283.110194 277.933190   0.199067   0.199097 281.277240   0.199095
    18 388.145307 262.212509 211.554077  82.675592  69.575601   0.000000   0.000000  69.575601  36.239030 283.475213 278.046597   0.199061   0.199088 281.513822   0.199092
    19 402.785774 263.443984 222.635349  86.907895  74.260221   0.000000   0.000000  74.260221  38.000308 283.828572 278.162727   0.199055   0.199079 281.744557   0.199089
    20 417.121775 264.648520 233.498502  91.033648  78.957697   0.000000   0.000000  78.957697  39.660910 284.170049 278.281169   0.199050   0.199070 281.969044   0.199086
    21 431.139368 265.821898 244.130052  95.061634  83.654122   0.000000   0.000000  83.654122  41.222159 284.499263 278.401529   0.199044   0.199060 282.186680   0.199083
    22 444.825472 266.959700 254.517813  98.996382  88.332879   0.000000   0.000000  88.332879  42.684134 284.815886 278.523435   0.199039   0.199049 282.396823   0.199079
    23 458.167792 268.059620 264.652010 102.832444  92.978166   0.000000   0.000000  92.978166  44.047155 285.119878 278.646538   0.199033   0.199038 282.599187   0.199076
    24 476.381544 269.121019 278.705030 106.563451  97.680669   0.000000   0.000000  97.680669  45.313376 285.494859 278.773014   0.199027   0.199026 282.799585   0.199073
    25 489.031768 270.144247 287.901983 112.702690 103.542123   0.000000   0.000000 103.542123  47.052911 285.757827 278.899349   0.199022   0.199014 282.985350   0.199070
    26 501.303995 271.176732 297.373275 115.483777 107.775498   0.000000   0.000000 107.775498  48.009347 286.033975 279.026106   0.199016   0.199001 283.172942   0.199066
    27 513.188552 272.140263 306.395975 119.073922 112.338227   0.000000   0.000000 112.338227  49.055077 286.289806 279.152781   0.199010   0.198987 283.347458   0.199063
    28 524.676294 273.071875 315.171026 122.251498 116.672410   0.000000   0.000000 116.672410  49.959175 286.536581 279.279241   0.199005   0.198973 283.515708   0.199060
    29 535.758573 273.965280 323.627975 125.386716 120.954390   0.000000   0.000000 120.954390  50.801386 286.771613 279.405273   0.198999   0.198959 283.676545   0.199056
    30 546.427216 274.824293 331.778286 128.369396 125.128300   0.000000   0.000000 125.128300  51.564378 286.996062 279.530710   0.198993   0.198944 283.830708   0.199053
    31 556.674497 275.648931 339.610198 131.230176 129.204615   0.000000   0.000000 129.204615  52.257463 287.209872 279.655388   0.198987   0.198928 283.978249   0.199050
    32 566.493120 276.440253 347.119581 133.957552 133.170434   0.000000   0.000000 133.170434  52.881393 287.413359 279.779155   0.198981   0.198912 284.119412   0.199046
    33 575.876204 277.199214 354.300577 136.553376 137.018066   0.000000   0.000000 137.018066  53.439424 287.606765 279.901875   0.198975   0.198896 284.254420   0.199043
    34 584.817264 277.927059 361.148268 139.016403 140.738196   0.000000   0.000000 140.738196  53.934235 287.790384 280.023420   0.198969   0.198879 284.383540   0.199040
    35 593.310204 278.625141 367.657880 141.346603 144.323266   0.000000   0.000000 144.323266  54.368748 287.964493 280.143675   0.198963   0.198862 284.507052   0.199036
    36 601.349298 279.294870 373.825022 143.543331 147.767003   0.000000   0.000000 147.767003  54.745725 288.129360 280.262537   0.198957   0.198844 284.625237   0.199033
    37 608.929187 279.937634 379.645623 145.636186 151.077561   0.000000   0.000000 151.077561  55.067761 288.284421 280.379884   0.198951   0.198826 284.738472   0.199029
    38 616.044869 280.555445 385.120847 147.590334 154.232917   0.000000   0.000000 154.232917  55.331759 288.430231 280.495617   0.198945   0.198807 284.847132   0.199026
    39 622.691687 281.149324 390.245284 149.414272 157.235926   0.000000   0.000000 157.235926  55.542297 288.566951 280.609643   0.198939   0.198789 284.951406   0.199022
    40 628.865330 281.720519 395.016060 151.102902 160.082519   0.000000   0.000000 160.082519  55.701162 288.694821 280.721875   0.198933   0.198769 285.051523   0.199019
    41 634.561822 282.270089 399.429961 152.654911 162.771130   0.000000   0.000000 162.771130  55.810619 288.814028 280.832238   0.198927   0.198750 285.147672   0.199015
    42 639.777518 282.799010 403.484210 154.067839 165.299762   0.000000   0.000000 165.299762  55.872528 288.924751 280.940658   0.198920   0.198730 285.240027   0.199012
    43 644.509101 283.308156 407.176214 155.339612 167.666775   0.000000   0.000000 167.666775  55.888655 289.027156 281.047069   0.198914   0.198710 285.328741   0.199008
    44 648.753579 283.798315 410.503628 156.468160 169.870637   0.000000   0.000000 169.870637  55.860613 289.121395 281.151408   0.198908   0.198690 285.413950   0.199004
    45 652.508280 284.270196 413.464330 157.451589 171.910015   0.000000   0.000000 171.910015  55.789907 289.207609 281.253619   0.198901   0.198669 285.495775   0.199001
    46 655.770848 284.724434 416.056429 158.288168 173.783778   0.000000   0.000000 173.783778  55.677927 289.285926 281.353647   0.198895   0.198648 285.574323   0.198997
    47 658.539247 285.161588 418.278265 158.976338 175.491035   0.000000   0.000000 175.491035  55.525951 289.356462 281.451442   0.198888   0.198627 285.649686   0.198993
    48 660.811751 285.582147 420.128421 159.514681 177.031263   0.000000   0.000000 177.031263  55.335141 289.419317 281.546956   0.198882   0.198606 285.721941   0.198990
    49 662.586950 285.986520 421.605726 159.901858 178.404501   0.000000   0.000000 178.404501  55.106526 289.474568 281.640142   0.198875   0.198584 285.791153   0.198986
    50 663.863741 286.375058 422.709297 160.136423 179.611371   0.000000   0.000000 179.611371  54.840982 289.522275 281.730957   0.198869   0.198563 285.857374   0.198982
    51 664.641335 286.748072 423.438563 160.216666 180.652878   0.000000   0.000000 180.652878  54.539226 289.562482 281.819358   0.198862   0.198541 285.920646   0.198979
    52 664.919250 287.105880 423.793273 160.140587 181.530130   0.000000   0.000000 181.530130  54.201867 289.595227 281.905302   0.198855   0.198519 285.981015   0.198975
    53 664.697315 287.448844 423.773479 159.906011 182.244159   0.000000   0.000000 182.244159  53.829478 289.620557 281.988748   0.198848   0.198498 286.038528   0.198971
    54 663.975667 287.777382 423.379496 159.510776 182.795888   0.000000   0.000000 182.795888  53.422661 289.638526 282.069657   0.198841   0.198476 286.093243   0.198968
    55 662.754752 288.091970 422.611872 158.952915 183.186168   0.000000   0.000000 183.186168  52.982085 289.649204 282.147992   0.198835   0.198454 286.145225   0.198964
    56 661.035327 288.393108 421.471356 158.230797 183.415836   0.000000   0.000000 183.415836  52.508484 289.652667 282.223719   0.198828   0.198432 286.194542   0.198960
    57 658.818456 288.681288 419.958887 157.343190 183.485737   0.000000   0.000000 183.485737  52.002636 289.648992 282.296803   0.198821   0.198410 286.241258   0.198957
    58 656.105517 288.956969 418.075588 156.289264 183.396736   0.000000   0.000000 183.396736  51.465328 289.638261 282.367214   0.198813   0.198388 286.285431   0.198953
    59 652.898200 289.220549 415.822769 155.068583 183.149724   0.000000   0.000000 183.149724  50.897328 289.620548 282.434925   0.198806   0.198366 286.327105   0.198949
    60 649.198507 289.472349 413.201933 153.681092 182.745605   0.000000   0.000000 182.745605  50.299362 289.595920 282.499906   0.198799   0.198344 286.366312   0.198946
    61 645.008758 289.712602 410.214776 152.127112 182.185299   0.000000   0.000000 182.185299  49.672095 289.564437 282.562134   0.198792   0.198322 286.403068   0.198942
    62 640.331587 289.941440 406.863193 150.407335 181.469721   0.000000   0.000000 181.469721  49.016121 289.526147 282.621583   0.198785   0.198300 286.437369   0.198938
    63 635.169953 290.158891 403.149283 148.522805 180.599773   0.000000   0.000000 180.599773  48.331950 289.481086 282.678228   0.198777   0.198278 286.469195   0.198935
    64 629.527135 290.364886 399.075365 146.474880 179.576335   0.000000   0.000000 179.576335  47.620005 289.429279 282.732047   0.198770   0.198257 286.498506   0.198931
    65 623.406742 290.559264 394.643986 144.265180 178.400276   0.000000   0.000000 178.400276  46.880628 289.370742 282.783015   0.198763   0.198236 286.525246   0.198927
    66 616.812711 290.741798 389.857941 141.895526 177.072476   0.000000   0.000000 177.072476  46.114087 289.305479 282.831109   0.198755   0.198214 286.549347   0.198924
    67 609.749317 290.912208 384.720281 139.367889 175.593866   0.000000   0.000000 175.593866  45.320588 289.233490 282.876305   0.198748   0.198193 286.570730   0.198920
    68 602.221176 291.070190 379.234334 136.684344 173.965469   0.000000   0.000000 173.965469  44.500295 289.154769 282.918578   0.198740   0.198172 286.589308   0.198916
    69 594.233253 291.215420 373.403709 133.847043 172.188450   0.000000   0.000000 172.188450  43.653338 289.069308 282.957905   0.198732   0.198152 286.604989   0.198913
    70 585.790866 291.347577 367.232306 130.858208 170.264144   0.000000   0.000000 170.264144  42.779827 288.977097 282.994260   0.198725   0.198131 286.617677   0.198909
    71 576.899699 291.466340 360.724323 127.720138 168.194084   0.000000   0.000000 168.194084  41.879860 288.878123 283.027619   0.198717   0.198111 286.627271   0.198906
    72 567.565807 291.571397 353.884261 124.435213 165.980009   0.000000   0.000000 165.980009  40.953525 288.772372 283.057957   0.198709   0.198091 286.633669   0.198902
    73 557.795629 291.662439 346.716936 121.014182 163.628480   0.000000   0.000000 163.628480  40.000906 288.659618 283.085242   0.198702   0.198072 286.636764   0.198899
    74 547.596003 291.739292 339.228733 117.449952 161.135920   0.000000   0.000000 161.135920  39.020629 288.539936 283.109446   0.198694   0.198052 286.636464   0.198895
    75 536.974177 291.801545 331.424520 113.747710 158.506448   0.000000   0.000000 158.506448  38.013426 288.413309 283.130541   0.198686   0.198033 286.632622   0.198892
    76 525.937826 291.848905 323.310105 109.909337 155.742335   0.000000   0.000000 155.742335  36.979378 288.279742 283.148499   0.198678   0.198015 286.625106   0.198889
    77 514.495075 291.881062 314.891522 105.937780 152.846601   0.000000   0.000000 152.846601  35.918704 288.139229 283.163293   0.198670   0.197996 286.613772   0.198885
    78 502.654516 291.897721 306.175234 101.835910 149.822301   0.000000   0.000000 149.822301  34.831558 287.991767 283.174896   0.198662   0.197978 286.598466   0.198882
    79 490.425237 291.898594 297.168097  97.606861 146.672711   0.000000   0.000000 146.672711  33.718092 287.837346 283.183283   0.198654   0.197961 286.579024   0.198879
    80 477.816851 291.883393 287.877395  93.253978 143.401266   0.000000   0.000000 143.401266  32.578439 287.675960 283.188428   0.198646   0.197943 286.555263   0.198875
    81 464.839530 291.851838 278.310860  88.780873 140.011563   0.000000   0.000000 140.011563  31.412724 287.507599 283.190304   0.198638   0.197927 286.526984   0.198872
    82 451.504044 291.803650 268.476703  84.191453 136.507341   0.000000   0.000000 136.507341  30.221063 287.332253 283.188886   0.198630   0.197910 286.493962   0.198869
    83 437.821809 291.738553 258.383649  79.489971 132.892473   0.000000   0.000000 132.892473  29.003566 287.149912 283.184150   0.198622   0.197894 286.455940   0.198866
    84 423.804940 291.656272 248.040980  74.681073 129.170945   0.000000   0.000000 129.170945  27.760336 286.960566 283.176069   0.198614   0.197879 286.412618   0.198863
    85 409.466315 291.556530 237.458577  69.769855 125.346838   0.000000   0.000000 125.346838  26.491475 286.764203 283.164620   0.198606   0.197864 286.363634   0.198860
    86 394.819646 291.439049 226.646984  64.761930 121.424305   0.000000   0.000000 121.424305  25.197082 286.560813 283.149777   0.198597   0.197849 286.308534   0.198857
    87 379.879570 291.303550 215.617471  59.663508 117.407542   0.000000   0.000000 117.407542  23.877254 286.350387 283.131517   0.198589   0.197835 286.246715   0.198854
    88 364.661749 291.149753 204.382120  54.481479 113.300760   0.000000   0.000000 113.300760  22.532093 286.132915 283.109814   0.198581   0.197822 286.177289   0.198851
    89 349.182992 290.977379 192.953915  49.223534 109.108143   0.000000   0.000000 109.108143  21.161705 285.908389 283.084646   0.198573   0.197808 286.098615   0.198848
    90 333.461400 290.786153 181.346865  43.898299 104.833789   0.000000   0.000000 104.833789  19.766202 285.676804 283.055989   0.198564   0.197796 286.005688   0.198845
    91 317.516536 290.575806 169.576137  38.515522 100.481625   0.000000   0.000000 100.481625  18.345709 285.438156 283.023819   0.198556   0.197784 285.899092   0.198842
    92 301.369632 290.346083 157.658230  33.086312  96.055283   0.000000   0.000000  96.055283  16.900361 285.192444 282.988115   0.198548   0.197772 285.780420   0.198840
    93 285.043833 290.096754 145.611177  27.623478  91.557898   0.000000   0.000000  91.557898  15.430305 284.939667 282.948853   0.198540   0.197761 285.650467   0.198837
    94 268.564502 289.827623 133.454802  22.142025  86.991772   0.000000   0.000000  86.991772  13.935698 284.679826 282.906013   0.198531   0.197751 285.509908   0.198834
    95 251.959572 289.538549 121.211036  16.659927  82.357758   0.000000   0.000000  82.357758  12.416694 284.412917 282.859572   0.198523   0.197741 285.359320   0.198832
    96 235.259997 289.229480 108.904318  11.199480  77.654003   0.000000   0.000000  77.654003  10.873414 284.138923 282.809510   0.198515   0.197732 285.199202   0.198829
    97 218.500280 288.900498  96.562125   5.789998  72.872984   0.000000   0.000000  72.872984   9.305892 283.857797 282.755803   0.198506   0.197723 285.029991   0.198827
    98 201.719146 288.551927  84.215679   0.474556  67.992451   0.000000   0.000000  67.992451   7.713962 283.569437 282.698427   0.198498   0.197715 284.852072   0.198825
    99 184.960353 288.184564  71.900965  -4.662008  62.923869   0.000000   0.000000  62.923869   6.097076 283.273787 282.637355   0.198490   0.197707 284.524158   0.198822
   100 168.273713 287.792305  59.651869  -7.300435  46.185984   0.000000   0.000000  46.185984   4.455023 283.163618 282.578332   0.198481   0.197702 284.397114   0.198820
   101 151.716355 287.321984  46.500350  -7.319094  40.830579   0.000000   0.000000  40.830579   4.096998 282.859835 282.515209   0.198473   0.197697 284.140496   0.198818
   102 135.354305 286.894207  34.510611  -9.449154  33.129709   0.000000   0.000000  33.129709   2.412379 282.530206 282.447468   0.198465   0.197693 283.882205   0.198816
   103 119.264457 286.369101  22.767598 -11.327914  27.148897   0.000000   0.000000  27.148897   0.579164 282.129106 282.373268   0.198457   0.197690 283.569307   0.198814
   104 103.537032 285.744625  11.565619 -13.194634  21.514514   0.000000   0.000000  21.514514  -1.709132 281.669994 282.291337   0.198448   0.197687 283.211354   0.198812
   105  88.278616 285.021518   0.920001 -14.953119  16.510857   0.000000   0.000000  16.510857  -4.349400 281.156082 282.200605   0.198440   0.197685 282.808558   0.198810
   106  73.615845 284.199285  -9.088287 -16.573777  12.112022   0.000000   0.000000  12.112022  -7.311666 280.594398 282.100296   0.198432   0.197684 282.365602   0.198808
   107  59.699709 283.284094 -18.370987 -18.068016   8.336341   0.000000   0.000000   8.336341 -10.541288 279.996020 281.990015   0.198424   0.197683 281.890523   0.198806
   108  46.710194 282.280649 -26.837160 -19.441906   5.188594   0.000000   0.000000   5.188594 -13.957971 279.375467 281.869817   0.198416   0.197682 281.394363   0.198805
   109  34.860288 281.195340 -34.383202 -20.705938   2.671968   0.000000   0.000000   2.671968 -17.460450 278.750288 281.740253   0.198408   0.197682 280.890585   0.198803
   110  24.396919 280.034642 -40.890931 -21.873338   0.797719   0.000000   0.000000   0.797719 -20.929755 278.140198 281.602392   0.198399   0.197681 280.394631   0.198802
   111  15.593004 278.805551 -46.228902 -22.956245  -0.409422  -0.000000  -0.000000  -0.409422 -24.235359 277.565997 281.457811   0.198391   0.197682 279.922855   0.198800
   112   8.717989 277.515217 -50.270959 -23.961789  -0.936436  -0.000000  -0.000000  -0.936436 -27.242698 277.049462 281.308577   0.198383   0.197682 279.492379   0.198799
   113   3.963047 276.171461 -52.955220 -24.891045  -0.877632  -0.000000  -0.000000  -0.877632 -29.813806 276.615940 281.157321   0.198375   0.197682 279.123018   0.198797
   114   1.291982 274.782984 -54.415617 -25.734379  -0.547527  -0.000000  -0.000000  -0.547527 -31.789665 276.293344 281.007266   0.198367   0.197682 278.836362   0.198796
   115   0.252888 273.360236 -55.127538 -26.467344  -0.321522  -0.000000  -0.000000  -0.321522 -32.997453 276.088739 280.861560   0.198359   0.197682 278.637500   0.198794
   116   0.033539 271.916543 -55.755121 -27.056781  -0.269458  -0.000000  -0.000000  -0.269458 -33.409745 275.963115 280.721917   0.198352   0.197682 278.495919   0.198793
   117   0.000000 270.468652 -56.605221 -27.491696  -0.264668  -0.000000  -0.000000  -0.264668 -33.311613 275.864576 280.588377   0.198344   0.197682 278.372148   0.198792
   118   0.000000 269.033982 -57.541526 -27.803390  -0.268015  -0.000000  -0.000000  -0.268015 -33.066608 275.769997 280.460329   0.198336   0.197682 278.249745   0.198790
   119   0.000000 267.625824 -58.470872 -28.035715  -0.270774  -0.000000  -0.000000  -0.270774 -32.832328 275.673217 280.337077   0.198328   0.197682 278.125163   0.198789
   120   0.000000 266.251783 -59.357430 -28.219623  -0.273628  -0.000000  -0.000000  -0.273628 -32.647021 275.574403 280.218027   0.198320   0.197682 277.999264   0.198788
   121   0.000000 264.915581 -60.198390 -28.371410  -0.276523  -0.000000  -0.000000  -0.276523 -32.505370 275.474711 280.102703   0.198312   0.197682 277.873321   0.198787
   122   0.000000 263.618928 -60.997437 -28.498691  -0.279311  -0.000000  -0.000000  -0.279311 -32.395950 275.375045 279.990722   0.198305   0.197682 277.748237   0.198785
   123   0.000000 262.362644 -61.757949 -28.605309  -0.281887  -0.000000  -0.000000  -0.281887 -32.309738 275.275983 279.881770   0.198297   0.197682 277.624578   0.198784
   124   0.000000 261.147114 -62.482192 -28.693682  -0.284190  -0.000000  -0.000000  -0.284190 -32.240508 275.177888 279.775585   0.198289   0.197682 277.502715   0.198783
   125   0.000000 259.972455 -63.171715 -28.765742  -0.286193  -0.000000  -0.000000  -0.286193 -32.183883 275.081012 279.671950   0.198282   0.197682 277.382912   0.198782
   126   0.000000 258.838562 -63.827759 -28.823223  -0.287883  -0.000000  -0.000000  -0.287883 -32.136568 274.985545 279.570680   0.198274   0.197682 277.265371   0.198781
   127   0.000000 257.745125 -64.451477 -28.867743  -0.289259  -0.000000  -0.000000  -0.289259 -32.095944 274.891640 279.471619   0.198266   0.197682 277.150250   0.198779
   128   0.000000 256.691633 -65.044034 -28.900809  -0.290325  -0.000000  -0.000000  -0.290325 -32.059858 274.799417 279.374635   0.198259   0.197682 277.037675   0.198778
   129   0.000000 255.677393 -65.606639 -28.923822  -0.291091  -0.000000  -0.000000  -0.291091 -32.026526 274.708973 279.279612   0.198251   0.197682 276.927738   0.198777
   130   0.000000 254.701534 -66.140551 -28.938062  -0.291569  -0.000000  -0.000000  -0.291569 -31.994477 274.620380 279.186454   0.198244   0.197682 276.820502   0.198776
   131   0.000000 253.763028 -66.647073 -28.944687  -0.291772  -0.000000  -0.000000  -0.291772 -31.962518 274.533688 279.095076   0.198236   0.197682 276.716001   0.198775
   132   0.000000 252.860704 -67.127540 -28.944725  -0.291716  -0.000000  -0.000000  -0.291716 -31.929710 274.448925 279.005402   0.198229   0.197682 276.614243   0.198774
   133   0.000000 251.993266 -67.583311 -28.939075  -0.291419  -0.000000  -0.000000  -0.291419 -31.895338 274.366096 278.917367   0.198221   0.197682 276.515210   0.198773
   134   0.000000 251.159308 -68.015751 -28.928504  -0.290897  -0.000000  -0.000000  -0.290897 -31.858899 274.285187 278.830912   0.198214   0.197682 276.418858   0.198772
   135   0.000000 250.357340 -68.426219 -28.913653  -0.290167  -0.000000  -0.000000  -0.290167 -31.820075 274.206166 278.745983   0.198207   0.197683 276.325126   0.198770
   136   0.000000 249.585800 -68.816062 -28.895036  -0.289245  -0.000000  -0.000000  -0.289245 -31.778716 274.128984 278.662530   0.198199   0.197683 276.233929   0.198769
   137   0.000000 248.843075 -69.186595 -28.873058  -0.288147  -0.000000  -0.000000  -0.288147 -31.734821 274.053576 278.580507   0.198192   0.197683 276.145166   0.198768
   138   0.000000 248.127523 -69.539098 -28.848012  -0.286888  -0.000000  -0.000000  -0.286888 -31.688515 273.979863 278.499869   0.198185   0.197683 276.058723   0.198767
   139   0.000000 247.437485 -69.874806 -28.820098  -0.285481  -0.000000  -0.000000  -0.285481 -31.640036 273.907757 278.420573   0.198177   0.197683 275.974471   0.198766
   140   0.000000 246.771309 -70.194899 -28.789432  -0.283939  -0.000000  -0.000000  -0.283939 -31.589710 273.837159 278.342579   0.198170   0.197683 275.892275   0.198765
   141   0.000000 246.127362 -70.500500 -28.756061  -0.282273  -0.000000  -0.000000  -0.282273 -31.537936 273.767964 278.265845   0.198163   0.197683 275.811990   0.198764
   142   0.000000 245.504047 -70.792664 -28.719975  -0.280493  -0.000000  -0.000000  -0.280493 -31.485163 273.700061 278.190330   0.198156   0.197683 275.733468   0.198763
   143   0.000000 244.899820 -71.072381 -28.681121  -0.278607  -0.000000  -0.000000  -0.278607 -31.431879 273.633339 278.115994   0.198149   0.197683 275.656562   0.198762
   144   0.000000 244.313197 -71.340569 -28.639419  -0.276622  -0.000000  -0.000000  -0.276622 -31.378588 273.567684 278.042798   0.198141   0.197683 275.581124   0.198761
   145   0.000000 243.742773 -71.598072 -28.596269  -0.274546  -0.000000  -0.000000  -0.274546 -31.325800 273.503051 277.970703   0.198134   0.197683 275.507074   0.198760
   146   0.000000 243.187120 -71.846061 -28.550326  -0.272378  -0.000000  -0.000000  -0.272378 -31.273565 273.439308 277.899671   0.198127   0.197683 275.434239   0.198759
   147   0.000000 242.645018 -72.085113 -28.501219  -0.270123  -0.000000  -0.000000  -0.270123 -31.222540 273.376329 277.829662   0.198120   0.197683 275.362469   0.198758
   148   0.000000 242.115362 -72.315726 -28.448796  -0.267703  -0.000000  -0.000000  -0.267703 -31.173329 273.314001 277.760636   0.198113   0.197683 275.291628   0.198757
   149   0.000000 241.597144 -72.538363 -28.392981  -0.265127  -0.000000  -0.000000  -0.265127 -31.126449 273.252227 277.692555   0.198106   0.197683 275.221599   0.198756
   150   0.000000 241.089451 -72.753473 -28.333710  -0.262484  -0.000000  -0.000000  -0.262484 -31.082299 273.190927 277.625381   0.198099   0.197683 275.152277   0.198755
   151   0.000000 240.591468 -72.961476 -28.270930  -0.259775  -0.000000  -0.000000  -0.259775 -31.041173 273.130059 277.559075   0.198092   0.197683 275.083549   0.198754
   152   0.000000 240.102485 -73.162871 -28.202620  -0.257720  -0.000000  -0.000000  -0.257720 -31.003111 273.069450 277.493600   0.198085   0.197683 275.015331   0.198753
   153   0.000000 239.622007 -73.357357 -28.132639  -0.255284  -0.000000  -0.000000  -0.255284 -30.969050 273.009163 277.428921   0.198078   0.197683 274.947620   0.198752
   154   0.000000 239.149383 -73.545845 -28.059167  -0.252759  -0.000000  -0.000000  -0.252759 -30.938308 272.949135 277.365004   0.198072   0.197683 274.880340   0.198751
   155   0.000000 238.684195 -73.728459 -27.982500  -0.250150  -0.000000  -0.000000  -0.250150 -30.911088 272.889330 277.301818   0.198065   0.197683 274.813450   0.198750
   156   0.000000 238.226100 -73.905371 -27.902895  -0.247458  -0.000000  -0.000000  -0.247458 -30.887412 272.829730 277.239331   0.198058   0.197683 274.746923   0.198749
   157   0.000000 237.774819 -74.076763 -27.820589  -0.244685  -0.000000  -0.000000  -0.244685 -30.867201 272.770325 277.177514   0.198051   0.197683 274.680743   0.198748
   158   0.000000 237.330136 -74.242797 -27.735833  -0.241832  -0.000000  -0.000000  -0.241832 -30.850323 272.711112 277.116341   0.198044   0.197683 274.614905   0.198747
   159   0.000000 236.891889 -74.403621 -27.648900  -0.238901  -0.000000  -0.000000  -0.238901 -30.836602 272.652097 277.055787   0.198038   0.197683 274.549409   0.198746
   160   0.000000 236.459961 -74.559370 -27.560075  -0.235894  -0.000000  -0.000000  -0.235894 -30.825827 272.593291 276.995828   0.198031   0.197683 274.484265   0.198745
   161   0.000000 236.034269 -74.710170 -27.469647  -0.232813  -0.000000  -0.000000  -0.232813 -30.817760 272.534709 276.936443   0.198024   0.197683 274.419486   0.198744
   162   0.000000 235.614759 -74.856141 -27.377909  -0.229659  -0.000000  -0.000000  -0.229659 -30.812142 272.476369 276.877613   0.198017   0.197683 274.355089   0.198744
   163   0.000000 235.201393 -74.997401 -27.285141  -0.226436  -0.000000  -0.000000  -0.226436 -30.808705 272.418294 276.819320   0.198011   0.197683 274.291095   0.198743
   164   0.000000 234.794149 -75.134065 -27.191617  -0.223146  -0.000000  -0.000000  -0.223146 -30.807176 272.360506 276.761546   0.198004   0.197683 274.227526   0.198742
   165   0.000000 234.393006 -75.266251 -27.097588  -0.219791  -0.000000  -0.000000  -0.219791 -30.807284 272.303026 276.704279   0.197998   0.197683 274.164403   0.198741
   166   0.000000 233.997946 -75.394072 -27.003294  -0.216374  -0.000000  -0.000000  -0.216374 -30.808769 272.245878 276.647504   0.197991   0.197683 274.101748   0.198740
   167   0.000000 233.608944 -75.517648 -26.908938  -0.212898  -0.000000  -0.000000  -0.212898 -30.811383 272.189082 276.591210   0.197984   0.197684 274.039579   0.198739
   168   0.000000 233.225972 -75.637095 -26.814720  -0.209366  -0.000000  -0.000000  -0.209366 -30.814897 272.132656 276.535384   0.197978   0.197684 273.977915   0.198738
   169   0.000000 232.848983 -75.752539 -26.720786  -0.205781  -0.000000  -0.000000  -0.205781 -30.819102 272.076616 276.480018   0.197971   0.197684 273.916770   0.198737
   170   0.000000 232.477929 -75.864094 -26.627286  -0.202145  -0.000000  -0.000000  -0.202145 -30.823818 272.020976 276.425102   0.197965   0.197684 273.856155   0.198736
   171   0.000000 232.112733 -75.971891 -26.534303  -0.198461  -0.000000  -0.000000  -0.198461 -30.828882 271.965746 276.370627   0.197958   0.197684 273.796077   0.198735
   172   0.000000 231.753317 -76.076044 -26.441938  -0.194732  -0.000000  -0.000000  -0.194732 -30.834168 271.910932 276.316585   0.197952   0.197684 273.736540   0.198735
   173   0.000000 231.399573 -76.176688 -26.350203  -0.190961  -0.000000  -0.000000  -0.190961 -30.839569 271.856538 276.262969   0.197946   0.197684 273.677544   0.198734
   174   0.000000 231.051394 -76.273931 -26.259155  -0.187148  -0.000000  -0.000000  -0.187148 -30.845017 271.802562 276.209770   0.197939   0.197684 273.619083   0.198733
   175   0.000000 230.708631 -76.367914 -26.168733  -0.183297  -0.000000  -0.000000  -0.183297 -30.850458 271.748999 276.156982   0.197933   0.197684 273.561148   0.198732
   176   0.000000 230.371154 -76.458736 -26.078965  -0.179410  -0.000000  -0.000000  -0.179410 -30.855884 271.695842 276.104598   0.197927   0.197684 273.503728   0.198731
   177   0.000000 230.038778 -76.546543 -25.989718  -0.175486  -0.000000  -0.000000  -0.175486 -30.861288 271.643078 276.052609   0.197920   0.197684 273.446803   0.198730
   178   0.000000 229.711350 -76.631417 -25.901025  -0.171529  -0.000000  -0.000000  -0.171529 -30.866718 271.590695 276.001010   0.197914   0.197684 273.390357   0.198729
   179   0.000000 229.388652 -76.713518 -25.812680  -0.167538  -0.000000  -0.000000  -0.167538 -30.872204 271.538672 275.949792   0.197908   0.197684 273.334364   0.198728
   180   0.000000 229.070524 -76.792906 -25.724748  -0.163514  -0.000000  -0.000000  -0.163514 -30.877838 271.486994 275.898947   0.197901   0.197684 273.278804   0.198728
   181   0.000000 228.756711 -76.869760 -25.633774  -0.159457  -0.000000  -0.000000  -0.159457 -30.883670 271.435517 275.848465   0.197895   0.197684 273.223521   0.198727
   182   0.000000 228.447230 -76.943423 -25.542710  -0.155373  -0.000000  -0.000000  -0.155373 -30.890635 271.384263 275.798334   0.197889   0.197684 273.168539   0.198726
   183   0.000000 228.141681 -77.014385 -25.450806  -0.151259  -0.000000  -0.000000  -0.151259 -30.898498 271.333207 275.748546   0.197883   0.197684 273.113816   0.198725
   184   0.000000 227.839850 -77.082735 -25.358191  -0.147112  -0.000000  -0.000000  -0.147112 -30.907372 271.282331 275.699089   0.197877   0.197684 273.059328   0.198724
   185   0.000000 227.541335 -77.148788 -25.264253  -0.142929  -0.000000  -0.000000  -0.142929 -30.917307 271.231589 275.649953   0.197871   0.197684 273.005019   0.198723
   186   0.000000 227.245992 -77.212480 -25.169416  -0.138710  -0.000000  -0.000000  -0.138710 -30.928548 271.180966 275.601128   0.197864   0.197684 272.950865   0.198723
   187   0.000000 226.953363 -77.274184 -25.072782  -0.134449  -0.000000  -0.000000  -0.134449 -30.941133 271.130404 275.552602   0.197858   0.197684 272.896799   0.198722
   188   0.000000 226.663364 -77.333728 -24.974995  -0.130147  -0.000000  -0.000000  -0.130147 -30.955383 271.079890 275.504363   0.197852   0.197684 272.842801   0.198721
   189   0.000000 226.375459 -77.391574 -24.874775  -0.125796  -0.000000  -0.000000  -0.125796 -30.971313 271.029351 275.456400   0.197846   0.197684 272.788784   0.198720
   190   0.000000 226.089622 -77.447430 -24.772995  -0.121398  -0.000000  -0.000000  -0.121398 -30.989341 270.978774 275.408698   0.197840   0.197684 272.734729   0.198719
   191   0.000000 225.805222 -77.501852 -24.668003  -0.116943  -0.000000  -0.000000  -0.116943 -31.009469 270.928072 275.361246   0.197834   0.197684 272.680532   0.198718
   192   0.000000 225.522294 -77.554419 -24.560910  -0.112431  -0.000000  -0.000000  -0.112431 -31.032219 270.877231 275.314029   0.197828   0.197684 272.626175   0.198718
   193   0.000000 225.240089 -77.605806 -24.449704  -0.107851  -0.000000  -0.000000  -0.107851 -31.057583 270.826147 275.267031   0.197822   0.197684 272.571534   0.198717
   194   0.000000 224.958778 -77.655384 -24.336032  -0.103206  -0.000000  -0.000000  -0.103206 -31.086188 270.774820 275.220238   0.197816   0.197684 272.516611   0.198716
   195   0.000000 224.677383 -77.704113 -24.217148  -0.098478  -0.000000  -0.000000  -0.098478 -31.117923 270.723119 275.173632   0.197810   0.197684 272.461256   0.198715
   196   0.000000 224.396478 -77.750859 -24.096394  -0.093677  -0.000000  -0.000000  -0.093677 -31.153589 270.671104 275.127198   0.197805   0.197684 272.405533   0.198714
   197   0.000000 224.114587 -77.797322 -23.968934  -0.088774  -0.000000  -0.000000  -0.088774 -31.192660 270.618585 275.080918   0.197799   0.197684 272.349246   0.198713
   198   0.000000 223.833099 -77.841329 -23.841809  -0.083796  -0.000000  -0.000000  -0.083796 -31.236328 270.565752 275.034779   0.197793   0.197684 272.292587   0.198713
   199   0.000000 223.549797 -77.885857 -23.706437  -0.078697  -0.000000  -0.000000  -0.078697 -31.283185 270.512330 274.988760   0.197787   0.197684 272.235284   0.198712
   200   0.000000 223.267048 -77.927418 -23.574330  -0.073523  -0.000000  -0.000000  -0.073523 -31.335014 270.458653 274.942854   0.197781   0.197684 272.177685   0.198711
   201   0.000000 222.982002 -77.970240 -23.433559  -0.068213  -0.000000  -0.000000  -0.068213 -31.389406 270.404392 274.897042   0.197775   0.197684 272.119446   0.198710
   202   0.000000 222.697780 -78.009858 -23.298276  -0.062831  -0.000000  -0.000000  -0.062831 -31.448554 270.349971 274.851320   0.197770   0.197684 272.061038   0.198709
   203   0.000000 222.411051 -78.051358 -23.154787  -0.057303  -0.000000  -0.000000  -0.057303 -31.509446 270.295032 274.805674   0.197764   0.197684 272.002058   0.198709
   204   0.000000 222.125739 -78.089372 -23.019158  -0.051712  -0.000000  -0.000000  -0.051712 -31.574493 270.240083 274.760103   0.197758   0.197684 271.943081   0.198708
   205   0.000000 221.837551 -78.130282 -22.874270  -0.045963  -0.000000  -0.000000  -0.045963 -31.640138 270.184653 274.714594   0.197753   0.197684 271.883584   0.198707
   206   0.000000 221.551952 -78.166737 -22.741696  -0.040173  -0.000000  -0.000000  -0.040173 -31.709587 270.129445 274.669156   0.197747   0.197684 271.824333   0.198706
   207   0.000000 221.262690 -78.207856 -22.595910  -0.034205  -0.000000  -0.000000  -0.034205 -31.777979 270.073719 274.623774   0.197741   0.197684 271.764542   0.198706
   208   0.000000 220.977663 -78.242767 -22.468894  -0.028229  -0.000000  -0.000000  -0.028229 -31.850387 270.018493 274.578463   0.197736   0.197684 271.705288   0.198705
   209   0.000000 220.687919 -78.284570 -22.322997  -0.022049  -0.000000  -0.000000  -0.022049 -31.919793 269.962664 274.533205   0.197730   0.197684 271.645411   0.198704
   210   0.000000 220.404135 -78.318130 -22.202374  -0.015900  -0.000000  -0.000000  -0.015900 -31.993790 269.907593 274.488024   0.197724   0.197684 271.586357   0.198703
   211   0.000000 220.114630 -78.360669 -22.057667  -0.009522  -0.000000  -0.000000  -0.009522 -32.063016 269.851839 274.442898   0.197719   0.197684 271.526577   0.198702
   212   0.000000 219.832522 -78.393224 -21.942968  -0.003210  -0.000000  -0.000000  -0.003210 -32.137409 269.797029 274.397854   0.197713   0.197684 271.467851   0.198702
   213   0.000000 219.543959 -78.436266 -21.800864   0.003350  -0.000000  -0.000000   0.003350 -32.205776 269.741489 274.352869   0.197708   0.197684 271.408313   0.198701
   214   0.000000 219.263776 -78.468176 -21.691070   0.009820  -0.000000  -0.000000   0.009820 -32.279658 269.686994 274.307973   0.197702   0.197684 271.349983   0.198700
   215   0.000000 218.976726 -78.511398 -21.552657   0.016547  -0.000000  -0.000000   0.016547 -32.346853 269.631762 274.263140   0.197697   0.197684 271.290784   0.198699
   216   0.000000 218.698586 -78.542947 -21.446736   0.023168  -0.000000  -0.000000   0.023168 -32.419645 269.577602 274.218401   0.197691   0.197684 271.232874   0.198699
   217   0.000000 218.413440 -78.586058 -21.319494   0.030051  -0.000000  -0.000000   0.030051 -32.485591 269.522995 274.173738   0.197686   0.197684 271.174367   0.198698
   218   0.000000 218.137007 -78.618932 -21.224341   0.036828  -0.000000  -0.000000   0.036828 -32.555199 269.469619 274.129185   0.197680   0.197684 271.117365   0.198697
   219   0.000000 217.853477 -78.664134 -21.103734   0.043870  -0.000000  -0.000000   0.043870 -32.616960 269.415724 274.084721   0.197675   0.197684 271.059653   0.198696
   220   0.000000 217.578953 -78.698497 -21.014131   0.050793  -0.000000  -0.000000   0.050793 -32.682984 269.362988 274.040377   0.197670   0.197684 271.003428   0.198695
   221   0.000000 217.297768 -78.744448 -20.900943   0.057971  -0.000000  -0.000000   0.057971 -32.741723 269.309772 273.996130   0.197664   0.197684 270.946508   0.198695
   222   0.000000 217.025577 -78.779748 -20.816557   0.065026  -0.000000  -0.000000   0.065026 -32.804505 269.257659 273.952009   0.197659   0.197684 270.891044   0.198694
   223   0.000000 216.747098 -78.826015 -20.710154   0.072327  -0.000000  -0.000000   0.072327 -32.860455 269.205102 273.907994   0.197654   0.197684 270.834901   0.198693
   224   0.000000 216.477462 -78.861934 -20.630438   0.079503  -0.000000  -0.000000   0.079503 -32.920243 269.153586 273.864110   0.197648   0.197684 270.780166   0.198692
   225   0.000000 216.201869 -78.908223 -20.530122   0.086917  -0.000000  -0.000000   0.086917 -32.973667 269.101655 273.820336   0.197643   0.197684 270.724766   0.198692
   226   0.000000 215.934904 -78.944492 -20.454657   0.094208  -0.000000  -0.000000   0.094208 -33.030772 269.050704 273.776697   0.197638   0.197684 270.670722   0.198691
   227   0.000000 215.662270 -78.990589 -20.359784   0.101728  -0.000000  -0.000000   0.101728 -33.081954 268.999358 273.733172   0.197632   0.197684 270.616025   0.198690
   228   0.000000 215.398024 -79.026982 -20.288244   0.109126  -0.000000  -0.000000   0.109126 -33.136701 268.948939 273.689783   0.197627   0.197684 270.562632   0.198689
   229   0.000000 215.128356 -79.072728 -20.198255   0.116748  -0.000000  -0.000000   0.116748 -33.185910 268.898139 273.646511   0.197622   0.197684 270.508598   0.198689
   230   0.000000 214.866835 -79.109063 -20.130382   0.124249  -0.000000  -0.000000   0.124249 -33.238602 268.848221 273.603376   0.197617   0.197684 270.455818   0.198688
   231   0.000000 214.600104 -79.154344 -20.044810   0.131969  -0.000000  -0.000000   0.131969 -33.286080 268.797932 273.560358   0.197612   0.197684 270.402407   0.198687
   232   0.000000 214.341293 -79.190476 -19.980395   0.139570  -0.000000  -0.000000   0.139570 -33.336979 268.748486 273.517476   0.197606   0.197684 270.350207   0.198687
   233   0.000000 214.077453 -79.235207 -19.898855   0.147384  -0.000000  -0.000000   0.147384 -33.382931 268.698676 273.474713   0.197601   0.197684 270.297385   0.198686
   234   0.000000 213.821319 -79.271025 -19.837726   0.155080  -0.000000  -0.000000   0.155080 -33.432259 268.649677 273.432085   0.197596   0.197684 270.245735   0.198685
   235   0.000000 213.560316 -79.315147 -19.759904   0.162986  -0.000000  -0.000000   0.162986 -33.476854 268.600319 273.389575   0.197591   0.197684 270.193473   0.198684
   236   0.000000 213.306825 -79.350565 -19.701916   0.170775  -0.000000  -0.000000   0.170775 -33.524791 268.551748 273.347200   0.197586   0.197684 270.142348   0.198684
   237   0.000000 213.048603 -79.394037 -19.627555   0.178771  -0.000000  -0.000000   0.178771 -33.568168 268.502819 273.304942   0.197581   0.197684 270.090621   0.198683
   238   0.000000 212.797714 -79.428989 -19.572583   0.186649  -0.000000  -0.000000   0.186649 -33.614857 268.454656 273.262817   0.197576   0.197684 270.040000   0.198682
   239   0.000000 212.542219 -79.471782 -19.501476   0.194732  -0.000000  -0.000000   0.194732 -33.657125 268.406139 273.220808   0.197571   0.197684 269.988785   0.198681
   240   0.000000 212.293894 -79.506222 -19.449413   0.202698  -0.000000  -0.000000   0.202698 -33.702683 268.358370 273.178931   0.197566   0.197684 269.938651   0.198681
   241   0.000000 212.041072 -79.548317 -19.381384   0.210864  -0.000000  -0.000000   0.210864 -33.743930 268.310248 273.137169   0.197561   0.197684 269.887931   0.198680
   242   0.000000 211.795273 -79.582210 -19.332137   0.218915  -0.000000  -0.000000   0.218915 -33.788446 268.262860 273.095537   0.197556   0.197684 269.838268   0.198679
   243   0.000000 211.545074 -79.623597 -19.267043   0.227164  -0.000000  -0.000000   0.227164 -33.828740 268.215121 273.054019   0.197551   0.197684 269.788027   0.198679
   244   0.000000 211.301764 -79.656916 -19.220532   0.235297  -0.000000  -0.000000   0.235297 -33.872286 268.168103 273.012629   0.197546   0.197684 269.738823   0.198678
   245   0.000000 211.054141 -79.697590 -19.158250   0.243625  -0.000000  -0.000000   0.243625 -33.911682 268.120735 272.971351   0.197541   0.197684 269.689047   0.198677
   246   0.000000 210.813285 -79.730318 -19.114404   0.251838  -0.000000  -0.000000   0.251838 -33.954314 268.074079 272.930201   0.197536   0.197684 269.640291   0.198676
   247   0.000000 210.568195 -79.770279 -19.054829   0.260244  -0.000000  -0.000000   0.260244 -33.992853 268.027073 272.889161   0.197531   0.197684 269.590970   0.198676
   248   0.000000 210.329758 -79.802405 -19.013588   0.268534  -0.000000  -0.000000   0.268534 -34.034616 267.980771 272.848247   0.197526   0.197684 269.542652   0.198675
   249   0.000000 210.087159 -79.841655 -18.956628   0.277015  -0.000000  -0.000000   0.277015 -34.072331 267.934119 272.807442   0.197522   0.197684 269.493776   0.198674
   250   0.000000 209.851110 -79.873170 -18.917939   0.285380  -0.000000  -0.000000   0.285380 -34.113260 267.888165 272.766761   0.197517   0.197684 269.445889   0.198674
   251   0.000000 209.610963 -79.911717 -18.863515   0.293935  -0.000000  -0.000000   0.293935 -34.150174 267.841860 272.726188   0.197512   0.197683 269.397449   0.198673
   252   0.000000 209.377273 -79.942618 -18.827331   0.302372  -0.000000  -0.000000   0.302372 -34.190296 267.796249 272.685738   0.197507   0.197683 269.349986   0.198672
   253   0.000000 209.139539 -79.980470 -18.764963   0.310998  -0.000000  -0.000000   0.310998 -34.226429 267.749880 272.645382   0.197502   0.197683 269.301513   0.198671
   254   0.000000 208.908696 -80.008541 -18.719515   0.319499  -0.000000  -0.000000   0.319499 -34.268516 267.703923 272.605129   0.197498   0.197683 269.253698   0.198671
   255   0.000000 208.674084 -80.042106 -18.656032   0.328189  -0.000000  -0.000000   0.328189 -34.308445 267.657366 272.564956   0.197493   0.197683 269.205041   0.198670
   256   0.000000 208.445751 -80.067151 -18.608114   0.336768  -0.000000  -0.000000   0.336768 -34.353126 267.611242 272.524872   0.197488   0.197683 269.157030   0.198669
   257   0.000000 208.213316 -80.098103 -18.541914   0.345545  -0.000000  -0.000000   0.345545 -34.395412 267.564511 272.484858   0.197483   0.197683 269.108165   0.198669
   258   0.000000 207.986740 -80.120913 -18.491151   0.354223  -0.000000  -0.000000   0.354223 -34.442425 267.518189 272.444922   0.197479   0.197683 269.059911   0.198668
   259   0.000000 207.755891 -80.149695 -18.422479   0.363107  -0.000000  -0.000000   0.363107 -34.487126 267.471255 272.405043   0.197474   0.197683 269.010800   0.198667
   260   0.000000 207.530540 -80.170665 -18.368999   0.371902  -0.000000  -0.000000   0.371902 -34.536521 267.424705 272.365233   0.197469   0.197683 268.962268   0.198667
   261   0.000000 207.300841 -80.197577 -18.298136   0.380909  -0.000000  -0.000000   0.380909 -34.583698 267.377544 272.325471   0.197465   0.197683 268.912884   0.198666
   262   0.000000 207.076301 -80.217017 -18.242048   0.389836  -0.000000  -0.000000   0.389836 -34.635488 267.330743 272.285767   0.197460   0.197683 268.864046   0.198665
   263   0.000000 206.847410 -80.242294 -18.169255   0.398977  -0.000000  -0.000000   0.398977 -34.685164 267.283340 272.246101   0.197456   0.197683 268.814370   0.198664
   264   0.000000 206.623353 -80.260457 -18.110667   0.408049  -0.000000  -0.000000   0.408049 -34.739326 267.236271 272.206484   0.197451   0.197683 268.765208   0.198664
   265   0.000000 206.394999 -80.284296 -18.036179   0.417337  -0.000000  -0.000000   0.417337 -34.791489 267.188615 272.166897   0.197446   0.197683 268.715227   0.198663
   266   0.000000 206.171159 -80.301399 -17.975201   0.426564  -0.000000  -0.000000   0.426564 -34.847971 267.141267 272.127350   0.197442   0.197683 268.665728   0.198662
   267   0.000000 205.943124 -80.323968 -17.899237   0.436008  -0.000000  -0.000000   0.436008 -34.902581 267.093352 272.087825   0.197437   0.197683 268.615436   0.198662
   268   0.000000 205.719284 -80.340196 -17.835988   0.445400  -0.000000  -0.000000   0.445400 -34.961316 267.045717 272.048333   0.197433   0.197683 268.565590   0.198661
   269   0.000000 205.491388 -80.361641 -17.758748   0.455007  -0.000000  -0.000000   0.455007 -35.018313 266.997539 272.008856   0.197428   0.197683 268.514984   0.198660
   270   0.000000 205.267375 -80.377154 -17.693361   0.464574  -0.000000  -0.000000   0.464574 -35.079218 266.949614 271.969403   0.197424   0.197683 268.464789   0.198660
   271   0.000000 205.039472 -80.397606 -17.615033   0.474352  -0.000000  -0.000000   0.474352 -35.138524 266.901173 271.929960   0.197419   0.197683 268.413869   0.198659
   272   0.000000 204.815145 -80.412543 -17.547654   0.484100  -0.000000  -0.000000   0.484100 -35.201503 266.852958 271.890534   0.197415   0.197682 268.363326   0.198658
   273   0.000000 204.587119 -80.432120 -17.468419   0.494057  -0.000000  -0.000000   0.494057 -35.263028 266.804258 271.851112   0.197410   0.197682 268.312095   0.198658
   274   0.000000 204.362369 -80.446600 -17.399209   0.503993  -0.000000  -0.000000   0.503993 -35.327976 266.755756 271.811701   0.197406   0.197682 268.261208   0.198657
   275   0.000000 204.134127 -80.465409 -17.319238   0.514133  -0.000000  -0.000000   0.514133 -35.391613 266.706801 271.772289   0.197402   0.197682 268.209674   0.198656
   276   0.027633 203.908871 -80.457432 -17.248374   0.544124  -0.000000  -0.000000   0.544124 -35.458417 266.658103 271.732885   0.197397   0.197682 268.158504   0.198656
   277   0.203197 203.680343 -80.335471 -17.166951   0.683450  -0.000000  -0.000000   0.683450 -35.523476 266.609341 271.693488   0.197393   0.197682 268.106952   0.198655
   278   1.107522 203.454566 -79.627679 -17.089987   1.369560  -0.000000  -0.000000   1.369560 -35.589031 266.562133 271.654147   0.197388   0.197682 268.056552   0.198654
   279   3.564375 203.225977 -77.687174 -16.989639   3.241812  -0.000000  -0.000000   3.241812 -35.644099 266.516829 271.614913   0.197384   0.197682 268.006984   0.198654
   280   8.077987 203.000801 -74.105990 -16.872554   6.705251  -0.000000  -0.000000   6.705251 -35.686585 266.474036 271.575853   0.197380   0.197681 267.959113   0.198653
   281  14.722480 202.774987 -68.831264 -16.723409  11.852150  -0.000000  -0.000000  11.852150 -35.712721 266.432047 271.536977   0.197376   0.197679 267.911425   0.198652
   282  23.323192 202.554721 -61.989613 -16.569784  18.633658  -0.000000  -0.000000  18.633658 -35.734514 266.387521 271.498194   0.197371   0.197677 267.862293   0.198651
   283  33.614580 202.335600 -53.783844 -16.436630  27.043215  -0.000000  -0.000000  27.043215 -35.774714 266.330713 271.459131   0.197367   0.197674 267.805045   0.198651
   284  45.322071 202.120583 -44.390257 -16.425166  37.239585  -0.000000  -0.000000  37.239585 -35.898927 266.243820 271.418916   0.197363   0.197669 267.728484   0.198650
   285  58.195178 201.899125 -33.945656 -16.684276  49.763289  -0.000000  -0.000000  49.763289 -36.225666 266.088702 271.375617   0.197358   0.197663 267.606769   0.198649
   286  72.017060 201.661127 -22.475560 -17.520798  66.064897  -0.000000  -0.000000  66.064897 -37.008405 265.777380 271.324849   0.197354   0.197656 267.380007   0.198648
   287  86.604211 201.373534  -9.796797 -19.486876  90.658053  -0.000000  -0.000000  90.658053 -38.832281 265.031598 271.254296   0.197350   0.197645 266.850285   0.198647
   288 101.802621 200.982297   5.049542 -23.750353 146.065346  -0.000000  -0.000000 146.065346 -43.558883 262.273498 271.105545   0.197345   0.197627 264.826231   0.198645
   289 117.483153 200.365601  28.115899 -32.001814 **********  -0.000000  -0.000000 ********** -61.824329 286.343339 271.689059   0.197341   0.198130 270.397112   0.198659
   290 133.537169 199.299587 -69.575801        NaN        NaN        NaN        NaN        NaN 102.579953        NaN        NaN        NaN        NaN        NaN        NaN
   291 149.872779        NaN        NaN        NaN        NaN        NaN        NaN        NaN        NaN        NaN        NaN        NaN        NaN        NaN        NaN
   292 166.411727        NaN        NaN        NaN        NaN        NaN        NaN        NaN        NaN        NaN        NaN        NaN        NaN        NaN        NaN
   293 183.086877        NaN        NaN        NaN        NaN        NaN        NaN        NaN        NaN        NaN        NaN        NaN        NaN        NaN        NaN
   294 199.840189        NaN        NaN        NaN        NaN        NaN        NaN        NaN        NaN        NaN        NaN        NaN        NaN        NaN        NaN
   295 216.621099        NaN        NaN        NaN        NaN        NaN        NaN        NaN        NaN        NaN        NaN        NaN        NaN        NaN        NaN
   296 233.385225        NaN        NaN        NaN        NaN        NaN        NaN        NaN        NaN        NaN        NaN        NaN        NaN        NaN        NaN
   297 250.093324        NaN        NaN        NaN        NaN        NaN        NaN        NaN        NaN        NaN        NaN        NaN        NaN        NaN        NaN
   298 266.710453        NaN        NaN        NaN        NaN        NaN        NaN        NaN        NaN        NaN        NaN        NaN        NaN        NaN        NaN
   299 283.205292        NaN        NaN        NaN        NaN        NaN        NaN        NaN        NaN        NaN        NaN        NaN        NaN        NaN        NaN
   300 299.549591        NaN        NaN        NaN        NaN        NaN        NaN        NaN        NaN        NaN        NaN        NaN        NaN        NaN        NaN
   301 315.717721        NaN        NaN        NaN        NaN        NaN        NaN        NaN        NaN        NaN        NaN        NaN        NaN        NaN        NaN
   302 331.686303        NaN        NaN        NaN        NaN        NaN        NaN        NaN        NaN        NaN        NaN        NaN        NaN        NaN        NaN
   303 347.433903        NaN        NaN        NaN        NaN        NaN        NaN        NaN        NaN        NaN        NaN        NaN        NaN        NaN        NaN
   304 362.940782        NaN        NaN        NaN        NaN        NaN        NaN        NaN        NaN        NaN        NaN        NaN        NaN        NaN        NaN
   305 378.188686        NaN        NaN        NaN        NaN        NaN        NaN        NaN        NaN        NaN        NaN        NaN        NaN        NaN        NaN
   306 393.160668        NaN        NaN        NaN        NaN        NaN        NaN        NaN        NaN        NaN        NaN        NaN        NaN        NaN        NaN
   307 407.840945        NaN        NaN        NaN        NaN        NaN        NaN        NaN        NaN        NaN        NaN        NaN        NaN        NaN        NaN
   308 422.214769        NaN        NaN        NaN        NaN        NaN        NaN        NaN        NaN        NaN        NaN        NaN        NaN        NaN        NaN
   309 436.268330        NaN        NaN        NaN        NaN        NaN        NaN        NaN        NaN        NaN        NaN        NaN        NaN        NaN        NaN
   310 449.988660        NaN        NaN        NaN        NaN        NaN        NaN        NaN        NaN        NaN        NaN        NaN        NaN        NaN        NaN
   311 463.363562        NaN        NaN        NaN        NaN        NaN        NaN        NaN        NaN        NaN        NaN        NaN        NaN        NaN        NaN
   312 481.650953        NaN        NaN        NaN        NaN        NaN        NaN        NaN        NaN        NaN        NaN        NaN        NaN        NaN        NaN
   313 494.330359        NaN        NaN        NaN        NaN        NaN        NaN        NaN        NaN        NaN        NaN        NaN        NaN        NaN        NaN
   314 506.630370        NaN        NaN        NaN        NaN        NaN        NaN        NaN        NaN        NaN        NaN        NaN        NaN        NaN        NaN
   315 518.541369        NaN        NaN        NaN        NaN        NaN        NaN        NaN        NaN        NaN        NaN        NaN        NaN        NaN        NaN
   316 530.054262        NaN        NaN        NaN        NaN        NaN        NaN        NaN        NaN        NaN        NaN        NaN        NaN        NaN        NaN
   317 541.160446        NaN        NaN        NaN        NaN        NaN        NaN        NaN        NaN        NaN        NaN        NaN        NaN        NaN        NaN
   318 551.851785        NaN        NaN        NaN        NaN        NaN        NaN        NaN        NaN        NaN        NaN        NaN        NaN        NaN        NaN
   319 562.120589        NaN        NaN        NaN        NaN        NaN        NaN        NaN        NaN        NaN        NaN        NaN        NaN        NaN        NaN
   320 571.959592        NaN        NaN        NaN        NaN        NaN        NaN        NaN        NaN        NaN        NaN        NaN        NaN        NaN        NaN
   321 581.361941        NaN        NaN        NaN        NaN        NaN        NaN        NaN        NaN        NaN        NaN        NaN        NaN        NaN        NaN
   322 590.321175        NaN        NaN        NaN        NaN        NaN        NaN        NaN        NaN        NaN        NaN        NaN        NaN        NaN        NaN
   323 598.831217        NaN        NaN        NaN        NaN        NaN        NaN        NaN        NaN        NaN        NaN        NaN        NaN        NaN        NaN
   324 606.886361        NaN        NaN        NaN        NaN        NaN        NaN        NaN        NaN        NaN        NaN        NaN        NaN        NaN        NaN
   325 614.481266        NaN        NaN        NaN        NaN        NaN        NaN        NaN        NaN        NaN        NaN        NaN        NaN        NaN        NaN
   326 621.610941        NaN        NaN        NaN        NaN        NaN        NaN        NaN        NaN        NaN        NaN        NaN        NaN        NaN        NaN
   327 628.270746        NaN        NaN        NaN        NaN        NaN        NaN        NaN        NaN        NaN        NaN        NaN        NaN        NaN        NaN
   328 634.456378        NaN        NaN        NaN        NaN        NaN        NaN        NaN        NaN        NaN        NaN        NaN        NaN        NaN        NaN
   329 640.163872        NaN        NaN        NaN        NaN        NaN        NaN        NaN        NaN        NaN        NaN        NaN        NaN        NaN        NaN
   330 645.389593        NaN        NaN        NaN        NaN        NaN        NaN        NaN        NaN        NaN        NaN        NaN        NaN        NaN        NaN
   331 650.130230        NaN        NaN        NaN        NaN        NaN        NaN        NaN        NaN        NaN        NaN        NaN        NaN        NaN        NaN
   332 654.382798        NaN        NaN        NaN        NaN        NaN        NaN        NaN        NaN        NaN        NaN        NaN        NaN        NaN        NaN
   333 658.144631        NaN        NaN        NaN        NaN        NaN        NaN        NaN        NaN        NaN        NaN        NaN        NaN        NaN        NaN
   334 661.413378        NaN        NaN        NaN        NaN        NaN        NaN        NaN        NaN        NaN        NaN        NaN        NaN        NaN        NaN
   335 664.187007        NaN        NaN        NaN        NaN        NaN        NaN        NaN        NaN        NaN        NaN        NaN        NaN        NaN        NaN
   336 666.463795        NaN        NaN        NaN        NaN        NaN        NaN        NaN        NaN        NaN        NaN        NaN        NaN        NaN        NaN
   337 668.242334        NaN        NaN        NaN        NaN        NaN        NaN        NaN        NaN        NaN        NaN        NaN        NaN        NaN        NaN
   338 669.521525        NaN        NaN        NaN        NaN        NaN        NaN        NaN        NaN        NaN        NaN        NaN        NaN        NaN        NaN
   339 670.300580        NaN        NaN        NaN        NaN        NaN        NaN        NaN        NaN        NaN        NaN        NaN        NaN        NaN        NaN
   340 670.579017        NaN        NaN        NaN        NaN        NaN        NaN        NaN        NaN        NaN        NaN        NaN        NaN        NaN        NaN
   341 670.356665        NaN        NaN        NaN        NaN        NaN        NaN        NaN        NaN        NaN        NaN        NaN        NaN        NaN        NaN
   342 669.633662        NaN        NaN        NaN        NaN        NaN        NaN        NaN        NaN        NaN        NaN        NaN        NaN        NaN        NaN
   343 668.410452        NaN        NaN        NaN        NaN        NaN        NaN        NaN        NaN        NaN        NaN        NaN        NaN        NaN        NaN
   344 666.687791        NaN        NaN        NaN        NaN        NaN        NaN        NaN        NaN        NaN        NaN        NaN        NaN        NaN        NaN
   345 664.466743        NaN        NaN        NaN        NaN        NaN        NaN        NaN        NaN        NaN        NaN        NaN        NaN        NaN        NaN
   346 661.748680        NaN        NaN        NaN        NaN        NaN        NaN        NaN        NaN        NaN        NaN        NaN        NaN        NaN        NaN
   347 658.535291        NaN        NaN        NaN        NaN        NaN        NaN        NaN        NaN        NaN        NaN        NaN        NaN        NaN        NaN
   348 654.828573        NaN        NaN        NaN        NaN        NaN        NaN        NaN        NaN        NaN        NaN        NaN        NaN        NaN        NaN
   349 650.630840        NaN        NaN        NaN        NaN        NaN        NaN        NaN        NaN        NaN        NaN        NaN        NaN        NaN        NaN
   350 645.944724        NaN        NaN        NaN        NaN        NaN        NaN        NaN        NaN        NaN        NaN        NaN        NaN        NaN        NaN
   351 640.773174        NaN        NaN        NaN        NaN        NaN        NaN        NaN        NaN        NaN        NaN        NaN        NaN        NaN        NaN
   352 635.119464        NaN        NaN        NaN        NaN        NaN        NaN        NaN        NaN        NaN        NaN        NaN        NaN        NaN        NaN
   353 628.987192        NaN        NaN        NaN        NaN        NaN        NaN        NaN        NaN        NaN        NaN        NaN        NaN        NaN        NaN
   354 622.380287        NaN        NaN        NaN        NaN        NaN        NaN        NaN        NaN        NaN        NaN        NaN        NaN        NaN        NaN
   355 615.303013        NaN        NaN        NaN        NaN        NaN        NaN        NaN        NaN        NaN        NaN        NaN        NaN        NaN        NaN
   356 607.759973        NaN        NaN        NaN        NaN        NaN        NaN        NaN        NaN        NaN        NaN        NaN        NaN        NaN        NaN
   357 599.756116        NaN        NaN        NaN        NaN        NaN        NaN        NaN        NaN        NaN        NaN        NaN        NaN        NaN        NaN
   358 591.296745        NaN        NaN        NaN        NaN        NaN        NaN        NaN        NaN        NaN        NaN        NaN        NaN        NaN        NaN
   359 582.387526        NaN        NaN        NaN        NaN        NaN        NaN        NaN        NaN        NaN        NaN        NaN        NaN        NaN        NaN
   360 573.034492        NaN        NaN        NaN        NaN        NaN        NaN        NaN        NaN        NaN        NaN        NaN        NaN        NaN        NaN
   361 563.244060        NaN        NaN        NaN        NaN        NaN        NaN        NaN        NaN        NaN        NaN        NaN        NaN        NaN        NaN
   362 553.023040        NaN        NaN        NaN        NaN        NaN        NaN        NaN        NaN        NaN        NaN        NaN        NaN        NaN        NaN
   363 542.378651        NaN        NaN        NaN        NaN        NaN        NaN        NaN        NaN        NaN        NaN        NaN        NaN        NaN        NaN
   364 531.318533        NaN        NaN        NaN        NaN        NaN        NaN        NaN        NaN        NaN        NaN        NaN        NaN        NaN        NaN
   365 519.850773        NaN        NaN        NaN        NaN        NaN        NaN        NaN        NaN        NaN        NaN        NaN        NaN        NaN        NaN
   366 507.983918        NaN        NaN        NaN        NaN        NaN        NaN        NaN        NaN        NaN        NaN        NaN        NaN        NaN        NaN
   367 495.727009        NaN        NaN        NaN        NaN        NaN        NaN        NaN        NaN        NaN        NaN        NaN        NaN        NaN        NaN
   368 483.089600        NaN        NaN        NaN        NaN        NaN        NaN        NaN        NaN        NaN        NaN        NaN        NaN        NaN        NaN
   369 470.081800        NaN        NaN        NaN        NaN        NaN        NaN        NaN        NaN        NaN        NaN        NaN        NaN        NaN        NaN
   370 456.714307        NaN        NaN        NaN        NaN        NaN        NaN        NaN        NaN        NaN        NaN        NaN        NaN        NaN        NaN
   371 442.998452        NaN        NaN        NaN        NaN        NaN        NaN        NaN        NaN        NaN        NaN        NaN        NaN        NaN        NaN
   372 428.946256        NaN        NaN        NaN        NaN        NaN        NaN        NaN        NaN        NaN        NaN        NaN        NaN        NaN        NaN
   373 414.570486        NaN        NaN        NaN        NaN        NaN        NaN        NaN        NaN        NaN        NaN        NaN        NaN        NaN        NaN
   374 399.884730        NaN        NaN        NaN        NaN        NaN        NaN        NaN        NaN        NaN        NaN        NaN        NaN        NaN        NaN
   375 384.903481        NaN        NaN        NaN        NaN        NaN        NaN        NaN        NaN        NaN        NaN        NaN        NaN        NaN        NaN
   376 369.642235        NaN        NaN        NaN        NaN        NaN        NaN        NaN        NaN        NaN        NaN        NaN        NaN        NaN        NaN
   377 354.117607        NaN        NaN        NaN        NaN        NaN        NaN        NaN        NaN        NaN        NaN        NaN        NaN        NaN        NaN
   378 338.347475        NaN        NaN        NaN        NaN        NaN        NaN        NaN        NaN        NaN        NaN        NaN        NaN        NaN        NaN
   379 322.351141        NaN        NaN        NaN        NaN        NaN        NaN        NaN        NaN        NaN        NaN        NaN        NaN        NaN        NaN
   380 306.149532        NaN        NaN        NaN        NaN        NaN        NaN        NaN        NaN        NaN        NaN        NaN        NaN        NaN        NaN
   381 289.765438        NaN        NaN        NaN        NaN        NaN        NaN        NaN        NaN        NaN        NaN        NaN        NaN        NaN        NaN
   382 273.223800        NaN        NaN        NaN        NaN        NaN        NaN        NaN        NaN        NaN        NaN        NaN        NaN        NaN        NaN
   383 256.552056        NaN        NaN        NaN        NaN        NaN        NaN        NaN        NaN        NaN        NaN        NaN        NaN        NaN        NaN
   384 239.780567        NaN        NaN        NaN        NaN        NaN        NaN        NaN        NaN        NaN        NaN        NaN        NaN        NaN        NaN
   385 222.943134        NaN        NaN        NaN        NaN        NaN        NaN        NaN        NaN        NaN        NaN        NaN        NaN        NaN        NaN
   386 206.077638        NaN        NaN        NaN        NaN        NaN        NaN        NaN        NaN        NaN        NaN        NaN        NaN        NaN        NaN
   387 189.226822        NaN        NaN        NaN        NaN        NaN        NaN        NaN        NaN        NaN        NaN        NaN        NaN        NaN        NaN
   388 172.439271        NaN        NaN        NaN        NaN        NaN        NaN        NaN        NaN        NaN        NaN        NaN        NaN        NaN        NaN
   389 155.770621        NaN        NaN        NaN        NaN        NaN        NaN        NaN        NaN        NaN        NaN        NaN        NaN        NaN        NaN
   390 139.285079        NaN        NaN        NaN        NaN        NaN        NaN        NaN        NaN        NaN        NaN        NaN        NaN        NaN        NaN
   391 123.057315        NaN        NaN        NaN        NaN        NaN        NaN        NaN        NaN        NaN        NaN        NaN        NaN        NaN        NaN
   392 107.174822        NaN        NaN        NaN        NaN        NaN        NaN        NaN        NaN        NaN        NaN        NaN        NaN        NaN        NaN
   393  91.740849        NaN        NaN        NaN        NaN        NaN        NaN        NaN        NaN        NaN        NaN        NaN        NaN        NaN        NaN
   394  76.877972        NaN        NaN        NaN        NaN        NaN        NaN        NaN        NaN        NaN        NaN        NaN        NaN        NaN        NaN
   395  62.732318        NaN        NaN        NaN        NaN        NaN        NaN        NaN        NaN        NaN        NaN        NaN        NaN        NaN        NaN
   396  49.478223        NaN        NaN        NaN        NaN        NaN        NaN        NaN        NaN        NaN        NaN        NaN        NaN        NaN        NaN
   397  37.322556        NaN        NaN        NaN        NaN        NaN        NaN        NaN        NaN        NaN        NaN        NaN        NaN        NaN        NaN
   398  26.506668        NaN        NaN        NaN        NaN        NaN        NaN        NaN        NaN        NaN        NaN        NaN        NaN        NaN        NaN
   399  17.301029        NaN        NaN        NaN        NaN        NaN        NaN        NaN        NaN        NaN        NaN        NaN        NaN        NaN        NaN
   400   9.981604        NaN        NaN        NaN        NaN        NaN        NaN        NaN        NaN        NaN        NaN        NaN        NaN        NaN        NaN
   401   4.766434        NaN        NaN        NaN        NaN        NaN        NaN        NaN        NaN        NaN        NaN        NaN        NaN        NaN        NaN
   402   1.681876        NaN        NaN        NaN        NaN        NaN        NaN        NaN        NaN        NaN        NaN        NaN        NaN        NaN        NaN
   403   0.368355        NaN        NaN        NaN        NaN        NaN        NaN        NaN        NaN        NaN        NaN        NaN        NaN        NaN        NaN
   404   0.049169        NaN        NaN        NaN        NaN        NaN        NaN        NaN        NaN        NaN        NaN        NaN        NaN        NaN        NaN
   405   0.000000        NaN        NaN        NaN        NaN        NaN        NaN        NaN        NaN        NaN        NaN        NaN        NaN        NaN        NaN
   406   0.000000        NaN        NaN        NaN        NaN        NaN        NaN        NaN        NaN        NaN        NaN        NaN        NaN        NaN        NaN
   407   0.000000        NaN        NaN        NaN        NaN        NaN        NaN        NaN        NaN        NaN        NaN        NaN        NaN        NaN        NaN
   408   0.000000        NaN        NaN        NaN        NaN        NaN        NaN        NaN        NaN        NaN        NaN        NaN        NaN        NaN        NaN
   409   0.000000        NaN        NaN        NaN        NaN        NaN        NaN        NaN        NaN        NaN        NaN        NaN        NaN        NaN        NaN
   410   0.000000        NaN        NaN        NaN        NaN        NaN        NaN        NaN        NaN        NaN        NaN        NaN        NaN        NaN        NaN
   411   0.000000        NaN        NaN        NaN        NaN        NaN        NaN        NaN        NaN        NaN        NaN        NaN        NaN        NaN        NaN
   412   0.000000        NaN        NaN        NaN        NaN        NaN        NaN        NaN        NaN        NaN        NaN        NaN        NaN        NaN        NaN
   413   0.000000        NaN        NaN        NaN        NaN        NaN        NaN        NaN        NaN        NaN        NaN        NaN        NaN        NaN        NaN
   414   0.000000        NaN        NaN        NaN        NaN        NaN        NaN        NaN        NaN        NaN        NaN        NaN        NaN        NaN        NaN
   415   0.000000        NaN        NaN        NaN        NaN        NaN        NaN        NaN        NaN        NaN        NaN        NaN        NaN        NaN        NaN
   416   0.000000        NaN        NaN        NaN        NaN        NaN        NaN        NaN        NaN        NaN        NaN        NaN        NaN        NaN        NaN
   417   0.000000        NaN        NaN        NaN        NaN        NaN        NaN        NaN        NaN        NaN        NaN        NaN        NaN        NaN        NaN
   418   0.000000        NaN        NaN        NaN        NaN        NaN        NaN        NaN        NaN        NaN        NaN        NaN        NaN        NaN        NaN
   419   0.000000        NaN        NaN        NaN        NaN        NaN        NaN        NaN        NaN        NaN        NaN        NaN        NaN        NaN        NaN
   420   0.000000        NaN        NaN        NaN        NaN        NaN        NaN        NaN        NaN        NaN        NaN        NaN        NaN        NaN        NaN
   421   0.000000        NaN        NaN        NaN        NaN        NaN        NaN        NaN        NaN        NaN        NaN        NaN        NaN        NaN        NaN
   422   0.000000        NaN        NaN        NaN        NaN        NaN        NaN        NaN        NaN        NaN        NaN        NaN        NaN        NaN        NaN
   423   0.000000        NaN        NaN        NaN        NaN        NaN        NaN        NaN        NaN        NaN        NaN        NaN        NaN        NaN        NaN
   424   0.000000        NaN        NaN        NaN        NaN        NaN        NaN        NaN        NaN        NaN        NaN        NaN        NaN        NaN        NaN
   425   0.000000        NaN        NaN        NaN        NaN        NaN        NaN        NaN        NaN        NaN        NaN        NaN        NaN        NaN        NaN
   426   0.000000        NaN        NaN        NaN        NaN        NaN        NaN        NaN        NaN        NaN        NaN        NaN        NaN        NaN        NaN
   427   0.000000        NaN        NaN        NaN        NaN        NaN        NaN        NaN        NaN        NaN        NaN        NaN        NaN        NaN        NaN
   428   0.000000        NaN        NaN        NaN        NaN        NaN        NaN        NaN        NaN        NaN        NaN        NaN        NaN        NaN        NaN
   429   0.000000        NaN        NaN        NaN        NaN        NaN        NaN        NaN        NaN        NaN        NaN        NaN        NaN        NaN        NaN
   430   0.000000        NaN        NaN        NaN        NaN        NaN        NaN        NaN        NaN        NaN        NaN        NaN        NaN        NaN        NaN
   431   0.000000        NaN        NaN        NaN        NaN        NaN        NaN        NaN        NaN        NaN        NaN        NaN        NaN        NaN        NaN
   432   0.000000        NaN        NaN        NaN        NaN        NaN        NaN        NaN        NaN        NaN        NaN        NaN        NaN        NaN        NaN
   433   0.000000        NaN        NaN        NaN        NaN        NaN        NaN        NaN        NaN        NaN        NaN        NaN        NaN        NaN        NaN
   434   0.000000        NaN        NaN        NaN        NaN        NaN        NaN        NaN        NaN        NaN        NaN        NaN        NaN        NaN        NaN
   435   0.000000        NaN        NaN        NaN        NaN        NaN        NaN        NaN        NaN        NaN        NaN        NaN        NaN        NaN        NaN
   436   0.000000        NaN        NaN        NaN        NaN        NaN        NaN        NaN        NaN        NaN        NaN        NaN        NaN        NaN        NaN
   437   0.000000        NaN        NaN        NaN        NaN        NaN        NaN        NaN        NaN        NaN        NaN        NaN        NaN        NaN        NaN
   438   0.000000        NaN        NaN        NaN        NaN        NaN        NaN        NaN        NaN        NaN        NaN        NaN        NaN        NaN        NaN
   439   0.000000        NaN        NaN        NaN        NaN        NaN        NaN        NaN        NaN        NaN        NaN        NaN        NaN        NaN        NaN
   440   0.000000        NaN        NaN        NaN        NaN        NaN        NaN        NaN        NaN        NaN        NaN        NaN        NaN        NaN        NaN
   441   0.000000        NaN        NaN        NaN        NaN        NaN        NaN        NaN        NaN        NaN        NaN        NaN        NaN        NaN        NaN
   442   0.000000        NaN        NaN        NaN        NaN        NaN        NaN        NaN        NaN        NaN        NaN        NaN        NaN        NaN        NaN
   443   0.000000        NaN        NaN        NaN        NaN        NaN        NaN        NaN        NaN        NaN        NaN        NaN        NaN        NaN        NaN
   444   0.000000        NaN        NaN        NaN        NaN        NaN        NaN        NaN        NaN        NaN        NaN        NaN        NaN        NaN        NaN
   445   0.000000        NaN        NaN        NaN        NaN        NaN        NaN        NaN        NaN        NaN        NaN        NaN        NaN        NaN        NaN
   446   0.000000        NaN        NaN        NaN        NaN        NaN        NaN        NaN        NaN        NaN        NaN        NaN        NaN        NaN        NaN
   447   0.000000        NaN        NaN        NaN        NaN        NaN        NaN        NaN        NaN        NaN        NaN        NaN        NaN        NaN        NaN
   448   0.000000        NaN        NaN        NaN        NaN        NaN        NaN        NaN        NaN        NaN        NaN        NaN        NaN        NaN        NaN
   449   0.000000        NaN        NaN        NaN        NaN        NaN        NaN        NaN        NaN        NaN        NaN        NaN        NaN        NaN        NaN
   450   0.000000        NaN        NaN        NaN        NaN        NaN        NaN        NaN        NaN        NaN        NaN        NaN        NaN        NaN        NaN
   451   0.000000        NaN        NaN        NaN        NaN        NaN        NaN        NaN        NaN        NaN        NaN        NaN        NaN        NaN        NaN
   452   0.000000        NaN        NaN        NaN        NaN        NaN        NaN        NaN        NaN        NaN        NaN        NaN        NaN        NaN        NaN
   453   0.000000        NaN        NaN        NaN        NaN        NaN        NaN        NaN        NaN        NaN        NaN        NaN        NaN        NaN        NaN
   454   0.000000        NaN        NaN        NaN        NaN        NaN        NaN        NaN        NaN        NaN        NaN        NaN        NaN        NaN        NaN
   455   0.000000        NaN        NaN        NaN        NaN        NaN        NaN        NaN        NaN        NaN        NaN        NaN        NaN        NaN        NaN
   456   0.000000        NaN        NaN        NaN        NaN        NaN        NaN        NaN        NaN        NaN        NaN        NaN        NaN        NaN        NaN
   457   0.000000        NaN        NaN        NaN        NaN        NaN        NaN        NaN        NaN        NaN        NaN        NaN        NaN        NaN        NaN
   458   0.000000        NaN        NaN        NaN        NaN        NaN        NaN        NaN        NaN        NaN        NaN        NaN        NaN        NaN        NaN
   459   0.000000        NaN        NaN        NaN        NaN        NaN        NaN        NaN        NaN        NaN        NaN        NaN        NaN        NaN        NaN
   460   0.000000        NaN        NaN        NaN        NaN        NaN        NaN        NaN        NaN        NaN        NaN        NaN        NaN        NaN        NaN
   461   0.000000        NaN        NaN        NaN        NaN        NaN        NaN        NaN        NaN        NaN        NaN        NaN        NaN        NaN        NaN
   462   0.000000        NaN        NaN        NaN        NaN        NaN        NaN        NaN        NaN        NaN        NaN        NaN        NaN        NaN        NaN
   463   0.000000        NaN        NaN        NaN        NaN        NaN        NaN        NaN        NaN        NaN        NaN        NaN        NaN        NaN        NaN
   464   0.000000        NaN        NaN        NaN        NaN        NaN        NaN        NaN        NaN        NaN        NaN        NaN        NaN        NaN        NaN
   465   0.000000        NaN        NaN        NaN        NaN        NaN        NaN        NaN        NaN        NaN        NaN        NaN        NaN        NaN        NaN
   466   0.000000        NaN        NaN        NaN        NaN        NaN        NaN        NaN        NaN        NaN        NaN        NaN        NaN        NaN        NaN
   467   0.000000        NaN        NaN        NaN        NaN        NaN        NaN        NaN        NaN        NaN        NaN        NaN        NaN        NaN        NaN
   468   0.000000        NaN        NaN        NaN        NaN        NaN        NaN        NaN        NaN        NaN        NaN        NaN        NaN        NaN        NaN
   469   0.000000        NaN        NaN        NaN        NaN        NaN        NaN        NaN        NaN        NaN        NaN        NaN        NaN        NaN        NaN
   470   0.000000        NaN        NaN        NaN        NaN        NaN        NaN        NaN        NaN        NaN        NaN        NaN        NaN        NaN        NaN
   471   0.000000        NaN        NaN        NaN        NaN        NaN        NaN        NaN        NaN        NaN        NaN        NaN        NaN        NaN        NaN
   472   0.000000        NaN        NaN        NaN        NaN        NaN        NaN        NaN        NaN        NaN        NaN        NaN        NaN        NaN        NaN
   473   0.000000        NaN        NaN        NaN        NaN        NaN        NaN        NaN        NaN        NaN        NaN        NaN        NaN        NaN        NaN
   474   0.000000        NaN        NaN        NaN        NaN        NaN        NaN        NaN        NaN        NaN        NaN        NaN        NaN        NaN        NaN
   475   0.000000        NaN        NaN        NaN        NaN        NaN        NaN        NaN        NaN        NaN        NaN        NaN        NaN        NaN        NaN
   476   0.000000        NaN        NaN        NaN        NaN        NaN        NaN        NaN        NaN        NaN        NaN        NaN        NaN        NaN        NaN
   477   0.000000        NaN        NaN        NaN        NaN        NaN        NaN        NaN        NaN        NaN        NaN        NaN        NaN        NaN        NaN
   478   0.000000        NaN        NaN        NaN        NaN        NaN        NaN        NaN        NaN        NaN        NaN        NaN        NaN        NaN        NaN
   479   0.000000        NaN        NaN        NaN        NaN        NaN        NaN        NaN        NaN        NaN        NaN        NaN        NaN        NaN        NaN
   480   0.000000        NaN        NaN        NaN        NaN        NaN        NaN        NaN        NaN        NaN        NaN        NaN        NaN        NaN        NaN
   481   0.000000        NaN        NaN        NaN        NaN        NaN        NaN        NaN        NaN        NaN        NaN        NaN        NaN        NaN        NaN
   482   0.000000        NaN        NaN        NaN        NaN        NaN        NaN        NaN        NaN        NaN        NaN        NaN        NaN        NaN        NaN
   483   0.000000        NaN        NaN        NaN        NaN        NaN        NaN        NaN        NaN        NaN        NaN        NaN        NaN        NaN        NaN
   484   0.000000        NaN        NaN        NaN        NaN        NaN        NaN        NaN        NaN        NaN        NaN        NaN        NaN        NaN        NaN
   485   0.000000        NaN        NaN        NaN        NaN        NaN        NaN        NaN        NaN        NaN        NaN        NaN        NaN        NaN        NaN
   486   0.000000        NaN        NaN        NaN        NaN        NaN        NaN        NaN        NaN        NaN        NaN        NaN        NaN        NaN        NaN
   487   0.000000        NaN        NaN        NaN        NaN        NaN        NaN        NaN        NaN        NaN        NaN        NaN        NaN        NaN        NaN
   488   0.000000        NaN        NaN        NaN        NaN        NaN        NaN        NaN        NaN        NaN        NaN        NaN        NaN        NaN        NaN
   489   0.000000        NaN        NaN        NaN        NaN        NaN        NaN        NaN        NaN        NaN        NaN        NaN        NaN        NaN        NaN
   490   0.000000        NaN        NaN        NaN        NaN        NaN        NaN        NaN        NaN        NaN        NaN        NaN        NaN        NaN        NaN
   491   0.000000        NaN        NaN        NaN        NaN        NaN        NaN        NaN        NaN        NaN        NaN        NaN        NaN        NaN        NaN
   492   0.000000        NaN        NaN        NaN        NaN        NaN        NaN        NaN        NaN        NaN        NaN        NaN        NaN        NaN        NaN
   493   0.000000        NaN        NaN        NaN        NaN        NaN        NaN        NaN        NaN        NaN        NaN        NaN        NaN        NaN        NaN
   494   0.000000        NaN        NaN        NaN        NaN        NaN        NaN        NaN        NaN        NaN        NaN        NaN        NaN        NaN        NaN
   495   0.000000        NaN        NaN        NaN        NaN        NaN        NaN        NaN        NaN        NaN        NaN        NaN        NaN        NaN        NaN
   496   0.000000        NaN        NaN        NaN        NaN        NaN        NaN        NaN        NaN        NaN        NaN        NaN        NaN        NaN        NaN
   497   0.000000        NaN        NaN        NaN        NaN        NaN        NaN        NaN        NaN        NaN        NaN        NaN        NaN        NaN        NaN
   498   0.000000        NaN        NaN        NaN        NaN        NaN        NaN        NaN        NaN        NaN        NaN        NaN        NaN        NaN        NaN
   499   0.000000        NaN        NaN        NaN        NaN        NaN        NaN        NaN        NaN        NaN        NaN        NaN        NaN        NaN        NaN
   500   0.000000        NaN        NaN        NaN        NaN        NaN        NaN        NaN        NaN        NaN        NaN        NaN        NaN        NaN        NaN
   501   0.000000        NaN        NaN        NaN        NaN        NaN        NaN        NaN        NaN        NaN        NaN        NaN        NaN        NaN        NaN
   502   0.000000        NaN        NaN        NaN        NaN        NaN        NaN        NaN        NaN        NaN        NaN        NaN        NaN        NaN        NaN
   503   0.000000        NaN        NaN        NaN        NaN        NaN        NaN        NaN        NaN        NaN        NaN        NaN        NaN        NaN        NaN
   504   0.000000        NaN        NaN        NaN        NaN        NaN        NaN        NaN        NaN        NaN        NaN        NaN        NaN        NaN        NaN
   505   0.000000        NaN        NaN        NaN        NaN        NaN        NaN        NaN        NaN        NaN        NaN        NaN        NaN        NaN        NaN
   506   0.000000        NaN        NaN        NaN        NaN        NaN        NaN        NaN        NaN        NaN        NaN        NaN        NaN        NaN        NaN
   507   0.000000        NaN        NaN        NaN        NaN        NaN        NaN        NaN        NaN        NaN        NaN        NaN        NaN        NaN        NaN
   508   0.000000        NaN        NaN        NaN        NaN        NaN        NaN        NaN        NaN        NaN        NaN        NaN        NaN        NaN        NaN
   509   0.000000        NaN        NaN        NaN        NaN        NaN        NaN        NaN        NaN        NaN        NaN        NaN        NaN        NaN        NaN
   510   0.000000        NaN        NaN        NaN        NaN        NaN        NaN        NaN        NaN        NaN        NaN        NaN        NaN        NaN        NaN
   511   0.000000        NaN        NaN        NaN        NaN        NaN        NaN        NaN        NaN        NaN        NaN        NaN        NaN        NaN        NaN
   512   0.000000        NaN        NaN        NaN        NaN        NaN        NaN        NaN        NaN        NaN        NaN        NaN        NaN        NaN        NaN
   513   0.000000        NaN        NaN        NaN        NaN        NaN        NaN        NaN        NaN        NaN        NaN        NaN        NaN        NaN        NaN
   514   0.000000        NaN        NaN        NaN        NaN        NaN        NaN        NaN        NaN        NaN        NaN        NaN        NaN        NaN        NaN
   515   0.000000        NaN        NaN        NaN        NaN        NaN        NaN        NaN        NaN        NaN        NaN        NaN        NaN        NaN        NaN
   516   0.000000        NaN        NaN        NaN        NaN        NaN        NaN        NaN        NaN        NaN        NaN        NaN        NaN        NaN        NaN
   517   0.000000        NaN        NaN        NaN        NaN        NaN        NaN        NaN        NaN        NaN        NaN        NaN        NaN        NaN        NaN
   518   0.000000        NaN        NaN        NaN        NaN        NaN        NaN        NaN        NaN        NaN        NaN        NaN        NaN        NaN        NaN
   519   0.000000        NaN        NaN        NaN        NaN        NaN        NaN        NaN        NaN        NaN        NaN        NaN        NaN        NaN        NaN
   520   0.000000        NaN        NaN        NaN        NaN        NaN        NaN        NaN        NaN        NaN        NaN        NaN        NaN        NaN        NaN
   521   0.000000        NaN        NaN        NaN        NaN        NaN        NaN        NaN        NaN        NaN        NaN        NaN        NaN        NaN        NaN
   522   0.000000        NaN        NaN        NaN        NaN        NaN        NaN        NaN        NaN        NaN        NaN        NaN        NaN        NaN        NaN
   523   0.000000        NaN        NaN        NaN        NaN        NaN        NaN        NaN        NaN        NaN        NaN        NaN        NaN        NaN        NaN
   524   0.000000        NaN        NaN        NaN        NaN        NaN        NaN        NaN        NaN        NaN        NaN        NaN        NaN        NaN        NaN
   525   0.000000        NaN        NaN        NaN        NaN        NaN        NaN        NaN        NaN        NaN        NaN        NaN        NaN        NaN        NaN
   526   0.000000        NaN        NaN        NaN        NaN        NaN        NaN        NaN        NaN        NaN        NaN        NaN        NaN        NaN        NaN
   527   0.000000        NaN        NaN        NaN        NaN        NaN        NaN        NaN        NaN        NaN        NaN        NaN        NaN        NaN        NaN
   528   0.000000        NaN        NaN        NaN        NaN        NaN        NaN        NaN        NaN        NaN        NaN        NaN        NaN        NaN        NaN
   529   0.000000        NaN        NaN        NaN        NaN        NaN        NaN        NaN        NaN        NaN        NaN        NaN        NaN        NaN        NaN
   530   0.000000        NaN        NaN        NaN        NaN        NaN        NaN        NaN        NaN        NaN        NaN        NaN        NaN        NaN        NaN
   531   0.000000        NaN        NaN        NaN        NaN        NaN        NaN        NaN        NaN        NaN        NaN        NaN        NaN        NaN        NaN
   532   0.000000        NaN        NaN        NaN        NaN        NaN        NaN        NaN        NaN        NaN        NaN        NaN        NaN        NaN        NaN
   533   0.000000        NaN        NaN        NaN        NaN        NaN        NaN        NaN        NaN        NaN        NaN        NaN        NaN        NaN        NaN
   534   0.000000        NaN        NaN        NaN        NaN        NaN        NaN        NaN        NaN        NaN        NaN        NaN        NaN        NaN        NaN
   535   0.000000        NaN        NaN        NaN        NaN        NaN        NaN        NaN        NaN        NaN        NaN        NaN        NaN        NaN        NaN
   536   0.000000        NaN        NaN        NaN        NaN        NaN        NaN        NaN        NaN        NaN        NaN        NaN        NaN        NaN        NaN
   537   0.000000        NaN        NaN        NaN        NaN        NaN        NaN        NaN        NaN        NaN        NaN        NaN        NaN        NaN        NaN
   538   0.000000        NaN        NaN        NaN        NaN        NaN        NaN        NaN        NaN        NaN        NaN        NaN        NaN        NaN        NaN
   539   0.000000        NaN        NaN        NaN        NaN        NaN        NaN        NaN        NaN        NaN        NaN        NaN        NaN        NaN        NaN
   540   0.000000        NaN        NaN        NaN        NaN        NaN        NaN        NaN        NaN        NaN        NaN        NaN        NaN        NaN        NaN
   541   0.000000        NaN        NaN        NaN        NaN        NaN        NaN        NaN        NaN        NaN        NaN        NaN        NaN        NaN        NaN
   542   0.000000        NaN        NaN        NaN        NaN        NaN        NaN        NaN        NaN        NaN        NaN        NaN        NaN        NaN        NaN
   543   0.000000        NaN        NaN        NaN        NaN        NaN        NaN        NaN        NaN        NaN        NaN        NaN        NaN        NaN        NaN
   544   0.000000        NaN        NaN        NaN        NaN        NaN        NaN        NaN        NaN        NaN        NaN        NaN        NaN        NaN        NaN
   545   0.000000        NaN        NaN        NaN        NaN        NaN        NaN        NaN        NaN        NaN        NaN        NaN        NaN        NaN        NaN
   546   0.000000        NaN        NaN        NaN        NaN        NaN        NaN        NaN        NaN        NaN        NaN        NaN        NaN        NaN        NaN
   547   0.000000        NaN        NaN        NaN        NaN        NaN        NaN        NaN        NaN        NaN        NaN        NaN        NaN        NaN        NaN
   548   0.000000        NaN        NaN        NaN        NaN        NaN        NaN        NaN        NaN        NaN        NaN        NaN        NaN        NaN        NaN
   549   0.000000        NaN        NaN        NaN        NaN        NaN        NaN        NaN        NaN        NaN        NaN        NaN        NaN        NaN        NaN
   550   0.000000        NaN        NaN        NaN        NaN        NaN        NaN        NaN        NaN        NaN        NaN        NaN        NaN        NaN        NaN
   551   0.000000        NaN        NaN        NaN        NaN        NaN        NaN        NaN        NaN        NaN        NaN        NaN        NaN        NaN        NaN
   552   0.000000        NaN        NaN        NaN        NaN        NaN        NaN        NaN        NaN        NaN        NaN        NaN        NaN        NaN        NaN
   553   0.000000        NaN        NaN        NaN        NaN        NaN        NaN        NaN        NaN        NaN        NaN        NaN        NaN        NaN        NaN
   554   0.000000        NaN        NaN        NaN        NaN        NaN        NaN        NaN        NaN        NaN        NaN        NaN        NaN        NaN        NaN
   555   0.000000        NaN        NaN        NaN        NaN        NaN        NaN        NaN        NaN        NaN        NaN        NaN        NaN        NaN        NaN
   556   0.000000        NaN        NaN        NaN        NaN        NaN        NaN        NaN        NaN        NaN        NaN        NaN        NaN        NaN        NaN
   557   0.000000        NaN        NaN        NaN        NaN        NaN        NaN        NaN        NaN        NaN        NaN        NaN        NaN        NaN        NaN
   558   0.000000        NaN        NaN        NaN        NaN        NaN        NaN        NaN        NaN        NaN        NaN        NaN        NaN        NaN        NaN
   559   0.000000        NaN        NaN        NaN        NaN        NaN        NaN        NaN        NaN        NaN        NaN        NaN        NaN        NaN        NaN
   560   0.000000        NaN        NaN        NaN        NaN        NaN        NaN        NaN        NaN        NaN        NaN        NaN        NaN        NaN        NaN
   561   0.000000        NaN        NaN        NaN        NaN        NaN        NaN        NaN        NaN        NaN        NaN        NaN        NaN        NaN        NaN
   562   0.000000        NaN        NaN        NaN        NaN        NaN        NaN        NaN        NaN        NaN        NaN        NaN        NaN        NaN        NaN
   563   0.000000        NaN        NaN        NaN        NaN        NaN        NaN        NaN        NaN        NaN        NaN        NaN        NaN        NaN        NaN
   564   0.039444        NaN        NaN        NaN        NaN        NaN        NaN        NaN        NaN        NaN        NaN        NaN        NaN        NaN        NaN
   565   0.299562        NaN        NaN        NaN        NaN        NaN        NaN        NaN        NaN        NaN        NaN        NaN        NaN        NaN        NaN
   566   1.458094        NaN        NaN        NaN        NaN        NaN        NaN        NaN        NaN        NaN        NaN        NaN        NaN        NaN        NaN
   567   4.317559        NaN        NaN        NaN        NaN        NaN        NaN        NaN        NaN        NaN        NaN        NaN        NaN        NaN        NaN
   568   9.290054        NaN        NaN        NaN        NaN        NaN        NaN        NaN        NaN        NaN        NaN        NaN        NaN        NaN        NaN
   569  16.382590        NaN        NaN        NaN        NaN        NaN        NaN        NaN        NaN        NaN        NaN        NaN        NaN        NaN        NaN
   570  25.390383        NaN        NaN        NaN        NaN        NaN        NaN        NaN        NaN        NaN        NaN        NaN        NaN        NaN        NaN
   571  36.039777        NaN        NaN        NaN        NaN        NaN        NaN        NaN        NaN        NaN        NaN        NaN        NaN        NaN        NaN
   572  48.058016        NaN        NaN        NaN        NaN        NaN        NaN        NaN        NaN        NaN        NaN        NaN        NaN        NaN        NaN
   573  61.200008        NaN        NaN        NaN        NaN        NaN        NaN        NaN        NaN        NaN        NaN        NaN        NaN        NaN        NaN
   574  75.255042        NaN        NaN        NaN        NaN        NaN        NaN        NaN        NaN        NaN        NaN        NaN        NaN        NaN        NaN
   575  90.045335        NaN        NaN        NaN        NaN        NaN        NaN        NaN        NaN        NaN        NaN        NaN        NaN        NaN        NaN
   576 105.421836        NaN        NaN        NaN        NaN        NaN        NaN        NaN        NaN        NaN        NaN        NaN        NaN        NaN        NaN
