     0 172.710834 247.991806  55.657751   1.069494  -8.251367  -8.251367   0.000000   0.000000   0.000000 278.755736 276.920026   0.117608   0.117430 278.668062   0.117455
     1 192.286009 248.227160  62.541123  36.271847   8.021652   8.021652   0.000000   0.000000  12.849968 278.956463 276.994039   0.117434   0.117429 278.743799   0.117429
     2 211.878127 250.020591  78.996949  33.281412   7.041223   7.041223   0.000000   0.000000  13.736964 279.704708 277.089815   0.117280   0.117428 279.143730   0.117407
     3 231.435835 251.314373  92.310583  44.823025   8.681054   8.681054   0.000000   0.000000  18.304251 280.291794 277.199232   0.117267   0.117427 279.426854   0.117379
     4 250.916476 252.774851 106.476714  52.245508   9.320159   9.320159   0.000000   0.000000  21.647935 280.928112 277.323160   0.117252   0.117426 279.734685   0.117350
     5 270.283997 254.252250 120.310835  61.097098  10.053497  10.053497   0.000000   0.000000  25.234665 281.552519 277.460045   0.117236   0.117424 280.037901   0.117318
     6 289.507431 255.788696 134.124362  69.694357  10.588666  10.588666   0.000000   0.000000  28.647318 282.180929 277.609123   0.117217   0.117423 280.346636   0.117285
     7 308.559788 257.352391 147.787278  78.576025  11.020313  11.020313   0.000000   0.000000  32.002642 282.760991 277.767699   0.117196   0.117422 280.652384   0.117251
     8 327.417228 258.933231 161.530647  86.368091  12.759102  12.759102   0.000000   0.000000  34.953042 283.323083 277.934533   0.117170   0.117420 280.956935   0.117211
     9 346.058441 260.498334 175.157932  93.983084  15.073094  15.073094   0.000000   0.000000  37.719853 283.873826 278.108761   0.117137   0.117419 281.255789   0.117164
    10 364.464174 262.044394 188.618740 101.591078  17.398863  17.398863   0.000000   0.000000  40.355457 284.411791 278.289547   0.117096   0.117416 281.548631   0.117110
    11 382.616868 263.565157 201.901122 109.170142  19.739839  19.739839   0.000000   0.000000  42.855702 284.935972 278.476093   0.117047   0.117414 281.834637   0.117048
    12 400.500377 265.052505 214.990443 116.720380  22.094654  22.094654   0.000000   0.000000  45.219149 285.445216 278.667624   0.116988   0.117411 282.112634   0.116980
    13 418.099745 266.500840 227.876316 124.224987  24.458379  24.458379   0.000000   0.000000  47.443143 285.938871 278.863404   0.116919   0.117408 282.381885   0.116904
    14 435.401032 267.906632 240.548696 131.671252  26.825987  26.825987   0.000000   0.000000  49.528269 286.416583 279.062743   0.116838   0.117405 282.641993   0.116821
    15 452.391174 269.267971 252.998299 139.046441  29.190903  29.190903   0.000000   0.000000  51.476882 286.878290 279.265002   0.116744   0.117402 282.892822   0.116730
    16 469.057876 270.584785 265.216741 146.335658  31.546271  31.546271   0.000000   0.000000  53.293012 287.324239 279.469601   0.116635   0.117398 283.134528   0.116633
    17 485.389515 271.858398 277.195882 153.524711  33.886524  33.886524   0.000000   0.000000  54.982465 287.754883 279.676015   0.116512   0.117394 283.367476   0.116528
    18 501.375075 273.090240 288.927038 160.604235  36.207050  36.207050   0.000000   0.000000  56.552071 288.170688 279.883774   0.116372   0.117390 283.592023   0.116417
    19 517.004081 274.281251 300.401330 167.567406  38.502823  38.502823   0.000000   0.000000  58.008396 288.572081 280.092452   0.116214   0.117385 283.808422   0.116299
    20 532.266554 275.431917 311.609979 174.408351  40.768483  40.768483   0.000000   0.000000  59.357399 288.959444 280.301664   0.116037   0.117380 284.016828   0.116174
    21 547.152973 276.542516 322.544538 181.121129  42.998948  42.998948   0.000000   0.000000  60.604457 289.333127 280.511059   0.115840   0.117375 284.217355   0.116042
    22 561.654236 277.613442 333.197117 187.698747  45.189520  45.189520   0.000000   0.000000  61.754477 289.693481 280.720315   0.115620   0.117369 284.410128   0.115904
    23 575.761641 278.645461 343.560446 194.133224  47.335792  47.335792   0.000000   0.000000  62.812160 290.040887 280.929143   0.115377   0.117364 284.595333   0.115759
    24 594.975686 279.639750 358.034795 200.416827  49.433856  49.433856   0.000000   0.000000  63.782208 290.472991 281.141054   0.115108   0.117358 284.777711   0.115609
    25 608.292523 280.597766 367.293052 209.930700  52.189370  52.189370   0.000000   0.000000  65.323560 290.775490 281.350875   0.114808   0.117352 284.947679   0.115450
    26 621.190705 281.563946 376.915320 214.951468  54.030903  54.030903   0.000000   0.000000  65.972303 291.097090 281.559727   0.114478   0.117345 285.119220   0.115286
    27 633.662934 282.462744 386.022721 221.091669  56.049709  56.049709   0.000000   0.000000  66.761541 291.395444 281.766948   0.114117   0.117338 285.278349   0.115116
    28 645.702226 283.334141 394.877957 226.617816  57.921041  57.921041   0.000000   0.000000  67.399471 291.685666 281.972515   0.113721   0.117331 285.432241   0.114941
    29 657.301900 284.171232 403.387630 232.102619  59.754048  59.754048   0.000000   0.000000  67.992052 291.963613 282.176232   0.113288   0.117324 285.579671   0.114761
    30 668.455575 284.979361 411.574883 237.362978  61.511196  61.511196   0.000000   0.000000  68.511670 292.231029 282.377974   0.112816   0.117317 285.721635   0.114576
    31 679.157158 285.758969 419.426278 242.456333  63.201243  63.201243   0.000000   0.000000  68.971384 292.487651 282.577605   0.112301   0.117309 285.858250   0.114386
    32 689.400843 286.511830 426.940797 247.360227  64.818107  64.818107   0.000000   0.000000  69.370316 292.733823 282.775005   0.111740   0.117302 285.989865   0.114191
    33 699.181109 287.239385 434.113981 252.076015  66.361514  66.361514   0.000000   0.000000  69.711725 292.969699 282.970056   0.111128   0.117294 286.116760   0.113993
    34 708.492710 287.943393 440.942928 256.595772  67.830640  67.830640   0.000000   0.000000  69.997494 293.195512 283.162653   0.110462   0.117285 286.239264   0.113791
    35 717.330680 288.625718 447.424580 260.913457  69.226161  69.226161   0.000000   0.000000  70.230009 293.411490 283.352697   0.109736   0.117277 286.357710   0.113584
    36 725.690324 289.288348 453.556224 265.021633  70.549257  70.549257   0.000000   0.000000  70.411557 293.617886 283.540097   0.108945   0.117269 286.472447   0.113375
    37 733.567221 289.933335 459.335271 268.962965  71.804162  71.804162   0.000000   0.000000  70.544523 293.813860 283.724733   0.108082   0.117260 286.584040   0.113162
    38 740.957220 290.564239 464.766873 272.672603  72.982309  72.982309   0.000000   0.000000  70.623890 294.000307 283.906517   0.107141   0.117251 286.693082   0.112946
    39 747.856438 291.182848 469.844992 276.165277  74.090084  74.090084   0.000000   0.000000  70.656534 294.177420 284.085371   0.106112   0.117242 286.799857   0.112727
    40 754.261264 291.791219 474.567962 279.428831  75.127821  75.127821   0.000000   0.000000  70.644343 294.345559 284.261232   0.104987   0.117233 286.904697   0.112506
    41 760.168353 292.390993 478.932962 282.460676  76.097276  76.097276   0.000000   0.000000  70.590290 294.504976 284.434040   0.103755   0.117224 287.007866   0.112283
    42 765.574626 292.983512 482.937663 285.256645  76.999348  76.999348   0.000000   0.000000  70.496553 294.655898 284.603747   0.102404   0.117215 287.109575   0.112057
    43 770.477273 293.569674 486.579658 287.814719  77.834783  77.834783   0.000000   0.000000  70.365055 294.798481 284.770305   0.100922   0.117206 287.209965   0.111830
    44 774.873751 294.149940 489.856687 290.133540  78.603846  78.603846   0.000000   0.000000  70.197230 294.932828 284.933671   0.099293   0.117196 287.309105   0.111601
    45 778.761782 294.724378 492.766627 292.212455  79.306364  79.306364   0.000000   0.000000  69.994101 295.058988 285.093797   0.097502   0.117187 287.407000   0.111370
    46 782.139355 295.292763 495.307554 294.051082  79.941727  79.941727   0.000000   0.000000  69.756336 295.176978 285.250640   0.095535   0.117177 287.503608   0.111138
    47 785.004725 295.854686 497.477768 295.649152  80.509025  80.509025   0.000000   0.000000  69.484364 295.286789 285.404150   0.093377   0.117168 287.598861   0.110905
    48 787.356413 296.409649 499.275810 297.006388  81.007206  81.007206   0.000000   0.000000  69.178469 295.388403 285.554278   0.091018   0.117158 287.692672   0.110672
    49 789.193207 296.957141 500.700471 298.122431  81.435250  81.435250   0.000000   0.000000  68.838870 295.481799 285.700974   0.088451   0.117148 287.784957   0.110438
    50 790.514160 297.496698 501.750810 298.996746  81.792291  81.792291   0.000000   0.000000  68.465775 295.566958 285.844185   0.085681   0.117138 287.875638   0.110203
    51 791.318592 298.027947 502.426159 299.628555  82.077713  82.077713   0.000000   0.000000  68.059416 295.643870 285.983858   0.082726   0.117128 287.964650   0.109968
    52 791.606089 298.550638 502.726124 300.016850  82.291208  82.291208   0.000000   0.000000  67.620085 295.712535 286.119943   0.079620   0.117119 288.051950   0.109734
    53 791.376503 299.064638 502.650567 300.160475  82.432790  82.432790   0.000000   0.000000  67.148147 295.772964 286.252387   0.076414   0.117109 288.137512   0.109499
    54 790.629952 299.569930 502.199602 300.058200  82.502780  82.502780   0.000000   0.000000  66.644038 295.825178 286.381142   0.073176   0.117099 288.221328   0.109266
    55 789.366820 300.066589 501.373573 299.708812  82.501777  82.501777   0.000000   0.000000  66.108255 295.869205 286.506158   0.069976   0.117089 288.303403   0.109032
    56 787.587758 300.554746 500.173044 299.111230  82.430621  82.430621   0.000000   0.000000  65.541333 295.905078 286.627389   0.066885   0.117079 288.383754   0.108800
    57 785.293683 301.034555 498.598776 298.264616  82.290336  82.290336   0.000000   0.000000  64.943823 295.932825 286.744789   0.063959   0.117069 288.462396   0.108569
    58 782.485777 301.506152 496.651727 297.168433  82.082081  82.082081   0.000000   0.000000  64.316253 295.952472 286.858315   0.061233   0.117059 288.539344   0.108340
    59 779.165489 301.969626 494.333042 295.822469  81.807095  81.807095   0.000000   0.000000  63.659099 295.964034 286.967924   0.058727   0.117049 288.614605   0.108112
    60 775.334534 302.425000 491.644056 294.226846  81.466672  81.466672   0.000000   0.000000  62.972769 295.967514 287.073574   0.056441   0.117040 288.688173   0.107885
    61 770.994894 302.872209 488.586288 292.382030  81.062124  81.062124   0.000000   0.000000  62.257583 295.962903 287.175222   0.054368   0.117030 288.760028   0.107661
    62 766.148816 303.311088 485.161438 290.288821  80.594767  80.594767   0.000000   0.000000  61.513769 295.950175 287.272824   0.052491   0.117020 288.830135   0.107439
    63 760.798814 303.741369 481.371394 287.948304  80.065899  80.065899   0.000000   0.000000  60.741451 295.929290 287.366338   0.050793   0.117011 288.898442   0.107219
    64 754.947669 304.162692 477.218236 285.361785  79.476794  79.476794   0.000000   0.000000  59.940663 295.900199 287.455719   0.049255   0.117001 288.964878   0.107001
    65 748.598428 304.574619 472.704241 282.530722  78.828707  78.828707   0.000000   0.000000  59.111360 295.862839 287.540919   0.047860   0.116992 289.029362   0.106787
    66 741.754407 304.976655 467.831887 279.456683  78.122884  78.122884   0.000000   0.000000  58.253439 295.817144 287.621891   0.046592   0.116982 289.091803   0.106575
    67 734.419187 305.368270 462.603854 276.141330  77.360579  77.360579   0.000000   0.000000  57.366766 295.763042 287.698586   0.045436   0.116973 289.152100   0.106366
    68 726.596622 305.748909 457.023020 272.586416  76.543060  76.543060   0.000000   0.000000  56.451193 295.700464 287.770954   0.044379   0.116964 289.210149   0.106160
    69 718.290830 306.118008 451.092462 268.793793  75.671623  75.671623   0.000000   0.000000  55.506570 295.629337 287.838943   0.043411   0.116955 289.265841   0.105958
    70 709.506205 306.474997 444.815454 264.765416  74.747590  74.747590   0.000000   0.000000  54.532762 295.549592 287.902500   0.042522   0.116946 289.319064   0.105759
    71 700.247408 306.819309 438.195466 260.503347  73.772321  73.772321   0.000000   0.000000  53.529645 295.461162 287.961573   0.041703   0.116937 289.369705   0.105563
    72 690.519377 307.150385 431.236166 256.009755  72.747211  72.747211   0.000000   0.000000  52.497122 295.363983 288.016109   0.040948   0.116928 289.417648   0.105372
    73 680.327325 307.467674 423.941423 251.300960  71.674421  71.674421   0.000000   0.000000  51.435115 295.257699 288.066042   0.040250   0.116920 289.462824   0.105184
    74 669.676743 307.771078 416.317397 246.361907  70.552877  70.552877   0.000000   0.000000  50.341598 295.142446 288.111317   0.039603   0.116911 289.505176   0.105000
    75 658.573405 308.059966 408.367170 241.201081  69.385541  69.385541   0.000000   0.000000  49.217905 295.018161 288.151876   0.039003   0.116903 289.544557   0.104821
    76 647.023371 308.333862 400.095297 235.819218  68.173860  68.173860   0.000000   0.000000  48.063996 294.884830 288.187665   0.038446   0.116895 289.580843   0.104645
    77 635.032989 308.592257 391.506250 230.219451  66.919670  66.919670   0.000000   0.000000  46.880158 294.742424 288.218632   0.037929   0.116887 289.613902   0.104474
    78 622.608907 308.834679 382.604854 224.404383  65.624681  65.624681   0.000000   0.000000  45.666546 294.590916 288.244724   0.037447   0.116879 289.643601   0.104308
    79 609.758075 309.060672 373.396147 218.377034  64.290651  64.290651   0.000000   0.000000  44.423346 294.430282 288.265891   0.036998   0.116871 289.669808   0.104146
    80 596.487755 309.269800 363.885425 212.140606  62.919327  62.919327   0.000000   0.000000  43.150732 294.260495 288.282085   0.036580   0.116863 289.692387   0.103989
    81 582.805529 309.461644 354.078236 205.698590  61.512463  61.512463   0.000000   0.000000  41.848876 294.081532 288.293255   0.036190   0.116856 289.711198   0.103837
    82 568.719318 309.635792 343.980394 199.054782  60.071797  60.071797   0.000000   0.000000  40.517938 293.893365 288.299356   0.035826   0.116849 289.726096   0.103689
    83 554.237388 309.791836 333.597986 192.213316  58.599048  58.599048   0.000000   0.000000  39.158062 293.695964 288.300340   0.035487   0.116842 289.736929   0.103546
    84 539.368371 309.929365 322.937389 185.178694  57.095900  57.095900   0.000000   0.000000  37.769370 293.489298 288.296162   0.035171   0.116835 289.743533   0.103409
    85 524.121291 310.047955 312.005286 177.955818  55.563997  55.563997   0.000000   0.000000  36.351951 293.273327 288.286776   0.034877   0.116828 289.745734   0.103276
    86 508.505580 310.147172 300.808690 170.550022  54.004925  54.004925   0.000000   0.000000  34.905855 293.048007 288.272137   0.034603   0.116822 289.743341   0.103149
    87 492.531117 310.226559 289.354968 162.967102  52.420213  52.420213   0.000000   0.000000  33.431091 292.813288 288.252200   0.034348   0.116816 289.736145   0.103027
    88 476.208263 310.285638 277.651876 155.213362  50.811316  50.811316   0.000000   0.000000  31.927613 292.569107 288.226919   0.034112   0.116809 289.723915   0.102910
    89 459.547905 310.323907 265.707598 147.295655  49.179611  49.179611   0.000000   0.000000  30.395322 292.315397 288.196247   0.033893   0.116804 289.706393   0.102799
    90 442.561512 310.340833 253.530789 139.221448  47.526393  47.526393   0.000000   0.000000  28.834053 292.052076 288.160137   0.033690   0.116798 289.683288   0.102693
    91 425.261206 310.335851 241.130640 130.998886  45.852856  45.852856   0.000000   0.000000  27.243573 291.779049 288.118540   0.033503   0.116792 289.654266   0.102592
    92 407.659841 310.308360 228.516944 122.636886  44.160090  44.160090   0.000000   0.000000  25.623565 291.496209 288.071405   0.033332   0.116787 289.618944   0.102497
    93 389.771114 310.257718 215.700187 114.145247  42.449062  42.449062   0.000000   0.000000  23.973624 291.203429 288.018680   0.033175   0.116782 289.576868   0.102407
    94 371.609687 310.183233 202.691655 105.534790  40.720594  40.720594   0.000000   0.000000  22.293239 290.900562 287.960309   0.033032   0.116777 289.527492   0.102323
    95 353.191355 310.084157 189.503574  96.817540  38.975338  38.975338   0.000000   0.000000  20.581773 290.587436 287.896231   0.032902   0.116772 289.470144   0.102245
    96 334.533249 309.959671 176.149283  88.006960  37.213727  37.213727   0.000000   0.000000  18.838439 290.263849 287.826383   0.032786   0.116768 289.403959   0.102172
    97 315.654097 309.808876 162.643454  79.118268  35.435924  35.435924   0.000000   0.000000  17.062268 289.929560 287.750694   0.032683   0.116764 289.327772   0.102105
    98 296.574562 309.630766 149.002388  70.168859  33.641723  33.641723   0.000000   0.000000  15.252057 289.584275 287.669089   0.032592   0.116760 289.239876   0.102043
    99 277.317675 309.424210 135.244384  61.178900  31.830415  31.830415   0.000000   0.000000  13.406305 289.227638 287.581480   0.032513   0.116756 289.137349   0.101987
   100 257.909406 309.187906 121.390249  52.172182  30.000562  30.000562   0.000000   0.000000  11.523107 288.859198 287.487770   0.032447   0.116752 289.011603   0.101937
   101 238.379418 308.920336 107.463975  43.177407  28.149628  28.149628   0.000000   0.000000   9.599997 288.478369 287.387843   0.032394   0.116749 288.852225   0.101893
   102 218.762080 308.619689  93.493692  34.230255  26.273307  26.273307   0.000000   0.000000   7.633680 288.084358 287.281562   0.032352   0.116746 288.662069   0.101854
   103 199.097843 308.283746  79.513022  25.376972  24.364220  24.364220   0.000000   0.000000   5.619571 287.676025 287.168754   0.032323   0.116743 288.443337   0.101822
   104 179.435134 307.909712  65.563140  16.681444  22.409049  22.409049   0.000000   0.000000   3.550898 287.251581 287.049186   0.032306   0.116740 288.196578   0.101795
   105 159.833010 307.493953  51.696156   8.242155  20.380800  20.380800   0.000000   0.000000   1.416765 286.807810 286.922517   0.032302   0.116738 287.919839   0.101775
   106 140.364932 307.031653  37.981769   0.253665  18.205254  18.205254   0.000000   0.000000  -0.802943 286.336953 286.788118   0.032313   0.116735 287.604333   0.101762
   107 121.124219 306.517743  24.528431  -6.579882  15.619325  15.619325   0.000000   0.000000  -3.158152 285.807694 286.644144   0.032340   0.116734 287.181216   0.101756
   108 102.232079 305.865844  11.508140 -10.989189  12.353998  12.353998   0.000000   0.000000  -5.855151 285.151376 286.486134   0.032391   0.116732 286.710002   0.101761
   109  83.849579 305.026060  -0.653286 -15.504450   9.656242   9.656242   0.000000   0.000000  -9.343308 284.430425 286.312617   0.032460   0.116731 286.172835   0.101774
   110  66.195682 304.008848 -12.099763 -19.017001   7.151924   7.151924   0.000000   0.000000 -13.175349 283.643805 286.122201   0.032548   0.116730 285.571370   0.101795
   111  49.574220 302.853304 -22.552449 -21.842919   4.837433   4.837433   0.000000   0.000000 -17.348769 282.816600 285.914626   0.032652   0.116730 284.922614   0.101823
   112  34.412445 301.571086 -31.791104 -23.950013   2.770823   2.770823   0.000000   0.000000 -21.686185 281.976518 285.690758   0.032772   0.116729 284.249613   0.101857
   113  21.307016 300.169104 -39.473459 -25.470911   1.003024   1.003024   0.000000   0.000000 -25.999684 281.168252 285.453162   0.032906   0.116729 283.594334   0.101896
   114  11.038830 298.704061 -45.139772 -26.751087  -0.418317  -0.418317   0.000000   0.000000 -29.994367 280.467245 285.207187   0.033051   0.116729 283.015384   0.101940
   115   4.394781 297.176714 -48.521555 -27.734836  -1.465788  -1.465788   0.000000   0.000000 -33.179591 279.935341 284.960140   0.033205   0.116729 282.560196   0.101986
   116   1.461158 295.596878 -49.826734 -28.412129  -2.153903  -2.153903   0.000000   0.000000 -35.173590 279.598379 284.719638   0.033366   0.116730 282.250743   0.102034
   117   0.000000 293.990499 -50.930684 -28.853178  -2.530666  -2.530666   0.000000   0.000000 -35.848814 279.373078 284.489156   0.033531   0.116730 282.024662   0.102083
   118   0.000000 292.391677 -51.399526 -29.159496  -2.750185  -2.750185   0.000000   0.000000 -35.812546 279.237053 284.270962   0.033698   0.116730 281.865537   0.102133
   119   0.000000 290.813070 -52.278776 -29.328470  -2.851898  -2.851898   0.000000   0.000000 -35.237365 279.122128 284.064384   0.033866   0.116731 281.721298   0.102182
   120   0.000000 289.269165 -53.226246 -29.408729  -2.927980  -2.927980   0.000000   0.000000 -34.595789 279.010467 283.868161   0.034036   0.116731 281.579365   0.102232
   121   0.000000 287.768009 -54.148519 -29.437925  -3.002196  -3.002196   0.000000   0.000000 -34.003858 278.898907 283.681094   0.034207   0.116731 281.438025   0.102281
   122   0.000000 286.311804 -55.028313 -29.434508  -3.078374  -3.078374   0.000000   0.000000 -33.475312 278.787502 283.502158   0.034380   0.116732 281.297860   0.102330
   123   0.000000 284.901648 -55.864824 -29.416240  -3.156284  -3.156284   0.000000   0.000000 -33.002591 278.677247 283.330514   0.034554   0.116732 281.160089   0.102379
   124   0.000000 283.539261 -56.661104 -29.398861  -3.234559  -3.234559   0.000000   0.000000 -32.572866 278.569370 283.165488   0.034729   0.116732 281.025790   0.102428
   125   0.000000 282.223759 -57.423839 -29.382874  -3.311094  -3.311094   0.000000   0.000000 -32.172825 278.464270 283.006519   0.034906   0.116733 280.895168   0.102477
   126   0.000000 280.953183 -58.156780 -29.363993  -3.384830  -3.384830   0.000000   0.000000 -31.795743 278.361773 282.853114   0.035085   0.116733 280.767960   0.102525
   127   0.000000 279.726209 -58.860348 -29.339396  -3.455601  -3.455601   0.000000   0.000000 -31.439388 278.261618 282.704838   0.035265   0.116734 280.643866   0.102574
   128   0.000000 278.541101 -59.534943 -29.306342  -3.523428  -3.523428   0.000000   0.000000 -31.102539 278.163501 282.561300   0.035446   0.116734 280.522666   0.102623
   129   0.000000 277.397053 -60.179864 -29.267986  -3.588696  -3.588696   0.000000   0.000000 -30.784595 278.056563 282.421716   0.035630   0.116734 280.396691   0.102671
   130   0.000000 276.293996 -60.743803 -29.264758  -3.435572  -3.435572   0.000000   0.000000 -30.556072 277.946040 282.285604   0.035812   0.116735 280.269851   0.102718
   131   0.000000 275.228425 -61.255030 -29.286054  -3.222486  -3.222486   0.000000   0.000000 -30.376951 277.837280 282.152754   0.035992   0.116735 280.145842   0.102765
   132   0.000000 274.196494 -61.742564 -29.313753  -3.021564  -3.021564   0.000000   0.000000 -30.208320 277.731276 282.023016   0.036169   0.116736 280.025144   0.102811
   133   0.000000 273.196018 -62.213181 -29.340814  -2.827697  -2.827697   0.000000   0.000000 -30.042179 277.627967 281.896257   0.036345   0.116736 279.907583   0.102855
   134   0.000000 272.225600 -62.667895 -29.365096  -2.640745  -2.640745   0.000000   0.000000 -29.878033 277.527156 281.772349   0.036519   0.116736 279.792989   0.102899
   135   0.000000 271.284750 -63.106222 -29.388184  -2.460710  -2.460710   0.000000   0.000000 -29.716350 277.428815 281.651177   0.036690   0.116737 279.681333   0.102942
   136   0.000000 270.372748 -63.528685 -29.410185  -2.287266  -2.287266   0.000000   0.000000 -29.556529 277.332900 281.532635   0.036860   0.116737 279.572544   0.102984
   137   0.000000 269.488537 -63.936064 -29.430118  -2.120121  -2.120121   0.000000   0.000000 -29.398141 277.239299 281.416624   0.037027   0.116737 279.466498   0.103026
   138   0.000000 268.631154 -64.328729 -29.447909  -1.959161  -1.959161   0.000000   0.000000 -29.241281 277.147916 281.303052   0.037192   0.116737 279.363105   0.103066
   139   0.000000 267.799789 -64.706994 -29.464237  -1.804265  -1.804265   0.000000   0.000000 -29.085954 277.058706 281.191832   0.037355   0.116738 279.262315   0.103106
   140   0.000000 266.993606 -65.071422 -29.479486  -1.655221  -1.655221   0.000000   0.000000 -28.931877 276.971630 281.082883   0.037516   0.116738 279.164067   0.103145
   141   0.000000 266.211621 -65.422751 -29.493343  -1.511804  -1.511804   0.000000   0.000000 -28.778775 276.886611 280.976132   0.037675   0.116738 279.068266   0.103183
   142   0.000000 265.452801 -65.761602 -29.505685  -1.373877  -1.373877   0.000000   0.000000 -28.626651 276.803566 280.871506   0.037832   0.116738 278.974822   0.103221
   143   0.000000 264.716276 -66.088403 -29.516883  -1.241330  -1.241330   0.000000   0.000000 -28.475584 276.722437 280.768938   0.037986   0.116738 278.883658   0.103258
   144   0.000000 264.001040 -66.403833 -29.526773  -1.113991  -1.113991   0.000000   0.000000 -28.325507 276.643147 280.668362   0.038138   0.116738 278.794681   0.103294
   145   0.000000 263.306130 -66.708447 -29.536822  -0.991763  -0.991763   0.000000   0.000000 -28.176506 276.565684 280.569719   0.038289   0.116739 278.707859   0.103329
   146   0.000000 262.630437 -67.003240 -29.545887  -0.874375  -0.874375   0.000000   0.000000 -28.028246 276.489946 280.472951   0.038437   0.116739 278.623065   0.103364
   147   0.000000 261.973022 -67.288623 -29.553617  -0.761778  -0.761778   0.000000   0.000000 -27.881038 276.415831 280.378000   0.038583   0.116739 278.540179   0.103399
   148   0.000000 261.332911 -67.565051 -29.559619  -0.653903  -0.653903   0.000000   0.000000 -27.735185 276.343234 280.284808   0.038727   0.116739 278.459081   0.103433
   149   0.000000 260.709203 -67.832897 -29.563753  -0.550696  -0.550696   0.000000   0.000000 -27.591015 276.272065 280.193319   0.038870   0.116739 278.379665   0.103466
   150   0.000000 260.100989 -68.092600 -29.565781  -0.452070  -0.452070   0.000000   0.000000 -27.448778 276.202232 280.103479   0.039010   0.116739 278.301820   0.103499
   151   0.000000 259.507391 -68.344574 -29.565502  -0.357941  -0.357941   0.000000   0.000000 -27.308729 276.133646 280.015234   0.039148   0.116739 278.225443   0.103531
   152   0.000000 258.927550 -68.589225 -29.562701  -0.268219  -0.268219   0.000000   0.000000 -27.171110 276.066220 279.928529   0.039285   0.116739 278.150429   0.103563
   153   0.000000 258.360649 -68.826929 -29.557207  -0.182812  -0.182812   0.000000   0.000000 -27.036163 275.999869 279.843313   0.039419   0.116739 278.076679   0.103594
   154   0.000000 257.805893 -69.058053 -29.548817  -0.101619  -0.101619   0.000000   0.000000 -26.904110 275.934510 279.759535   0.039552   0.116739 278.004095   0.103625
   155   0.000000 257.262540 -69.282924 -29.537387  -0.024539  -0.024539   0.000000   0.000000 -26.775174 275.870065 279.677144   0.039683   0.116739 277.932585   0.103655
   156   0.000000 256.729880 -69.501857 -29.522758   0.048539   0.048539   0.000000   0.000000 -26.649552 275.806457 279.596090   0.039813   0.116739 277.862060   0.103685
   157   0.000000 256.207251 -69.715132 -29.504811   0.117730   0.117730   0.000000   0.000000 -26.527433 275.743614 279.516326   0.039940   0.116739 277.792436   0.103714
   158   0.000000 255.694038 -69.923006 -29.483442   0.183157   0.183157   0.000000   0.000000 -26.408980 275.681469 279.437803   0.040066   0.116739 277.723634   0.103743
   159   0.000000 255.189672 -70.125710 -29.458569   0.244948   0.244948   0.000000   0.000000 -26.294336 275.619957 279.360474   0.040191   0.116739 277.655583   0.103772
   160   0.000000 254.693634 -70.323448 -29.430145   0.303239   0.303239   0.000000   0.000000 -26.183621 275.559021 279.284296   0.040314   0.116739 277.588215   0.103800
   161   0.000000 254.205453 -70.516404 -29.398140   0.358172   0.358172   0.000000   0.000000 -26.076927 275.498606 279.209223   0.040436   0.116739 277.521469   0.103828
   162   0.000000 253.724706 -70.704735 -29.362564   0.409897   0.409897   0.000000   0.000000 -25.974322 275.438665 279.135214   0.040556   0.116739 277.455292   0.103856
   163   0.000000 253.251015 -70.888580 -29.323441   0.458566   0.458566   0.000000   0.000000 -25.875844 275.379154 279.062226   0.040674   0.116739 277.389636   0.103883
   164   0.000000 252.784050 -71.068059 -29.280835   0.504338   0.504338   0.000000   0.000000 -25.781507 275.320036 278.990221   0.040792   0.116739 277.324460   0.103910
   165   0.000000 252.323521 -71.243276 -29.234824   0.547376   0.547376   0.000000   0.000000 -25.691295 275.261278 278.919160   0.040908   0.116739 277.259727   0.103936
   166   0.000000 251.869177 -71.414318 -29.185519   0.587844   0.587844   0.000000   0.000000 -25.605173 275.202852 278.849006   0.041023   0.116739 277.195409   0.103962
   167   0.000000 251.420806 -71.581264 -29.133046   0.625908   0.625908   0.000000   0.000000 -25.523074 275.144736 278.779724   0.041136   0.116738 277.131481   0.103988
   168   0.000000 250.978227 -71.744179 -29.077554   0.661735   0.661735   0.000000   0.000000 -25.444917 275.086910 278.711281   0.041249   0.116738 277.067924   0.104014
   169   0.000000 250.541288 -71.903123 -29.019204   0.695489   0.695489   0.000000   0.000000 -25.370596 275.029361 278.643645   0.041360   0.116738 277.004724   0.104039
   170   0.000000 250.109863 -72.058152 -28.958172   0.727332   0.727332   0.000000   0.000000 -25.299990 274.972077 278.576786   0.041470   0.116738 276.941870   0.104065
   171   0.000000 249.683849 -72.209311 -28.894644   0.757423   0.757423   0.000000   0.000000 -25.232965 274.915052 278.510676   0.041579   0.116738 276.879356   0.104089
   172   0.000000 249.263157 -72.356652 -28.828808   0.785916   0.785916   0.000000   0.000000 -25.169372 274.858280 278.445288   0.041687   0.116738 276.817178   0.104114
   173   0.000000 248.847719 -72.500218 -28.760862   0.812957   0.812957   0.000000   0.000000 -25.109057 274.801759 278.380596   0.041794   0.116738 276.755336   0.104138
   174   0.000000 248.437467 -72.640061 -28.690992   0.838687   0.838687   0.000000   0.000000 -25.051858 274.745490 278.316577   0.041900   0.116738 276.693829   0.104162
   175   0.000000 248.032355 -72.776222 -28.619395   0.863236   0.863236   0.000000   0.000000 -24.997612 274.689473 278.253209   0.042005   0.116738 276.632661   0.104186
   176   0.000000 247.632325 -72.908764 -28.546239   0.886730   0.886730   0.000000   0.000000 -24.946152 274.633710 278.190470   0.042110   0.116738 276.571834   0.104210
   177   0.000000 247.237339 -73.037726 -28.471715   0.909280   0.909280   0.000000   0.000000 -24.897320 274.578205 278.128341   0.042213   0.116738 276.511352   0.104233
   178   0.000000 246.847337 -73.163183 -28.395958   0.930992   0.930992   0.000000   0.000000 -24.850953 274.522959 278.066803   0.042315   0.116737 276.451218   0.104256
   179   0.000000 246.462284 -73.285174 -28.319149   0.951958   0.951958   0.000000   0.000000 -24.806907 274.467978 278.005840   0.042416   0.116737 276.391435   0.104279
   180   0.000000 246.082109 -73.403787 -28.241384   0.972267   0.972267   0.000000   0.000000 -24.765031 274.413262 277.945434   0.042517   0.116737 276.332006   0.104302
   181   0.000000 245.706774 -73.519062 -28.159030   0.991946   0.991946   0.000000   0.000000 -24.725202 274.358681 277.885565   0.042616   0.116737 276.272790   0.104325
   182   0.000000 245.336417 -73.630270 -28.075047   1.010709   1.010709   0.000000   0.000000 -24.688184 274.304274 277.826215   0.042715   0.116737 276.213835   0.104347
   183   0.000000 244.970892 -73.737730 -27.989542   1.028798   1.028798   0.000000   0.000000 -24.653582 274.250057 277.767367   0.042812   0.116737 276.155151   0.104369
   184   0.000000 244.609994 -73.841710 -27.902442   1.046336   1.046336   0.000000   0.000000 -24.621170 274.196027 277.709007   0.042909   0.116737 276.096727   0.104391
   185   0.000000 244.253603 -73.942311 -27.813927   1.063382   1.063382   0.000000   0.000000 -24.590858 274.142184 277.651119   0.043005   0.116737 276.038562   0.104413
   186   0.000000 243.901524 -74.039721 -27.723962   1.079998   1.079998   0.000000   0.000000 -24.562548 274.088517 277.593690   0.043100   0.116736 275.980643   0.104434
   187   0.000000 243.553661 -74.133986 -27.632773   1.096214   1.096214   0.000000   0.000000 -24.536208 274.035026 277.536705   0.043195   0.116736 275.922965   0.104456
   188   0.000000 243.209803 -74.225303 -27.540244   1.112078   1.112078   0.000000   0.000000 -24.511751 273.981698 277.480151   0.043288   0.116736 275.865512   0.104477
   189   0.000000 242.869873 -74.313688 -27.446637   1.127604   1.127604   0.000000   0.000000 -24.489173 273.928531 277.424016   0.043381   0.116736 275.808281   0.104498
   190   0.000000 242.533638 -74.399360 -27.351742   1.142836   1.142836   0.000000   0.000000 -24.468393 273.875509 277.368286   0.043472   0.116736 275.751251   0.104518
   191   0.000000 242.201045 -74.482297 -27.255879   1.157771   1.157771   0.000000   0.000000 -24.449436 273.822633 277.312950   0.043563   0.116736 275.694420   0.104539
   192   0.000000 241.871828 -74.562752 -27.158728   1.172453   1.172453   0.000000   0.000000 -24.432218 273.769880 277.257994   0.043654   0.116736 275.637762   0.104559
   193   0.000000 241.545966 -74.640653 -27.060697   1.186862   1.186862   0.000000   0.000000 -24.416798 273.717254 277.203409   0.043743   0.116735 275.581278   0.104580
   194   0.000000 241.223152 -74.716303 -26.961328   1.201046   1.201046   0.000000   0.000000 -24.403084 273.664728 277.149181   0.043832   0.116735 275.524935   0.104600
   195   0.000000 240.903408 -74.789564 -26.861156   1.214971   1.214971   0.000000   0.000000 -24.391170 273.612308 277.095300   0.043919   0.116735 275.468738   0.104620
   196   0.000000 240.586378 -74.860804 -26.759551   1.228691   1.228691   0.000000   0.000000 -24.380946 273.558242 277.041684   0.044006   0.116735 275.411580   0.104639
   197   0.000000 240.272139 -74.922066 -26.674732   1.287938   1.287938   0.000000   0.000000 -24.384089 273.504957 276.988357   0.044091   0.116735 275.354993   0.104659
   198   0.000000 239.959261 -74.985660 -26.580383   1.317340   1.317340   0.000000   0.000000 -24.383804 273.451763 276.935314   0.044174   0.116735 275.298423   0.104678
   199   0.000000 239.648260 -75.047989 -26.483217   1.348777   1.348777   0.000000   0.000000 -24.384853 273.398553 276.882542   0.044257   0.116735 275.241844   0.104697
   200   0.000000 239.338907 -75.108784 -26.384218   1.379906   1.379906   0.000000   0.000000 -24.387923 273.345294 276.830030   0.044337   0.116734 275.185227   0.104716
   201   0.000000 239.031480 -75.167632 -26.284586   1.410827   1.410827   0.000000   0.000000 -24.393153 273.292018 276.777769   0.044417   0.116734 275.128608   0.104734
   202   0.000000 238.725394 -75.225243 -26.182832   1.441668   1.441668   0.000000   0.000000 -24.400257 273.238671 276.725747   0.044495   0.116734 275.071920   0.104752
   203   0.000000 238.421049 -75.280983 -26.080576   1.472308   1.472308   0.000000   0.000000 -24.409532 273.185290 276.673954   0.044572   0.116734 275.015207   0.104771
   204   0.000000 238.117710 -75.335738 -25.975862   1.502904   1.502904   0.000000   0.000000 -24.420648 273.133117 276.622432   0.044647   0.116734 274.959200   0.104788
   205   0.000000 237.815938 -75.394525 -25.857505   1.498505   1.498505   0.000000   0.000000 -24.425205 273.080498 276.571149   0.044722   0.116734 274.902884   0.104806
   206   0.000000 237.515569 -75.450092 -25.740951   1.512825   1.512825   0.000000   0.000000 -24.434558 273.027730 276.520092   0.044796   0.116733 274.846464   0.104824
   207   0.000000 237.217174 -75.503208 -25.625742   1.525369   1.525369   0.000000   0.000000 -24.446536 272.974957 276.469251   0.044870   0.116733 274.790054   0.104841
   208   0.000000 236.919392 -75.555850 -25.507182   1.537998   1.537998   0.000000   0.000000 -24.460052 272.922054 276.418612   0.044942   0.116733 274.733490   0.104859
   209   0.000000 236.623224 -75.606479 -25.388885   1.550239   1.550239   0.000000   0.000000 -24.475906 272.869107 276.368169   0.045014   0.116733 274.676876   0.104876
   210   0.000000 236.327139 -75.656968 -25.266400   1.562440   1.562440   0.000000   0.000000 -24.493429 272.815960 276.317905   0.045085   0.116733 274.620021   0.104893
   211   0.000000 236.032473 -75.705325 -25.144344   1.574138   1.574138   0.000000   0.000000 -24.513609 272.762730 276.267812   0.045155   0.116732 274.563062   0.104910
   212   0.000000 235.737288 -75.753953 -25.016938   1.585776   1.585776   0.000000   0.000000 -24.535571 272.709217 276.217873   0.045225   0.116732 274.505756   0.104926
   213   0.000000 235.443324 -75.800271 -24.890039   1.596758   1.596758   0.000000   0.000000 -24.560597 272.655569 276.168081   0.045293   0.116732 274.448279   0.104943
   214   0.000000 235.148119 -75.847337 -24.756233   1.607643   1.607643   0.000000   0.000000 -24.587582 272.601530 276.118415   0.045361   0.116732 274.390315   0.104960
   215   0.000000 234.853914 -75.891830 -24.622943   1.617665   1.617665   0.000000   0.000000 -24.618192 272.547289 276.068866   0.045428   0.116732 274.332090   0.104976
   216   0.000000 234.557605 -75.937605 -24.480865   1.627530   1.627530   0.000000   0.000000 -24.651035 272.492522 276.019411   0.045495   0.116731 274.273211   0.104992
   217   0.000000 234.262053 -75.980449 -24.348212   1.636472   1.636472   0.000000   0.000000 -24.688222 272.437774 275.970051   0.045561   0.116731 274.214321   0.105008
   218   0.000000 233.962946 -76.026976 -24.207009   1.646371   1.646371   0.000000   0.000000 -24.725940 272.382571 275.920769   0.045625   0.116731 274.154839   0.105024
   219   0.000000 233.664155 -76.071318 -24.069541   1.655545   1.655545   0.000000   0.000000 -24.767388 272.327216 275.871560   0.045690   0.116731 274.095163   0.105040
   220   0.000000 233.361353 -76.119023 -23.922868   1.665029   1.665029   0.000000   0.000000 -24.810410 272.271276 275.822401   0.045753   0.116731 274.034779   0.105056
   221   0.000000 233.059277 -76.163578 -23.781935   1.673490   1.673490   0.000000   0.000000 -24.857879 272.215196 275.773290   0.045816   0.116730 273.974253   0.105071
   222   0.000000 232.752868 -76.211872 -23.631900   1.682465   1.682465   0.000000   0.000000 -24.906658 272.059567 275.720214   0.045878   0.116730 273.850132   0.105087
   223   0.000000 232.447822 -75.817769 -24.405316   1.336121   1.336121   0.000000   0.000000 -25.624530 272.009840 275.667855   0.045952   0.116730 273.794715   0.105103
   224   0.000000 232.086859 -75.947681 -24.161118   1.161456   1.161456   0.000000   0.000000 -25.606109 271.968719 275.616480   0.046031   0.116730 273.739390   0.105120
   225   0.000000 231.728145 -76.113617 -23.779323   1.020930   1.020930   0.000000   0.000000 -25.534324 271.926678 275.565945   0.046115   0.116730 273.683429   0.105137
   226   0.000000 231.384575 -76.260876 -23.423953   0.881982   0.881982   0.000000   0.000000 -25.474872 271.885062 275.516184   0.046204   0.116730 273.628892   0.105155
   227   0.000000 231.059271 -76.392385 -23.100657   0.749254   0.749254   0.000000   0.000000 -25.417854 271.844595 275.467167   0.046296   0.116730 273.576514   0.105173
   228   0.000000 230.744017 -76.519302 -22.791272   0.624584   0.624584   0.000000   0.000000 -25.358009 271.804851 275.418854   0.046393   0.116730 273.525481   0.105191
   229   0.000000 230.443109 -76.635582 -22.507624   0.506263   0.506263   0.000000   0.000000 -25.298024 271.766151 275.371224   0.046494   0.116730 273.476305   0.105209
   230   0.000000 230.149098 -76.749856 -22.234421   0.394765   0.394765   0.000000   0.000000 -25.235515 271.728030 275.324242   0.046599   0.116729 273.428151   0.105228
   231   0.000000 229.866828 -76.855375 -21.983101   0.288426   0.288426   0.000000   0.000000 -25.173481 271.690783 275.277889   0.046707   0.116729 273.381574   0.105247
   232   0.000000 229.589481 -76.960037 -21.740402   0.187685   0.187685   0.000000   0.000000 -25.109743 271.654008 275.232133   0.046818   0.116729 273.335784   0.105266
   233   0.000000 229.322014 -77.057271 -21.516009   0.091236   0.091236   0.000000   0.000000 -25.046877 271.617961 275.186959   0.046933   0.116729 273.291347   0.105286
   234   0.000000 229.058143 -77.154289 -21.298869  -0.000586  -0.000586  -0.000000  -0.000000 -24.982989 271.582307 275.142339   0.047051   0.116729 273.247521   0.105305
   235   0.000000 228.802812 -77.244817 -21.097117  -0.088759  -0.088759  -0.000000  -0.000000 -24.920227 271.547264 275.098257   0.047173   0.116729 273.204872   0.105325
   236   0.000000 228.550134 -77.335531 -20.901472  -0.173063  -0.173063  -0.000000  -0.000000 -24.856947 271.512552 275.054689   0.047297   0.116729 273.162702   0.105345
   237   0.000000 228.305025 -77.420414 -20.718993  -0.254209  -0.254209  -0.000000  -0.000000 -24.794956 271.478365 275.011621   0.047424   0.116729 273.121575   0.105365
   238   0.000000 228.061871 -77.505771 -20.541598  -0.332073  -0.332073  -0.000000  -0.000000 -24.732794 271.444457 274.969032   0.047554   0.116729 273.080823   0.105385
   239   0.000000 227.825576 -77.585759 -20.375767  -0.407166  -0.407166  -0.000000  -0.000000 -24.672024 271.411009 274.926909   0.047686   0.116730 273.041014   0.105406
   240   0.000000 227.590695 -77.666457 -20.214065  -0.479429  -0.479429  -0.000000  -0.000000 -24.611298 271.377800 274.885232   0.047822   0.116730 273.001499   0.105426
   241   0.000000 227.362156 -77.742107 -20.062823  -0.549234  -0.549234  -0.000000  -0.000000 -24.552029 271.345005 274.843993   0.047960   0.116730 272.962850   0.105447
   242   0.000000 227.134596 -77.818681 -19.914790  -0.616559  -0.616559  -0.000000  -0.000000 -24.492913 271.312415 274.803171   0.048100   0.116730 272.924432   0.105468
   243   0.000000 226.912994 -77.890426 -19.776486  -0.681690  -0.681690  -0.000000  -0.000000 -24.435297 271.280206 274.762759   0.048243   0.116730 272.886821   0.105488
   244   0.000000 226.692013 -77.963300 -19.640508  -0.744610  -0.744610  -0.000000  -0.000000 -24.377872 271.248173 274.722741   0.048389   0.116730 272.849390   0.105509
   245   0.000000 226.476704 -78.031489 -19.513809  -0.805563  -0.805563  -0.000000  -0.000000 -24.321975 271.216501 274.683108   0.048537   0.116730 272.812723   0.105530
   246   0.000000 226.261718 -78.101000 -19.388606  -0.864516  -0.864516  -0.000000  -0.000000 -24.266252 271.184978 274.643846   0.048687   0.116730 272.776194   0.105552
   247   0.000000 226.052190 -78.165923 -19.272433  -0.921698  -0.921698  -0.000000  -0.000000 -24.212071 271.153804 274.604948   0.048840   0.116730 272.740395   0.105573
   248   0.000000 225.842729 -78.232353 -19.156959  -0.977047  -0.977047  -0.000000  -0.000000 -24.158011 271.122758 274.566401   0.048995   0.116730 272.704701   0.105594
   249   0.000000 225.638566 -78.294256 -19.050404  -1.030797  -1.030797  -0.000000  -0.000000 -24.105502 271.092051 274.528199   0.049152   0.116730 272.669712   0.105615
   250   0.000000 225.434247 -78.357845 -18.943786  -1.082848  -1.082848  -0.000000  -0.000000 -24.053038 271.061454 274.490330   0.049311   0.116731 272.634797   0.105637
   251   0.000000 225.235102 -78.416940 -18.846079  -1.133455  -1.133455  -0.000000  -0.000000 -24.002132 271.031192 274.452790   0.049473   0.116731 272.600568   0.105658
   252   0.000000 225.035606 -78.477890 -18.747590  -1.182472  -1.182472  -0.000000  -0.000000 -23.951182 271.001023 274.415565   0.049637   0.116731 272.566389   0.105680
   253   0.000000 224.841193 -78.534361 -18.647128  -1.229953  -1.229953  -0.000000  -0.000000 -23.901793 270.970804 274.378639   0.049803   0.116731 272.532403   0.105702
   254   0.000000 224.646854 -78.590582 -18.542795  -1.276877  -1.276877  -0.000000  -0.000000 -23.854849 270.940377 274.341989   0.049971   0.116731 272.498114   0.105723
   255   0.000000 224.457842 -78.640775 -18.444990  -1.323225  -1.323225  -0.000000  -0.000000 -23.811284 270.910034 274.305607   0.050141   0.116731 272.464173   0.105745
   256   0.000000 224.268206 -78.691980 -18.342434  -1.368610  -1.368610  -0.000000  -0.000000 -23.769011 270.879504 274.269472   0.050314   0.116731 272.429922   0.105767
   257   0.000000 224.083348 -78.737782 -18.246379  -1.413372  -1.413372  -0.000000  -0.000000 -23.729778 270.849053 274.233579   0.050488   0.116732 272.395994   0.105789
   258   0.000000 223.897358 -78.785070 -18.145211  -1.457197  -1.457197  -0.000000  -0.000000 -23.691686 270.818392 274.197910   0.050665   0.116732 272.361724   0.105811
   259   0.000000 223.715739 -78.827248 -18.050746  -1.500487  -1.500487  -0.000000  -0.000000 -23.656624 270.787796 274.162459   0.050843   0.116732 272.327749   0.105832
   260   0.000000 223.532629 -78.871199 -17.950999  -1.542893  -1.542893  -0.000000  -0.000000 -23.622636 270.756972 274.127208   0.051024   0.116732 272.293407   0.105854
   261   0.000000 223.353551 -78.910289 -17.858057  -1.584840  -1.584840  -0.000000  -0.000000 -23.591652 270.726199 274.092154   0.051207   0.116732 272.259336   0.105876
   262   0.000000 223.172729 -78.951340 -17.759788  -1.625950  -1.625950  -0.000000  -0.000000 -23.561684 270.695186 274.057280   0.051392   0.116733 272.224885   0.105898
   263   0.000000 222.995638 -78.987767 -17.668323  -1.666657  -1.666657  -0.000000  -0.000000 -23.534661 270.664212 274.022583   0.051579   0.116733 272.190683   0.105921
   264   0.000000 222.816630 -79.026274 -17.571593  -1.706570  -1.706570  -0.000000  -0.000000 -23.508596 270.632990 273.988046   0.051769   0.116733 272.156093   0.105943
   265   0.000000 222.641075 -79.060398 -17.481569  -1.746117  -1.746117  -0.000000  -0.000000 -23.485395 270.601797 273.953669   0.051960   0.116733 272.121732   0.105965
   266   0.000000 222.463490 -79.096663 -17.386431  -1.784911  -1.784911  -0.000000  -0.000000 -23.463102 270.570354 273.919435   0.052153   0.116733 272.086982   0.105987
   267   0.000000 222.289095 -79.128790 -17.297823  -1.823363  -1.823363  -0.000000  -0.000000 -23.443571 270.538929 273.885344   0.052349   0.116734 272.052442   0.106009
   268   0.000000 222.112605 -79.163075 -17.204331  -1.861101  -1.861101  -0.000000  -0.000000 -23.424906 270.507254 273.851381   0.052546   0.116734 272.017517   0.106031
   269   0.000000 221.939052 -79.193475 -17.117130  -1.898510  -1.898510  -0.000000  -0.000000 -23.408885 270.475588 273.817545   0.052746   0.116734 271.982784   0.106054
   270   0.000000 221.763381 -79.226013 -17.025340  -1.935242  -1.935242  -0.000000  -0.000000 -23.393694 270.443677 273.783823   0.052948   0.116734 271.947674   0.106076
   271   0.000000 221.590402 -79.254924 -16.939555  -1.971649  -1.971649  -0.000000  -0.000000 -23.381017 270.411765 273.750214   0.053152   0.116735 271.912738   0.106098
   272   0.000000 221.415314 -79.285923 -16.849523  -2.007412  -2.007412  -0.000000  -0.000000 -23.369139 270.379616 273.716707   0.053358   0.116735 271.877438   0.106121
   273   0.000000 221.242685 -79.313556 -16.765177  -2.042849  -2.042849  -0.000000  -0.000000 -23.359633 270.347458 273.683300   0.053565   0.116735 271.842296   0.106143
   274   0.000000 221.067984 -79.343207 -16.676957  -2.077674  -2.077674  -0.000000  -0.000000 -23.350897 270.315071 273.649983   0.053775   0.116735 271.806805   0.106165
   275   0.000000 220.895517 -79.369751 -16.594083  -2.112163  -2.112163  -0.000000  -0.000000 -23.344388 270.282667 273.616756   0.053987   0.116736 271.771457   0.106188
   276   1.317010 220.721035 -78.344618 -16.507722  -2.146072  -2.146072  -0.000000  -0.000000 -23.338620 270.280813 273.584845   0.054201   0.116736 271.756007   0.106210
   277   3.893697 220.548576 -76.442501 -16.138084  -2.097815  -2.097815  -0.000000  -0.000000 -23.128224 270.314341 273.555548   0.054413   0.116736 271.763227   0.106232
   278  10.102851 220.389639 -71.775002 -15.430132  -1.956569  -1.956569  -0.000000  -0.000000 -22.688445 270.437816 273.532227   0.054618   0.116736 271.828854   0.106254
   279  20.000069 220.267487 -64.512593 -13.820002  -1.570320  -1.570320  -0.000000  -0.000000 -21.660872 270.655600 273.518088   0.054804   0.116736 271.954348   0.106274
   280  32.829486 220.227123 -55.236947 -11.098991  -0.910102  -0.910102  -0.000000  -0.000000 -20.037411 270.938571 273.514863   0.054955   0.116737 272.121698   0.106292
   281  47.794156 220.332687 -44.398945  -7.452445  -0.036932  -0.036932  -0.000000  -0.000000 -18.034048 271.257123 273.522952   0.055062   0.116737 272.316405   0.106308
   282  64.276100 220.625093 -32.325967  -3.197506   0.974517   0.974517   0.000000   0.000000 -15.860800 271.592317 273.541986   0.055116   0.116736 272.530945   0.106320
   283  81.831369 221.128102 -19.268306   1.307207   2.063461   2.063461   0.000000   0.000000 -13.647679 271.940572 273.571526   0.055114   0.116736 272.794808   0.106328
   284 100.144444 224.880849  -2.515398  -6.734841   3.085708   3.085708   0.000000   0.000000 -11.416675 272.720595 273.628026   0.055062   0.116736 273.536583   0.106333
   285 118.988397 224.817701   9.032823   9.447657   5.911604   5.911604   0.000000   0.000000  -6.352014 272.966024 273.687476   0.054868   0.116735 273.688236   0.106330
   286 138.196710 230.670048  28.979628  -8.958073   6.429040   6.429040   0.000000   0.000000  -5.050167 274.091052 273.785199   0.054653   0.116734 274.816452   0.106324
   287 157.644396 230.401254  39.212216  15.425001  10.531418  10.531418   0.000000   0.000000   2.140968 275.194639 273.916729   0.054242   0.116733 275.232200   0.106306
   288 177.235471 236.232497  55.512111  15.711485  13.158949  13.158949   0.000000   0.000000   8.945366 276.402916 274.083249   0.053720   0.116732 276.396653   0.106279
   289 196.894559 240.401767  69.707384  27.090253  15.540555  15.540555   0.000000   0.000000  16.237669 277.379163 274.272388   0.053107   0.116730 277.244883   0.106244
   290 216.561202 244.370276  84.731046  33.669298  16.300103  16.300103   0.000000   0.000000  21.747431 278.360990 274.482663   0.052490   0.116728 278.052283   0.106208
   291 236.185933 248.003771  99.321351  42.678729  16.937446  16.937446   0.000000   0.000000  27.148286 279.282331 274.710118   0.051877   0.116726 278.785680   0.106169
   292 255.727512 252.305429 114.733901  46.723792  17.172589  17.172589   0.000000   0.000000  32.005493 280.307913 274.957836   0.051288   0.116724 279.629246   0.106129
   293 275.150966 256.738784 129.631229  53.737552  17.634801  17.634801   0.000000   0.000000  37.450542 281.329959 275.224262   0.050716   0.116722 280.480682   0.106089
   294 294.426160 261.128945 144.330831  61.514599  17.853297  17.853297   0.000000   0.000000  42.739879 282.331781 275.507347   0.050170   0.116719 281.311338   0.106047
   295 313.526752 265.313834 158.737214  70.425467  17.798569  17.798569   0.000000   0.000000  47.771039 283.290046 275.804315   0.049662   0.116717 282.094234   0.106006
   296 332.429413 269.260698 172.919463  79.856517  17.427196  17.427196   0.000000   0.000000  52.400116 284.202502 276.112582   0.049198   0.116715 282.825730   0.105966
   297 351.113240 272.948341 186.857945  89.779222  16.802311  16.802311   0.000000   0.000000  56.629441 284.991456 276.426687   0.048785   0.116713 283.491769   0.105929
   298 369.559306 276.379942 200.942757  97.377059  19.137147  19.137147   0.000000   0.000000  59.953383 285.721508 276.744300   0.048328   0.116711 284.105050   0.105884
   299 387.750314 279.496313 214.786722 105.053323  22.233196  22.233196   0.000000   0.000000  62.840455 286.401414 277.063651   0.047813   0.116708 284.659845   0.105829
   300 405.670333 282.345201 228.384935 112.760907  25.168733  25.168733   0.000000   0.000000  65.364342 287.038487 277.383408   0.047255   0.116705 285.165344   0.105765
   301 423.304579 284.962132 241.727404 120.491388  27.980060  27.980060   0.000000   0.000000  67.585554 287.637711 277.702526   0.046664   0.116702 285.628301   0.105692
   302 440.639258 287.378189 254.811480 128.189240  30.682843  30.682843   0.000000   0.000000  69.546300 288.203825 278.020213   0.046050   0.116698 286.054559   0.105611
   303 457.661424 289.619423 267.630759 135.828100  33.289369  33.289369   0.000000   0.000000  71.285282 288.740781 278.335873   0.045422   0.116694 286.448953   0.105521
   304 474.358880 291.707705 280.178765 143.386246  35.808677  35.808677   0.000000   0.000000  72.834360 289.251884 278.649059   0.044785   0.116690 286.815500   0.105424
   305 490.720087 293.661409 292.449025 150.846494  38.247833  38.247833   0.000000   0.000000  74.219780 289.739866 278.959439   0.044146   0.116685 287.157542   0.105319
   306 506.734093 295.496112 304.435404 158.193451  40.612302  40.612302   0.000000   0.000000  75.462989 290.207003 279.266769   0.043509   0.116680 287.477890   0.105207
   307 522.390484 297.225016 316.131956 165.414128  42.906400  42.906400   0.000000   0.000000  76.581638 290.655187 279.570870   0.042878   0.116675 287.778907   0.105088
   308 537.679328 298.859296 327.532945 172.496865  45.133440  45.133440   0.000000   0.000000  77.590219 291.085997 279.871613   0.042255   0.116670 288.062584   0.104963
   309 552.591144 300.408335 338.632704 179.431598  47.295905  47.295905   0.000000   0.000000  78.500688 291.500747 280.168904   0.041643   0.116664 288.330590   0.104830
   310 567.116864 301.880048 349.425720 186.209389  49.395548  49.395548   0.000000   0.000000  79.322898 291.900532 280.462676   0.041044   0.116658 288.584334   0.104692
   311 581.247814 303.281210 359.906724 192.822060  51.433514  51.433514   0.000000   0.000000  80.064988 292.286271 280.752880   0.040459   0.116652 288.825021   0.104547
   312 600.525480 304.617683 374.510527 199.262328  53.410483  53.410483   0.000000   0.000000  80.733731 292.742725 281.042877   0.039888   0.116646 289.063549   0.104396
   313 613.863817 305.894556 383.906534 208.954863  55.887145  55.887145   0.000000   0.000000  81.898934 293.090692 281.328422   0.039326   0.116639 289.279675   0.104238
   314 626.782659 307.172802 393.557699 214.217428  57.662659  57.662659   0.000000   0.000000  82.335890 293.447744 281.610448   0.038782   0.116632 289.495672   0.104074
   315 639.274723 308.358305 402.720112 220.398375  59.521574  59.521574   0.000000   0.000000  82.861073 293.784776 281.888593   0.038255   0.116625 289.695327   0.103905
   316 651.333035 309.497715 411.595250 226.028139  61.262076  61.262076   0.000000   0.000000  83.273284 294.112017 282.162929   0.037744   0.116618 289.886368   0.103731
   317 662.950926 310.586757 420.117529 231.550086  62.950794  62.950794   0.000000   0.000000  83.643616 294.427427 282.433421   0.037250   0.116610 290.068083   0.103552
   318 674.122020 311.632287 428.300479 236.838058  64.570106  64.570106   0.000000   0.000000  83.958040 294.732173 282.700071   0.036772   0.116602 290.241644   0.103368
   319 684.840232 312.636463 436.135382 241.927023  66.125297  66.125297   0.000000   0.000000  84.224712 295.026324 282.962870   0.036310   0.116594 290.407447   0.103180
   320 695.099762 313.602026 443.620420 246.803879  67.614164  67.614164   0.000000   0.000000  84.444175 295.310168 283.221808   0.035864   0.116586 290.565988   0.102987
   321 704.895091 314.531074 450.752096 251.469264  69.036375  69.036375   0.000000   0.000000  84.618523 295.583867 283.476872   0.035434   0.116578 290.717659   0.102791
   322 714.220978 315.425568 457.527706 255.919838  70.390898  70.390898   0.000000   0.000000  84.748971 295.847573 283.728045   0.035019   0.116569 290.862828   0.102590
   323 723.072459 316.287269 463.944591 260.153612  71.676859  71.676859   0.000000   0.000000  84.836697 296.101404 283.975308   0.034618   0.116561 291.001830   0.102386
   324 731.444842 317.117792 470.000335 264.168443  72.893349  72.893349   0.000000   0.000000  84.882671 296.345459 284.218638   0.034232   0.116552 291.134976   0.102179
   325 739.333706 317.918614 475.692697 267.996727  74.040988  74.040988   0.000000   0.000000  84.887745 296.579140 284.457982   0.033859   0.116543 291.262604   0.101968
   326 746.734902 318.692084 481.024478 271.597716  75.113352  75.113352   0.000000   0.000000  84.848107 296.802845 284.693299   0.033500   0.116534 291.385151   0.101755
   327 753.644549 319.439257 485.991726 274.984270  76.112179  76.112179   0.000000   0.000000  84.766819 297.016563 284.924546   0.033154   0.116525 291.502840   0.101539
   328 760.059034 320.161481 490.593300 278.151462  77.036273  77.036273   0.000000   0.000000  84.644123 297.220369 285.151677   0.032821   0.116516 291.615939   0.101320
   329 765.975013 320.859901 494.827580 281.099333  77.885278  77.885278   0.000000   0.000000  84.480841 297.414290 285.374648   0.032500   0.116506 291.724682   0.101099
   330 771.389409 321.535610 498.693345 283.826461  78.658670  78.658670   0.000000   0.000000  84.277498 297.598358 285.593411   0.032191   0.116497 291.829291   0.100876
   331 776.299410 322.189612 502.189483 286.331934  79.356094  79.356094   0.000000   0.000000  84.034623 297.772589 285.807920   0.031893   0.116488 291.929972   0.100652
   332 780.702473 322.822843 505.315072 288.614763  79.977277  79.977277   0.000000   0.000000  83.752681 297.936999 286.018126   0.031606   0.116478 292.026919   0.100426
   333 784.596320 323.436168 508.069349 290.674055  80.522066  80.522066   0.000000   0.000000  83.432111 298.091596 286.223979   0.031331   0.116468 292.120311   0.100199
   334 787.978940 324.030395 510.451719 292.508961  80.990421  80.990421   0.000000   0.000000  83.073319 298.236385 286.425429   0.031066   0.116459 292.210316   0.099971
   335 790.848588 324.606271 512.461746 294.118686  81.382421  81.382421   0.000000   0.000000  82.676690 298.371367 286.622425   0.030810   0.116449 292.297089   0.099742
   336 793.203785 325.164489 514.099160 295.502480  81.698264  81.698264   0.000000   0.000000  82.242589 298.496541 286.814917   0.030565   0.116439 292.380774   0.099513
   337 795.043317 325.705687 515.363848 296.659628  81.938270  81.938270   0.000000   0.000000  81.771370 298.611905 287.002851   0.030330   0.116429 292.461502   0.099283
   338 796.366239 326.230456 516.255858 297.589438  82.102877  82.102877   0.000000   0.000000  81.263373 298.717454 287.186178   0.030103   0.116419 292.539396   0.099054
   339 797.171869 326.739339 516.775394 298.291228  82.192647  82.192647   0.000000   0.000000  80.718934 298.813185 287.364844   0.029886   0.116409 292.614566   0.098824
   340 797.459794 327.232835 516.922816 298.764318  82.208265  82.208265   0.000000   0.000000  80.138388 298.899094 287.538798   0.029677   0.116400 292.687112   0.098596
   341 797.229866 327.711404 516.698636 299.008026  82.150544  82.150544   0.000000   0.000000  79.522074 298.975179 287.707988   0.029476   0.116390 292.757124   0.098367
   342 796.482203 328.175460 516.103513 299.021668  82.020417  82.020417   0.000000   0.000000  78.870338 299.041440 287.872363   0.029284   0.116380 292.824682   0.098140
   343 795.217189 328.625380 515.138254 298.804561  81.818942  81.818942   0.000000   0.000000  78.183538 299.097878 288.031872   0.029100   0.116370 292.889855   0.097914
   344 793.435475 329.061496 513.803805 298.356020  81.547288  81.547288   0.000000   0.000000  77.462041 299.144499 288.186465   0.028924   0.116360 292.952701   0.097689
   345 791.137978 329.484099 512.101252 297.675362  81.206738  81.206738   0.000000   0.000000  76.706233 299.181309 288.336094   0.028755   0.116351 293.013269   0.097466
   346 788.325880 329.893438 510.031817 296.761909  80.798677  80.798677   0.000000   0.000000  75.916509 299.208321 288.480709   0.028593   0.116341 293.071595   0.097244
   347 785.000631 330.289717 507.596858 295.614996  80.324590  80.324590   0.000000   0.000000  75.093286 299.225549 288.620264   0.028439   0.116331 293.127704   0.097025
   348 781.163946 330.673101 504.797866 294.233970  79.786049  79.786049   0.000000   0.000000  74.236993 299.233011 288.754714   0.028292   0.116322 293.181612   0.096808
   349 776.817806 331.043710 501.636464 292.618204  79.184717  79.184717   0.000000   0.000000  73.348080 299.230730 288.884014   0.028151   0.116312 293.233322   0.096593
   350 771.964460 331.401622 498.114409 290.767105  78.522332  78.522332   0.000000   0.000000  72.427011 299.218731 289.008121   0.028017   0.116303 293.282828   0.096380
   351 766.606422 331.746874 494.233591 288.680115  77.800703  77.800703   0.000000   0.000000  71.474267 299.197044 289.126995   0.027889   0.116293 293.330110   0.096170
   352 760.746472 332.079463 489.996032 286.356728  77.021704  77.021704   0.000000   0.000000  70.490345 299.165704 289.240597   0.027768   0.116284 293.375141   0.095963
   353 754.387658 332.399345 485.403892 283.796490  76.187265  76.187265   0.000000   0.000000  69.475755 299.124749 289.348888   0.027653   0.116275 293.417881   0.095760
   354 747.533295 332.706436 480.459467 280.999015  75.299365  75.299365   0.000000   0.000000  68.431024 299.074218 289.451834   0.027544   0.116266 293.458280   0.095559
   355 740.186965 333.000615 475.165189 277.963992  74.360027  74.360027   0.000000   0.000000  67.356689 299.014159 289.549402   0.027440   0.116257 293.496279   0.095362
   356 732.352518 333.281723 469.523635 274.691195  73.371309  73.371309   0.000000   0.000000  66.253300 298.944620 289.641560   0.027343   0.116248 293.531807   0.095168
   357 724.034075 333.549567 463.537523 271.180500  72.335296  72.335296   0.000000   0.000000  65.121419 298.865652 289.728278   0.027251   0.116240 293.564784   0.094978
   358 715.236024 333.803915 457.209719 267.431896  71.254095  71.254095   0.000000   0.000000  63.961615 298.777312 289.809531   0.027164   0.116231 293.595123   0.094791
   359 705.963028 334.044505 450.543240 263.445500  70.129826  70.129826   0.000000   0.000000  62.774464 298.679657 289.885293   0.027083   0.116223 293.622725   0.094609
   360 696.220021 334.271039 443.541257 259.221575  68.964613  68.964613   0.000000   0.000000  61.560549 298.572748 289.955541   0.027007   0.116214 293.647483   0.094431
   361 686.012213 334.483189 436.207105 254.776771  67.761215  67.761215   0.000000   0.000000  60.320452 298.456334 290.020241   0.026937   0.116206 293.669308   0.094256
   362 675.345090 334.681099 428.546609 250.090313  66.519255  66.519255   0.000000   0.000000  59.052649 298.330700 290.079374   0.026871   0.116198 293.688144   0.094086
   363 664.224422 334.864185 420.561957 245.170146  65.242333  65.242333   0.000000   0.000000  57.759283 298.195912 290.132919   0.026811   0.116190 293.703823   0.093921
   364 652.656261 335.032032 412.257002 240.015048  63.932468  63.932468   0.000000   0.000000  56.440946 298.052079 290.180864   0.026755   0.116183 293.716199   0.093759
   365 640.646949 335.184134 403.635471 234.626549  62.591961  62.591961   0.000000   0.000000  55.098507 297.899289 290.223195   0.026704   0.116175 293.725112   0.093603
   366 628.203124 335.319972 394.701432 229.005696  61.222921  61.222921   0.000000   0.000000  53.732664 297.737631 290.259903   0.026658   0.116168 293.730397   0.093450
   367 615.331725 335.439000 385.459158 223.154054  59.827422  59.827422   0.000000   0.000000  52.344094 297.567186 290.290983   0.026617   0.116161 293.731884   0.093303
   368 602.039999 335.540652 375.913172 217.073455  58.407457  58.407457   0.000000   0.000000  50.933420 297.388031 290.316428   0.026580   0.116154 293.729398   0.093160
   369 588.335516 335.624339 366.068248 210.766097  56.964950  56.964950   0.000000   0.000000  49.501221 297.200240 290.336236   0.026548   0.116147 293.722759   0.093022
   370 574.226173 335.689455 355.929425 204.234541  55.501753  55.501753   0.000000   0.000000  48.048028 297.003881 290.350406   0.026520   0.116140 293.711780   0.092889
   371 559.720216 335.735377 345.502019 197.481740  54.019641  54.019641   0.000000   0.000000  46.574329 296.799017 290.358936   0.026497   0.116134 293.696270   0.092761
   372 544.826250 335.761462 334.791644 190.511059  52.520313  52.520313   0.000000   0.000000  45.080564 296.585702 290.361827   0.026478   0.116127 293.676033   0.092637
   373 529.553264 335.767048 323.804227 183.326300  51.005385  51.005385   0.000000   0.000000  43.567122 296.363987 290.359081   0.026464   0.116121 293.650864   0.092519
   374 513.910654 335.751455 312.546029 175.931728  49.476392  49.476392   0.000000   0.000000  42.034342 296.133913 290.350697   0.026454   0.116115 293.620549   0.092405
   375 497.908253 335.713980 301.023676 168.332101  47.934785  47.934785   0.000000   0.000000  40.482509 295.895515 290.336680   0.026448   0.116110 293.584868   0.092297
   376 481.556366 335.653895 289.244181 160.532711  46.381925  46.381925   0.000000   0.000000  38.911851 295.648819 290.317028   0.026446   0.116104 293.543583   0.092193
   377 464.865816 335.570445 277.214989 152.539421  44.819085  44.819085   0.000000   0.000000  37.322534 295.393838 290.291744   0.026449   0.116099 293.496445   0.092095
   378 447.847993 335.462842 264.944010 144.358723  43.247443  43.247443   0.000000   0.000000  35.714661 295.130579 290.260827   0.026456   0.116094 293.443183   0.092002
   379 430.514925 335.330260 252.439681 135.997795  41.668080  41.668080   0.000000   0.000000  34.088266 294.859034 290.224276   0.026467   0.116089 293.383503   0.091914
   380 412.879356 335.171824 239.711021 127.464584  40.081970  40.081970   0.000000   0.000000  32.443303 294.579180 290.182089   0.026482   0.116084 293.317074   0.091831
   381 394.954843 334.986606 226.767717 118.767899  38.489981  38.489981   0.000000   0.000000  30.779643 294.290982 290.134259   0.026502   0.116079 293.243523   0.091753
   382 376.755884 334.773608 213.620214 109.917537  36.892853  36.892853   0.000000   0.000000  29.097061 293.994384 290.080781   0.026525   0.116075 293.162414   0.091680
   383 358.298072 334.531747 200.279842 100.924437  35.291194  35.291194   0.000000   0.000000  27.395222 293.689309 290.021643   0.026553   0.116070 293.073218   0.091612
   384 339.598289 334.259833 186.758966  91.800883  33.685452  33.685452   0.000000   0.000000  25.673660 293.375653 289.956831   0.026586   0.116066 292.975260   0.091549
   385 320.674957 333.956543 173.071182  82.560772  32.075891  32.075891   0.000000   0.000000  23.931757 293.053282 289.886325   0.026622   0.116063 292.867600   0.091492
   386 301.548358 333.620383 159.231566  73.219972  30.462542  30.462542   0.000000   0.000000  22.168704 292.722020 289.810099   0.026663   0.116059 292.748599   0.091439
   387 282.241041 333.249634 145.256996  63.796818  28.845145  28.845145   0.000000   0.000000  20.383448 292.381638 289.728121   0.026708   0.116055 292.614440   0.091392
   388 262.778372 332.842279 131.166581  54.312805  27.223045  27.223045   0.000000   0.000000  18.574620 292.031834 289.640345   0.026758   0.116052 292.464227   0.091349
   389 243.189236 332.395900 116.982224  44.793624  25.595032  25.595032   0.000000   0.000000  16.740417 291.672204 289.546717   0.026813   0.116049 292.298271   0.091312
   390 223.507002 331.907506 102.729384  35.270745  23.959067  23.959067   0.000000   0.000000  14.878408 291.302190 289.447159   0.026872   0.116046 292.116583   0.091280
   391 203.770807 331.373282  88.438127  25.784059  22.311792  22.311792   0.000000   0.000000  12.985219 290.920987 289.341568   0.026936   0.116044 291.918779   0.091253
   392 184.027342 330.788137  74.144607  16.386721  20.647528  20.647528   0.000000   0.000000  11.055928 290.527349 289.229798   0.027005   0.116041 291.703892   0.091231
   393 164.333327 330.144908  59.893270   7.155749  18.955857  18.955857   0.000000   0.000000   9.082853 290.119136 289.111625   0.027079   0.116039 291.469915   0.091215
   394 144.759029 329.432770  45.740533  -1.770158  17.209496  17.209496   0.000000   0.000000   7.052579 289.691353 288.986632   0.027158   0.116037 291.147634   0.091204
   395 125.393339 328.878742  32.003466  -9.599141  14.594094  14.594094   0.000000   0.000000   4.933047 289.203386 288.852719   0.027248   0.116035 290.877726   0.091201
   396 106.351208 327.806697  18.332983 -17.147304  12.837387  12.837387   0.000000   0.000000   2.454664 288.690701 288.709505   0.027343   0.116033 290.533196   0.091204
   397  87.784722 326.484327   4.917901 -23.464844  11.023057  11.023057   0.000000   0.000000  -0.131631 288.122417 288.555324   0.027444   0.116032 290.140694   0.091212
   398  69.899779 325.025094  -7.806532 -30.101949   9.190891   9.190891   0.000000   0.000000  -3.030355 287.535861 288.390260   0.027553   0.116031 289.720015   0.091226
   399  52.981139 323.383614 -19.856837 -35.950320   7.420392   7.420392   0.000000   0.000000  -5.980793 286.928379 288.214258   0.027668   0.116030 289.267005   0.091245
   400  37.428803 321.605787 -30.856363 -41.175957   5.688574   5.688574   0.000000   0.000000  -9.001157 286.313524 288.027831   0.027790   0.116029 288.793483   0.091270
   401  23.804173 319.686131 -40.433285 -45.635044   4.040818   4.040818   0.000000   0.000000 -12.000152 285.709856 287.832215   0.027919   0.116029 288.313548   0.091300
   402  12.858710 317.675026 -48.033425 -49.409892   2.528603   2.528603   0.000000   0.000000 -14.856516 285.152780 287.630014   0.028055   0.116029 287.849424   0.091334
   403   5.418197 315.541118 -53.205948 -51.931978   1.224454   1.224454   0.000000   0.000000 -17.340634 284.666285 287.424576   0.028197   0.116029 287.422759   0.091372
   404   1.795281 313.399855 -55.706209 -53.694054   0.175218   0.175218   0.000000   0.000000 -19.308038 284.293254 287.220731   0.028343   0.116028 287.065021   0.091413
   405   0.000000 311.268854 -57.320247 -54.183121  -0.550463  -0.550463   0.000000   0.000000 -20.492342 283.991109 287.021016   0.028493   0.116029 286.750621   0.091457
   406   0.000000 309.217012 -57.785732 -53.971896  -1.089241  -1.089241   0.000000   0.000000 -21.209344 283.753739 286.827476   0.028646   0.116029 286.482581   0.091501
   407   0.000000 307.308182 -58.442793 -53.405464  -1.468376  -1.468376   0.000000   0.000000 -21.516158 283.545216 286.640458   0.028801   0.116029 286.239761   0.091547
   408   0.000000 305.536342 -59.114612 -52.705044  -1.781665  -1.781665   0.000000   0.000000 -21.666693 283.352070 286.459742   0.028958   0.116029 286.014484   0.091594
   409   0.000000 303.900185 -59.734071 -52.075009  -2.062038  -2.062038   0.000000   0.000000 -21.753704 283.173369 286.285128   0.029116   0.116029 285.806382   0.091641
   410   0.000000 302.379033 -60.316104 -51.504685  -2.311117  -2.311117   0.000000   0.000000 -21.782315 283.007703 286.116413   0.029276   0.116030 285.613469   0.091689
   411   0.000000 300.961582 -60.864231 -50.994078  -2.532282  -2.532282   0.000000   0.000000 -21.760969 282.853988 285.953398   0.029437   0.116030 285.433762   0.091737
   412   0.000000 299.627405 -61.392524 -50.476987  -2.727979  -2.727979   0.000000   0.000000 -21.695865 282.708944 285.795789   0.029600   0.116030 285.264222   0.091785
   413   0.000000 298.370244 -61.890455 -49.990758  -2.905980  -2.905980   0.000000   0.000000 -21.607918 282.571747 285.643315   0.029764   0.116031 285.104135   0.091834
   414   0.000000 297.182981 -62.360643 -49.541213  -3.068135  -3.068135   0.000000   0.000000 -21.500975 282.441941 285.495729   0.029929   0.116031 284.952691   0.091883
   415   0.000000 296.058192 -62.807856 -49.112845  -3.215421  -3.215421   0.000000   0.000000 -21.376515 282.318182 285.352771   0.030096   0.116031 284.808445   0.091933
   416   0.000000 294.986621 -63.234262 -48.692262  -3.337134  -3.337134   0.000000   0.000000 -21.242129 282.188210 285.213703   0.030263   0.116032 284.663838   0.091982
   417   0.000000 293.966157 -63.581191 -48.450476  -3.100746  -3.100746   0.000000   0.000000 -21.178451 282.062072 285.078299   0.030429   0.116032 284.524787   0.092031
   418   0.000000 292.981713 -63.912998 -48.235283  -2.899035  -2.899035   0.000000   0.000000 -21.113587 281.940568 284.946401   0.030594   0.116032 284.390481   0.092078
   419   0.000000 292.027053 -64.239589 -48.003018  -2.707918  -2.707918   0.000000   0.000000 -21.040829 281.822595 284.817825   0.030758   0.116033 284.259935   0.092125
   420   0.000000 291.102819 -64.554830 -47.773708  -2.530219  -2.530219   0.000000   0.000000 -20.966611 281.708080 284.692410   0.030921   0.116033 284.133177   0.092171
   421   0.000000 290.208291 -64.858991 -47.548279  -2.364499  -2.364499   0.000000   0.000000 -20.890314 281.596945 284.570014   0.031082   0.116033 284.010089   0.092216
   422   0.000000 289.341369 -65.153667 -47.321193  -2.209660  -2.209660   0.000000   0.000000 -20.811481 281.488886 284.450498   0.031242   0.116034 283.890370   0.092261
   423   0.000000 288.501193 -65.438135 -47.095556  -2.065195  -2.065195   0.000000   0.000000 -20.731287 281.383757 284.333738   0.031401   0.116034 283.773917   0.092305
   424   0.000000 287.686889 -65.712482 -46.873556  -1.930279  -1.930279   0.000000   0.000000 -20.649861 281.281488 284.219618   0.031559   0.116034 283.660601   0.092348
   425   0.000000 286.896691 -65.978019 -46.650166  -1.803916  -1.803916   0.000000   0.000000 -20.566913 281.181812 284.108029   0.031717   0.116034 283.550195   0.092391
   426   0.000000 286.130054 -66.233934 -46.430636  -1.685794  -1.685794   0.000000   0.000000 -20.483520 281.084689 283.998871   0.031873   0.116035 283.442635   0.092433
   427   0.000000 285.385615 -66.481307 -46.211923  -1.574973  -1.574973   0.000000   0.000000 -20.399270 280.989950 283.892048   0.032028   0.116035 283.337745   0.092474
   428   0.000000 284.662512 -66.720106 -45.995271  -1.471029  -1.471029   0.000000   0.000000 -20.314686 280.897485 283.787470   0.032182   0.116035 283.235408   0.092515
   429   0.000000 283.959434 -66.951042 -45.779125  -1.373359  -1.373359   0.000000   0.000000 -20.229896 280.807135 283.685053   0.032335   0.116035 283.135465   0.092555
   430   0.000000 283.276004 -67.173663 -45.566551  -1.281635  -1.281635   0.000000   0.000000 -20.145422 280.718865 283.584716   0.032488   0.116035 283.037859   0.092595
   431   0.000000 282.610414 -67.389525 -45.352641  -1.195161  -1.195161   0.000000   0.000000 -20.060955 280.632452 283.486380   0.032639   0.116035 282.942371   0.092635
   432   0.000000 281.962872 -67.597318 -45.143443  -1.113908  -1.113908   0.000000   0.000000 -19.977493 280.547927 283.389975   0.032790   0.116035 282.849015   0.092674
   433   0.000000 281.331175 -67.799297 -44.954399  -1.037194  -1.037194   0.000000   0.000000 -19.894336 280.465695 283.295455   0.032940   0.116036 282.758092   0.092712
   434   0.000000 280.714609 -67.998097 -44.769199  -0.963460  -0.963460   0.000000   0.000000 -19.808324 280.385506 283.202768   0.033089   0.116036 282.669365   0.092751
   435   0.000000 280.111717 -68.193894 -44.584838  -0.892976  -0.892976   0.000000   0.000000 -19.720832 280.307079 283.111854   0.033237   0.116036 282.582586   0.092788
   436   0.000000 279.524352 -68.383502 -44.411603  -0.826087  -0.826087   0.000000   0.000000 -19.633420 280.230568 283.022666   0.033385   0.116036 282.497933   0.092826
   437   0.000000 278.949375 -68.570685 -44.235714  -0.761835  -0.761835   0.000000   0.000000 -19.544687 280.155595 282.935147   0.033532   0.116036 282.414990   0.092863
   438   0.000000 278.389495 -68.750968 -44.072213  -0.701005  -0.701005   0.000000   0.000000 -19.456861 280.082407 282.849253   0.033678   0.116036 282.334040   0.092899
   439   0.000000 277.840244 -68.929859 -43.901034  -0.642369  -0.642369   0.000000   0.000000 -19.367920 280.010483 282.764924   0.033823   0.116036 282.254492   0.092935
   440   0.000000 277.305591 -69.100967 -43.743969  -0.587205  -0.587205   0.000000   0.000000 -19.281092 279.940191 282.682121   0.033967   0.116036 282.176772   0.092971
   441   0.000000 276.779334 -69.272082 -43.572240  -0.533883  -0.533883   0.000000   0.000000 -19.193509 279.870811 282.600776   0.034111   0.116036 282.100050   0.093007
   442   0.000000 276.267075 -69.434268 -43.416314  -0.484319  -0.484319   0.000000   0.000000 -19.109758 279.802859 282.520852   0.034254   0.116036 282.024927   0.093042
   443   0.000000 275.760311 -69.598256 -43.235754  -0.436357  -0.436357   0.000000   0.000000 -19.025953 279.735336 282.442271   0.034396   0.116036 281.950244   0.093077
   444   0.000000 275.266767 -69.751727 -43.072607  -0.392756  -0.392756   0.000000   0.000000 -18.948543 279.668944 282.364992   0.034538   0.116036 281.876825   0.093112
   445   0.000000 274.774844 -69.909300 -42.870825  -0.350649  -0.350649   0.000000   0.000000 -18.872336 279.602307 282.288920   0.034679   0.116037 281.803077   0.093146
   446   0.000000 274.295231 -70.053983 -42.689274  -0.313906  -0.313906   0.000000   0.000000 -18.806292 279.536403 282.214010   0.034819   0.116037 281.730164   0.093180
   447   0.000000 273.812155 -70.205773 -42.451224  -0.278591  -0.278591   0.000000   0.000000 -18.743251 279.469378 282.140141   0.034959   0.116037 281.655959   0.093214
   448   0.000000 273.341069 -70.340781 -42.242792  -0.249984  -0.249984   0.000000   0.000000 -18.695343 279.402743 282.067270   0.035098   0.116037 281.582266   0.093247
   449   0.000000 272.860366 -70.487215 -41.957920  -0.222287  -0.222287   0.000000   0.000000 -18.651689 279.334058 281.995251   0.035237   0.116037 281.506324   0.093280
   450   0.000000 272.393957 -70.610187 -41.729373  -0.202609  -0.202609   0.000000   0.000000 -18.628346 279.265907 281.924062   0.035375   0.116037 281.431143   0.093313
   451   0.000000 271.911135 -70.751879 -41.400711  -0.181795  -0.181795   0.000000   0.000000 -18.607081 279.194969 281.853542   0.035513   0.116037 281.353014   0.093346
   452   0.000000 271.450020 -70.859410 -41.180781  -0.169921  -0.169921   0.000000   0.000000 -18.610008 279.125652 281.783730   0.035650   0.116037 281.276891   0.093379
   453   0.000000 270.964988 -70.998156 -40.823170  -0.152486  -0.152486   0.000000   0.000000 -18.606544 279.053028 281.714452   0.035787   0.116037 281.197318   0.093411
   454   0.000000 270.514553 -71.087779 -40.647722  -0.144981  -0.144981   0.000000   0.000000 -18.629967 278.983975 281.645840   0.035924   0.116037 281.121888   0.093443
   455   0.000000 270.031512 -71.226361 -40.276839  -0.125796  -0.125796   0.000000   0.000000 -18.633051 278.911086 281.577698   0.036060   0.116037 281.042371   0.093475
   456   0.000000 269.599035 -71.297829 -40.167968  -0.118495  -0.118495   0.000000   0.000000 -18.666280 278.843990 281.510254   0.036196   0.116037 280.969496   0.093507
   457   0.000000 269.124263 -71.438225 -39.795548  -0.093457  -0.093457   0.000000   0.000000 -18.663851 278.772407 281.443280   0.036331   0.116037 280.891594   0.093539
   458   0.000000 268.716035 -71.492921 -39.756973  -0.083277  -0.083277   0.000000   0.000000 -18.696111 278.708563 281.377084   0.036466   0.116037 280.822699   0.093570
   459   0.000000 268.255457 -71.635512 -39.390811  -0.050666  -0.050666   0.000000   0.000000 -18.679646 278.639514 281.311394   0.036601   0.116037 280.747605   0.093602
   460   0.000000 267.875674 -71.675174 -39.416320  -0.036301  -0.036301   0.000000   0.000000 -18.703158 278.579687 281.246576   0.036735   0.116037 280.683534   0.093633
   461   0.000000 267.433484 -71.819471 -39.059975   0.003637   0.003637   0.000000   0.000000 -18.668222 278.513916 281.182318   0.036868   0.116037 280.611967   0.093663
   462   0.000000 267.084304 -71.845480 -39.141456   0.021979   0.021979   0.000000   0.000000 -18.678811 278.458462 281.119024   0.037000   0.116037 280.553092   0.093694
   463   0.000000 266.662754 -71.990909 -38.794682   0.067977   0.067977   0.000000   0.000000 -18.623934 278.396297 281.056338   0.037132   0.116037 280.485365   0.093724
   464   0.000000 266.344724 -72.004230 -38.925101   0.089191   0.089191   0.000000   0.000000 -18.620289 278.345289 280.994698   0.037263   0.116037 280.431732   0.093754
   465   0.000000 265.944423 -72.150473 -38.584781   0.139636   0.139636   0.000000   0.000000 -18.545859 278.286757 280.933703   0.037393   0.116037 280.367859   0.093784
   466   0.000000 265.656991 -72.151695 -38.759143   0.162229   0.162229   0.000000   0.000000 -18.528624 278.240095 280.873817   0.037522   0.116037 280.319311   0.093813
   467   0.000000 265.277395 -72.298734 -38.420725   0.215561   0.215561   0.000000   0.000000 -18.436057 278.185033 280.814599   0.037651   0.116037 280.259122   0.093843
   468   0.000000 265.019392 -72.288158 -38.636262   0.238032   0.238032   0.000000   0.000000 -18.406961 278.142532 280.756538   0.037778   0.116037 280.215411   0.093872
   469   0.000000 264.659352 -72.436167 -38.287551   0.292966   0.292966   0.000000   0.000000 -18.298041 278.090493 280.699141   0.037905   0.116037 280.158472   0.093901
   470   0.000000 264.429775 -72.412590 -38.535762   0.313467   0.313467   0.000000   0.000000 -18.260541 278.051624 280.642925   0.038031   0.116037 280.119050   0.093929
   471   0.000000 264.088360 -72.559916 -38.179745   0.368330   0.368330   0.000000   0.000000 -18.139107 278.002341 280.587358   0.038156   0.116037 280.065067   0.093957
   472   0.000000 263.884900 -72.524271 -38.461522   0.386208   0.386208   0.000000   0.000000 -18.095126 277.966908 280.532988   0.038280   0.116037 280.029630   0.093985
   473   0.000000 263.559818 -72.672165 -38.093413   0.440642   0.440642   0.000000   0.000000 -17.962559 277.920077 280.479242   0.038403   0.116036 279.978258   0.094013
   474   0.000000 263.380154 -72.625231 -38.407202   0.455281   0.455281   0.000000   0.000000 -17.914152 277.887789 280.426697   0.038525   0.116036 279.946451   0.094041
   475   0.000000 263.069544 -72.774077 -38.025549   0.508849   0.508849   0.000000   0.000000 -17.772360 277.843139 280.374743   0.038646   0.116036 279.897394   0.094068
   476   0.000000 262.911458 -72.716697 -38.369330   0.519941   0.519941   0.000000   0.000000 -17.721222 277.813710 280.323989   0.038767   0.116036 279.868879   0.094095
   477   0.000000 262.613650 -72.866734 -37.973512   0.572366   0.572366   0.000000   0.000000 -17.571952 277.771000 280.273784   0.038886   0.116036 279.821873   0.094122
   478   0.000000 262.475065 -72.799749 -38.345301   0.579804   0.579804   0.000000   0.000000 -17.519494 277.744162 280.224773   0.039005   0.116036 279.796338   0.094149
   479   0.000000 262.188595 -72.951113 -37.935435   0.630945   0.630945   0.000000   0.000000 -17.364280 277.703182 280.176269   0.039123   0.116036 279.751155   0.094175
   480   0.000000 262.067587 -72.875381 -38.333195   0.634779   0.634779   0.000000   0.000000 -17.311610 277.678692 280.128946   0.039240   0.116036 279.728316   0.094202
   481   0.000000 261.791172 -73.028141 -37.909766   0.684590   0.684590   0.000000   0.000000 -17.151776 277.639260 280.082085   0.039356   0.116036 279.684757   0.094228
   482   0.000000 261.685959 -72.944514 -38.331316   0.684966   0.684966   0.000000   0.000000 -17.099771 277.616889 280.036388   0.039472   0.116036 279.664347   0.094254
   483   0.000000 261.418433 -73.098706 -37.894811   0.733445   0.733445   0.000000   0.000000 -16.936492 277.578836 279.991109   0.039586   0.116036 279.622225   0.094279
   484   0.000000 261.327333 -73.007996 -38.337876   0.730534   0.730534   0.000000   0.000000 -16.885912 277.558364 279.946975   0.039701   0.116036 279.603988   0.094305
   485   0.000000 261.067602 -73.163627 -37.888752   0.777688   0.777688   0.000000   0.000000 -16.720280 277.521524 279.903212   0.039814   0.116036 279.563125   0.094330
   486   0.000000 260.989013 -73.066604 -38.351102   0.771664   0.771664   0.000000   0.000000 -16.671818 277.502736 279.860573   0.039926   0.116035 279.546814   0.094356
   487   0.000000 260.736057 -73.223642 -37.889989   0.817504   0.817504   0.000000   0.000000 -16.504856 277.466956 279.818258   0.040038   0.116035 279.507043   0.094381
   488   0.000000 260.668455 -73.121045 -38.369506   0.808557   0.808557   0.000000   0.000000 -16.459115 277.449651 279.777044   0.040149   0.116035 279.492425   0.094405
   489   0.000000 260.421352 -73.279423 -37.897298   0.853109   0.853109   0.000000   0.000000 -16.291746 277.414793 279.736108   0.040259   0.116035 279.453598   0.094430
   490   0.000000 260.363317 -73.171971 -38.391999   0.841454   0.841454   0.000000   0.000000 -16.249201 277.398785 279.696246   0.040369   0.116035 279.440462   0.094455
   491   0.000000 260.121255 -73.331595 -37.909765   0.884769   0.884769   0.000000   0.000000 -16.082223 277.364729 279.656618   0.040478   0.116035 279.402451   0.094479
   492   0.000000 260.071495 -73.219975 -38.417816   0.870642   0.870642   0.000000   0.000000 -16.043220 277.349852 279.618038   0.040587   0.116035 279.390605   0.094503
   493   0.000000 259.833762 -73.380746 -37.926631   0.912784   0.912784   0.000000   0.000000 -15.877300 277.316494 279.579649   0.040694   0.116035 279.353299   0.094527
   494   0.000000 259.791122 -73.265579 -38.446388   0.896425   0.896425   0.000000   0.000000 -15.842081 277.302599 279.542280   0.040802   0.116035 279.342571   0.094551
   495   0.000000 259.557088 -73.427405 -37.947194   0.937473   0.937473   0.000000   0.000000 -15.677765 277.269846 279.505061   0.040908   0.116035 279.305871   0.094575
   496   0.000000 259.520550 -73.309234 -38.477237   0.919106   0.919106   0.000000   0.000000 -15.646506 277.256802 279.468835   0.041014   0.116034 279.296110   0.094599
   497   0.000000 259.289655 -73.472041 -37.970809   0.959144   0.959144   0.000000   0.000000 -15.484232 277.224569 279.432720   0.041120   0.116034 279.259927   0.094622
   498   0.000000 259.258324 -73.351333 -38.509924   0.938974   0.938974   0.000000   0.000000 -15.457060 277.212260 279.397571   0.041225   0.116034 279.250998   0.094646
   499   0.000000 259.030064 -73.515056 -37.996887   0.978084   0.978084   0.000000   0.000000 -15.297180 277.180470 279.362496   0.041329   0.116034 279.215249   0.094669
   500   0.000000 259.003141 -73.392219 -38.544003   0.956296   0.956296   0.000000   0.000000 -15.274184 277.168790 279.328359   0.041433   0.116034 279.207031   0.094692
   501   0.000000 258.777063 -73.556804 -38.024875   0.994557   0.994557   0.000000   0.000000 -15.116984 277.137372 279.294261   0.041536   0.116034 279.171642   0.094715
   502   0.000000 258.753824 -73.432206 -38.578995   0.971315   0.971315   0.000000   0.000000 -15.098224 277.126226 279.261076   0.041639   0.116034 279.164023   0.094738
   503   0.000000 258.529514 -73.597599 -38.054251   1.008795   1.008795   0.000000   0.000000 -14.943947 277.095115 279.227895   0.041741   0.116034 279.128927   0.094761
   504   0.000000 258.509288 -73.471583 -38.614442   0.984244   0.984244   0.000000   0.000000 -14.929457 277.084413 279.195601   0.041843   0.116034 279.121805   0.094784
   505   0.000000 258.286373 -73.637726 -38.077408   1.020964   1.020964   0.000000   0.000000 -14.778312 277.053364 279.163272   0.041944   0.116033 279.086784   0.094806
   506   0.000000 258.268942 -73.509354 -38.635754   0.994635   0.994635   0.000000   0.000000 -14.769351 277.042735 279.131793   0.042045   0.116033 279.079835   0.094829
   507   0.000000 258.047559 -73.674374 -38.092945   1.029939   1.029939   0.000000   0.000000 -14.623403 277.011666 279.100241   0.042145   0.116033 279.044811   0.094851
   508   0.000000 258.031846 -73.544308 -38.650380   1.002224   1.002224   0.000000   0.000000 -14.620028 277.001049 279.069507   0.042246   0.116033 279.037918   0.094873
   509   0.000000 257.811118 -73.708771 -38.101179   1.036468   1.036468   0.000000   0.000000 -14.479204 276.969867 279.038664   0.042345   0.116033 279.002772   0.094895
   510   0.000000 257.796077 -73.577593 -38.656204   1.007556   1.007556   0.000000   0.000000 -14.481575 276.959135 279.008604   0.042445   0.116033 278.995784   0.094917
   511   0.000000 257.575486 -73.741407 -38.102178   1.040812   1.040812   0.000000   0.000000 -14.346280 276.927772 278.978401   0.042543   0.116033 278.960442   0.094939
   512   0.000000 257.560191 -73.609694 -38.653010   1.010933   1.010933   0.000000   0.000000 -14.354402 276.916809 278.948948   0.042642   0.116033 278.953222   0.094961
   513   0.000000 257.339320 -73.772720 -38.095675   1.043256   1.043256   0.000000   0.000000 -14.224976 276.885205 278.919320   0.042739   0.116032 278.917618   0.094983
   514   0.000000 257.322957 -73.640989 -38.640654   1.012623   1.012623   0.000000   0.000000 -14.238804 276.873905 278.890408   0.042837   0.116032 278.910045   0.095005
   515   0.000000 257.101454 -73.803082 -38.081423   1.044063   1.044063   0.000000   0.000000 -14.115519 276.842011 278.861292   0.042934   0.116032 278.874127   0.095026
   516   0.000000 257.083308 -73.671788 -38.619063   1.012871   1.012871   0.000000   0.000000 -14.134968 276.830283 278.832858   0.043032   0.116032 278.866092   0.095048
   517   0.000000 256.860880 -73.832806 -38.059219   1.043476   1.043476   0.000000   0.000000 -14.018025 276.798052 278.804193   0.043128   0.116032 278.829815   0.095069
   518   0.000000 256.840333 -73.702347 -38.588232   1.011903   1.011903   0.000000   0.000000 -14.042982 276.785817 278.776177   0.043225   0.116032 278.821225   0.095091
   519   0.000000 256.616729 -73.862162 -38.028903   1.041720   1.041720   0.000000   0.000000 -13.932521 276.753212 278.747905   0.043320   0.116032 278.784549   0.095112
   520   0.000000 256.593252 -73.732873 -38.548190   1.009925   1.009925   0.000000   0.000000 -13.962849 276.740400 278.720251   0.043417   0.116032 278.775325   0.095133
   521   0.000000 256.368263 -73.891374 -37.990355   1.039002   1.039002   0.000000   0.000000 -13.858952 276.707389 278.692317   0.043512   0.116031 278.738216   0.095154
   522   0.000000 256.341405 -73.763539 -38.498986   1.007125   1.007125   0.000000   0.000000 -13.894502 276.693941 278.664970   0.043607   0.116031 278.728288   0.095175
   523   0.000000 256.114853 -73.920625 -37.943494   1.035507   1.035507   0.000000   0.000000 -13.797201 276.660493 278.637324   0.043702   0.116031 278.690718   0.095196
   524   0.000000 256.084233 -73.794486 -38.440676   1.003673   1.003673   0.000000   0.000000 -13.837811 276.646361 278.610233   0.043796   0.116031 278.680027   0.095217
   525   0.000000 255.855972 -73.950069 -37.888273   1.031403   1.031403   0.000000   0.000000 -13.747104 276.612452 278.582824   0.043890   0.116031 278.641973   0.095238
   526   0.000000 255.821262 -73.825834 -38.373327   0.999720   0.999720   0.000000   0.000000 -13.792601 276.597591 278.555942   0.043985   0.116031 278.630467   0.095259
   527   0.000000 255.591170 -73.979835 -37.824680   1.026837   1.026837   0.000000   0.000000 -13.708454 276.563202 278.528725   0.044078   0.116031 278.591908   0.095279
   528   0.000000 255.552088 -73.857685 -38.297008   0.995402   0.995402   0.000000   0.000000 -13.758660 276.547575 278.502006   0.044172   0.116031 278.579545   0.095300
   529   0.000000 255.320067 -74.010032 -37.752718   1.021940   1.021940   0.000000   0.000000 -13.681019 276.512687 278.474937   0.044265   0.116030 278.540465   0.095320
   530   0.000000 255.276366 -73.890133 -38.211786   0.990837   0.990837   0.000000   0.000000 -13.735751 276.496261 278.448340   0.044358   0.116030 278.527205   0.095341
   531   0.000000 255.042333 -74.040758 -37.672401   1.016823   1.016823   0.000000   0.000000 -13.664547 276.460861 278.421379   0.044450   0.116030 278.487589   0.095361
   532   0.000000 254.993793 -73.923261 -38.117727   0.986127   0.986127   0.000000   0.000000 -13.723621 276.443609 278.394863   0.044543   0.116030 278.473398   0.095382
   533   0.000000 254.757682 -74.072100 -37.583755   1.011583   1.011583   0.000000   0.000000 -13.658779 276.407684 278.367972   0.044635   0.116030 278.433236   0.095402
   534   0.000000 254.704106 -73.957145 -38.014902   0.981358   0.981358   0.000000   0.000000 -13.722011 276.389579 278.341500   0.044727   0.116030 278.418083   0.095422
   535   0.000000 254.465863 -74.104139 -37.486815   1.006302   1.006302   0.000000   0.000000 -13.663448 276.353120 278.314643   0.044818   0.116030 278.377366   0.095442
   536   0.000000 254.407074 -73.991859 -37.903391   0.976607   0.976607   0.000000   0.000000 -13.730658 276.334140 278.288181   0.044910   0.116030 278.361224   0.095462
   537   0.000000 254.166655 -74.136950 -37.381631   1.001052   1.001052   0.000000   0.000000 -13.678285 276.297139 278.261324   0.045000   0.116029 278.319943   0.095482
   538   0.000000 254.102493 -74.027469 -37.783286   0.971937   0.971937   0.000000   0.000000 -13.749293 276.277264 278.234838   0.045092   0.116029 278.302787   0.095502
   539   0.000000 253.859866 -74.170605 -37.268258   0.995894   0.995894   0.000000   0.000000 -13.703023 276.239714 278.207951   0.045182   0.116029 278.260938   0.095522
   540   0.000000 253.790185 -74.064039 -37.654683   0.967404   0.967404   0.000000   0.000000 -13.777653 276.218926 278.181411   0.045272   0.116029 278.242746   0.095542
   541   0.000000 253.545322 -74.205169 -37.142632   0.990859   0.990859   0.000000   0.000000 -13.737392 276.180713 278.154458   0.045362   0.116029 278.200222   0.095561
   542   0.000000 253.470218 -74.100898 -37.509769   0.962675   0.962675   0.000000   0.000000 -13.816213 276.158833 278.127824   0.045452   0.116029 278.180822   0.095581
   543   0.000000 253.223296 -74.239026 -37.004590   0.985229   0.985229   0.000000   0.000000 -13.782941 276.119939 278.100768   0.045541   0.116029 278.137594   0.095600
   544   0.000000 253.142161 -74.137569 -37.352857   0.957552   0.957552   0.000000   0.000000 -13.865802 276.096949 278.074004   0.045631   0.116029 278.116935   0.095620
   545   0.000000 252.892675 -74.273111 -36.854123   0.979348   0.979348   0.000000   0.000000 -13.839387 276.057332 278.046808   0.045720   0.116029 278.072950   0.095639
   546   0.000000 252.804957 -74.174814 -37.183160   0.952213   0.952213   0.000000   0.000000 -13.926332 276.033177 278.019876   0.045809   0.116028 278.050967   0.095659
   547   0.000000 252.552655 -74.307774 -36.691915   0.973258   0.973258   0.000000   0.000000 -13.906895 275.992819 277.992506   0.045897   0.116028 278.006202   0.095678
   548   0.000000 252.457900 -74.212999 -37.001212   0.946768   0.946768   0.000000   0.000000 -13.997811 275.967459 277.965372   0.045986   0.116028 277.982844   0.095697
   549   0.000000 252.202609 -74.343366 -36.518379   0.967082   0.967082   0.000000   0.000000 -13.985391 275.926348 277.937793   0.046074   0.116028 277.937287   0.095717
   550   0.000000 252.100449 -74.252428 -36.807552   0.941338   0.941338   0.000000   0.000000 -14.080116 275.899753 277.910424   0.046162   0.116028 277.912513   0.095736
   551   0.000000 251.842047 -74.380191 -36.333908   0.960947   0.960947   0.000000   0.000000 -14.074697 275.857884 277.882605   0.046249   0.116028 277.866159   0.095755
   552   0.000000 251.732188 -74.293364 -36.602701   0.936040   0.936040   0.000000   0.000000 -14.173045 275.830032 277.854970   0.046337   0.116028 277.839940   0.095774
   553   0.000000 251.470589 -74.418512 -36.138884   0.954972   0.954972   0.000000   0.000000 -14.174567 275.787404 277.826882   0.046424   0.116028 277.792786   0.095793
   554   0.000000 251.352792 -74.336031 -36.387172   0.930981   0.930981   0.000000   0.000000 -14.276341 275.758279 277.798952   0.046511   0.116028 277.765099   0.095812
   555   0.000000 251.087942 -74.458562 -35.933699   0.949262   0.949262   0.000000   0.000000 -14.284710 275.714896 277.770568   0.046598   0.116027 277.717149   0.095831
   556   0.000000 250.962022 -74.380625 -36.161479   0.926254   0.926254   0.000000   0.000000 -14.389705 275.684489 277.742318   0.046684   0.116027 277.687978   0.095849
   557   0.000000 250.693890 -74.500540 -35.718759   0.943911   0.943911   0.000000   0.000000 -14.404800 275.640354 277.713612   0.046770   0.116027 277.639237   0.095868
   558   0.000000 250.559709 -74.427315 -35.926150   0.921943   0.921943   0.000000   0.000000 -14.512808 275.608664 277.685018   0.046857   0.116027 277.608576   0.095887
   559   0.000000 250.288285 -74.544624 -35.494498   0.939004   0.939004   0.000000   0.000000 -14.534477 275.563785 277.655969   0.046942   0.116027 277.559052   0.095905
   560   0.000000 250.145751 -74.476247 -35.681726   0.918123   0.918123   0.000000   0.000000 -14.645286 275.530814 277.627008   0.047028   0.116027 277.526899   0.095924
   561   0.000000 249.871046 -74.590968 -35.261377   0.934617   0.934617   0.000000   0.000000 -14.673357 275.485203 277.597596   0.047113   0.116027 277.476605   0.095943
   562   0.000000 249.720107 -74.527547 -35.428770   0.914863   0.914863   0.000000   0.000000 -14.786750 275.450961 277.568250   0.047198   0.116027 277.442967   0.095961
   563   0.000000 249.442148 -74.639708 -35.019885   0.930822   0.930822   0.000000   0.000000 -14.821027 275.404629 277.538456   0.047283   0.116027 277.391916   0.095979
   564   1.594241 249.282797 -73.305930 -35.167862   0.912227   0.912227   0.000000   0.000000 -14.936785 275.404101 277.510171   0.047367   0.116026 277.376347   0.095998
   565   4.828314 249.001628 -70.988980 -34.189549   1.031083   1.031083   0.000000   0.000000 -14.742489 275.433535 277.484492   0.047448   0.116026 277.366621   0.096016
   566  11.837323 248.865908 -65.648695 -33.115105   1.216594   1.216594   0.000000   0.000000 -14.356696 275.565302 277.465432   0.047522   0.116026 277.424940   0.096033
   567  22.429495 248.680492 -57.960937 -30.075707   1.672132   1.672132   0.000000   0.000000 -13.300909 275.781075 277.455842   0.047580   0.116026 277.522019   0.096049
   568  35.794786 248.749185 -48.196497 -26.159581   2.300676   2.300676   0.000000   0.000000 -11.723370 276.089877 277.458681   0.047616   0.116026 277.686935   0.096062
   569  51.162567 248.914356 -37.169286 -20.486645   3.106435   3.106435   0.000000   0.000000  -9.581626 276.451882 277.474970   0.047626   0.116025 277.882658   0.096073
   570  67.950627 249.462454 -24.886421 -14.734702   3.939798   3.939798   0.000000   0.000000  -7.161617 276.884560 277.506400   0.047607   0.116025 278.143080   0.096082
   571  85.743266 250.155401 -11.995892  -7.446072   4.852770   4.852770   0.000000   0.000000  -4.352879 277.345018 277.552733   0.047559   0.116024 278.423757   0.096087
   572 104.244856 251.282777   1.743370  -0.839347   5.680038   5.680038   0.000000   0.000000  -1.454007 277.867019 277.615211   0.047485   0.116024 278.768558   0.096090
   573 123.242100 252.522445  15.686954   7.454850   6.522710   6.522710   0.000000   0.000000   1.762652 278.405953 277.693121   0.047386   0.116023 279.136474   0.096090
   574 142.577839 256.777065  32.731578   0.847290   7.500264   7.500264   0.000000   0.000000   4.989821 279.355754 277.802332   0.047259   0.116022 279.979145   0.096087
   575 162.133598 259.766352  46.743880  13.665733   9.368809   9.368809   0.000000   0.000000  10.873948 280.125494 277.932421   0.047079   0.116021 280.600423   0.096078
   576 181.817992 263.365176  62.275419  17.961378  10.185116  10.185116   0.000000   0.000000  15.351511 280.997640 278.085926   0.046882   0.116020 281.318791   0.096066
