     0 172.710834 247.991806  55.657751   1.069494   0.511563   0.511563   0.000000   0.000000   0.000000 278.711690 276.898872   0.203386   0.203392 278.658163   0.203330
     1 192.286009 248.227160  62.750952  35.288023   8.979388   8.979388   0.000000   0.000000  12.689726 278.867988 276.950274   0.203253   0.203391 278.726392   0.203276
     2 211.878127 249.987441  79.387084  31.496519  10.088224  10.088224   0.000000   0.000000  13.423999 279.551980 277.015883   0.203102   0.203390 279.115661   0.203231
     3 231.435835 251.232435  92.965707  41.644215  13.588865  13.588865   0.000000   0.000000  17.752680 280.078779 277.090065   0.202897   0.203388 279.386610   0.203191
     4 250.916476 252.616847 107.354164  47.864456  16.182779  16.182779   0.000000   0.000000  20.920997 280.648685 277.173467   0.202648   0.203386 279.677989   0.203155
     5 270.283997 254.005655 121.432449  55.333832  19.000969  19.000969   0.000000   0.000000  24.326531 281.203047 277.265026   0.202351   0.203384 279.962683   0.203121
     6 289.507431 255.441738 135.500483  62.456397  21.770457  21.770457   0.000000   0.000000  27.566148 281.756613 277.364219   0.202004   0.203382 280.250876   0.203089
     7 308.559788 256.897206 149.438335  69.710414  24.613579  24.613579   0.000000   0.000000  30.746758 282.301235 277.470355   0.201603   0.203379 280.538150   0.203059
     8 327.417228 258.362158 163.257672  76.917813  27.501831  27.501831   0.000000   0.000000  33.816160 282.836358 277.582798   0.201144   0.203375 280.823495   0.203029
     9 346.058441 259.825357 176.934003  84.098890  30.441980  30.441980   0.000000   0.000000  36.774921 283.360192 277.700928   0.200622   0.203372 281.105387   0.203000
    10 364.464174 261.281620 190.456611  91.212174  33.425410  33.425410   0.000000   0.000000  39.614845 283.872317 277.824174   0.200032   0.203368 281.383309   0.202971
    11 382.616868 262.723018 203.806753  98.268914  36.449555  36.449555   0.000000   0.000000  42.337004 284.371693 277.951984   0.199369   0.203363 281.656166   0.202943
    12 400.500377 264.140318 216.968724 105.272130  39.506698  39.506698   0.000000   0.000000  44.937966 284.857208 278.083826   0.198625   0.203359 281.922605   0.202915
    13 418.099745 265.526544 229.930421 112.212597  42.587953  42.587953   0.000000   0.000000  47.413674 285.328104 278.219187   0.197794   0.203353 282.181645   0.202887
    14 435.401032 266.876882 242.680921 119.080937  45.685090  45.685090   0.000000   0.000000  49.762419 285.783923 278.357586   0.196869   0.203348 282.432664   0.202859
    15 452.391174 268.188395 255.210356 125.866824  48.789966  48.789966   0.000000   0.000000  51.984363 286.224481 278.498568   0.195842   0.203342 282.675344   0.202831
    16 469.057876 269.460341 267.510191 132.556136  51.895182  51.895182   0.000000   0.000000  54.081387 286.649914 278.641719   0.194702   0.203336 282.909725   0.202803
    17 485.389515 270.693288 279.572022 139.136770  54.994448  54.994448   0.000000   0.000000  56.057366 287.060547 278.786658   0.193441   0.203329 283.136048   0.202775
    18 501.375075 271.888049 291.387156 145.600387  58.082019  58.082019   0.000000   0.000000  57.917223 287.456749 278.933042   0.192047   0.203322 283.354569   0.202746
    19 517.004081 273.045265 302.946873 151.940500  61.152373  61.152373   0.000000   0.000000  59.665952 287.838877 279.080554   0.190508   0.203315 283.565496   0.202718
    20 532.266554 274.165359 314.242635 158.151109  64.199831  64.199831   0.000000   0.000000  61.308260 288.207277 279.228907   0.188810   0.203307 283.768980   0.202689
    21 547.152973 275.248547 325.266066 164.226959  67.218727  67.218727   0.000000   0.000000  62.848590 288.562276 279.377838   0.186939   0.203299 283.965126   0.202661
    22 561.654236 276.294921 336.009070 170.163124  70.203640  70.203640   0.000000   0.000000  64.291066 288.904172 279.527101   0.184879   0.203291 284.154009   0.202632
    23 575.761641 277.304673 346.464041 175.954084  73.149360  73.149360   0.000000   0.000000  65.639497 289.233267 279.676474   0.182613   0.203282 284.335716   0.202603
    24 594.975686 278.278320 361.031012 181.593529  76.050853  76.050853   0.000000   0.000000  66.897548 289.643221 279.828383   0.180125   0.203273 284.514897   0.202574
    25 608.292523 279.216764 370.408046 190.248933  79.853904  79.853904   0.000000   0.000000  68.703867 289.928790 279.979196   0.177362   0.203263 284.681853   0.202544
    26 621.190705 280.162415 380.115125 194.699087  82.456730  82.456730   0.000000   0.000000  69.647161 290.231186 280.129650   0.174347   0.203253 284.850185   0.202515
    27 633.662934 281.042887 389.323208 200.151721  85.311371  85.311371   0.000000   0.000000  70.710751 290.511436 280.279285   0.171052   0.203243 285.006473   0.202485
    28 645.702226 281.895549 398.272346 205.041962  87.994937  87.994937   0.000000   0.000000  71.625054 290.783145 280.428059   0.167473   0.203233 285.157430   0.202455
    29 657.301900 282.714434 406.878849 209.871090  90.646656  90.646656   0.000000   0.000000  72.485599 291.042775 280.575820   0.163605   0.203222 285.301994   0.202425
    30 668.455575 283.504500 415.161984 214.482715  93.220888  93.220888   0.000000   0.000000  73.268686 291.291864 280.722464   0.159455   0.203211 285.441089   0.202395
    31 679.157158 284.266259 423.109544 218.924930  95.728177  95.728177   0.000000   0.000000  73.985797 291.530244 280.867880   0.155041   0.203199 285.574844   0.202365
    32 689.400843 285.001153 430.719624 223.181052  98.160443  98.160443   0.000000   0.000000  74.636544 291.758219 281.011967   0.150400   0.203187 285.703554   0.202335
    33 699.181109 285.710241 437.987599 227.253543 100.515564 100.515564   0.000000   0.000000  75.223759 291.975928 281.154627   0.145582   0.203175 285.827442   0.202305
    34 708.492710 286.394819 444.910161 231.137577 102.790380 102.790380   0.000000   0.000000  75.749105 292.183567 281.295768   0.140655   0.203163 285.946763   0.202275
    35 717.330680 287.056290 451.483999 234.829455 104.983323 104.983323   0.000000   0.000000  76.214589 292.381325 281.435305   0.135693   0.203150 286.061783   0.202244
    36 725.690324 287.696182 457.706149 238.324176 107.093587 107.093587   0.000000   0.000000  76.622141 292.569404 281.573156   0.130777   0.203137 286.172781   0.202214
    37 733.567221 288.316093 463.573836 241.662445 109.126043 109.126043   0.000000   0.000000  76.973739 292.747001 281.709218   0.125980   0.203124 286.280239   0.202184
    38 740.957220 288.919064 469.091431 244.786505 111.067268 111.067268   0.000000   0.000000  77.264481 292.914899 281.843414   0.121366   0.203111 286.384669   0.202154
    39 747.856438 289.506612 474.253285 247.709018 112.924039 112.924039   0.000000   0.000000  77.500393 293.073265 281.975670   0.116979   0.203098 286.486316   0.202124
    40 754.261264 290.080602 479.057657 250.418998 114.695733 114.695733   0.000000   0.000000  77.683170 293.222427 282.105922   0.112849   0.203084 286.585487   0.202094
    41 760.168353 290.642681 483.501921 252.912979 116.383697 116.383697   0.000000   0.000000  77.815530 293.362640 282.234114   0.108988   0.203070 286.682448   0.202064
    42 765.574626 291.194415 487.583937 255.185836 117.988428 117.988428   0.000000   0.000000  77.899676 293.494162 282.360196   0.105399   0.203056 286.777450   0.202034
    43 770.477273 291.737171 491.301558 257.234023 119.510440 119.510440   0.000000   0.000000  77.937766 293.617223 282.484121   0.102072   0.203041 286.870710   0.202004
    44 774.873751 292.272051 494.652745 259.054851 120.949931 120.949931   0.000000   0.000000  77.931710 293.732015 282.605850   0.098993   0.203027 286.962402   0.201974
    45 778.761782 292.799820 497.635511 260.646811 122.306780 122.306780   0.000000   0.000000  77.883155 293.838690 282.725344   0.096145   0.203012 287.052643   0.201944
    46 782.139355 293.320888 500.247968 262.009307 123.580444 123.580444   0.000000   0.000000  77.793421 293.937353 282.842567   0.093511   0.202997 287.141494   0.201915
    47 785.004725 293.835343 502.488361 263.142407 124.769922 124.769922   0.000000   0.000000  77.663503 294.028071 282.957483   0.091072   0.202982 287.228962   0.201885
    48 787.356413 294.343018 504.355110 264.046564 125.873785 125.873785   0.000000   0.000000  77.494117 294.110879 283.070054   0.088810   0.202967 287.315015   0.201856
    49 789.193207 294.843582 505.846840 264.722437 126.890276 126.890276   0.000000   0.000000  77.285773 294.185796 283.180246   0.086710   0.202952 287.399593   0.201827
    50 790.514160 295.336608 506.962396 265.170784 127.817448 127.817448   0.000000   0.000000  77.038850 294.252829 283.288021   0.084756   0.202937 287.482622   0.201798
    51 791.318592 295.821639 507.700853 265.392403 128.653314 128.653314   0.000000   0.000000  76.753652 294.311979 283.393342   0.082936   0.202921 287.564024   0.201769
    52 791.606089 296.298229 508.061523 265.388072 129.395969 129.395969   0.000000   0.000000  76.430457 294.363248 283.496171   0.081236   0.202906 287.643720   0.201740
    53 791.376503 296.765971 508.043967 265.158497 130.043684 130.043684   0.000000   0.000000  76.069535 294.406639 283.596472   0.079647   0.202890 287.721641   0.201712
    54 790.629952 297.224524 507.647999 264.704253 130.594972 130.594972   0.000000   0.000000  75.671172 294.442160 283.694206   0.078159   0.202874 287.797725   0.201684
    55 789.366820 297.673633 506.873694 264.025751 131.048629 131.048629   0.000000   0.000000  75.235683 294.469826 283.789337   0.076762   0.202859 287.871925   0.201656
    56 787.587758 298.113132 505.721379 263.123282 131.403763 131.403763   0.000000   0.000000  74.763423 294.489657 283.881830   0.075450   0.202843 287.944208   0.201628
    57 785.293683 298.542936 504.191623 261.997086 131.659785 131.659785   0.000000   0.000000  74.254791 294.501680 283.971649   0.074216   0.202827 288.014551   0.201601
    58 782.485777 298.963020 502.285226 260.647414 131.816389 131.816389   0.000000   0.000000  73.710219 294.505927 284.058761   0.073053   0.202811 288.082942   0.201573
    59 779.165489 299.373406 500.003210 259.074586 131.873518 131.873518   0.000000   0.000000  73.130160 294.502428 284.143133   0.071956   0.202796 288.149374   0.201547
    60 775.334534 299.774138 497.346815 257.279029 131.831321 131.831321   0.000000   0.000000  72.515069 294.491217 284.224732   0.070920   0.202780 288.213842   0.201520
    61 770.994894 300.165268 494.317491 255.261317 131.690130 131.690130   0.000000   0.000000  71.865393 294.472322 284.303529   0.069941   0.202764 288.276345   0.201494
    62 766.148816 300.546834 490.916894 253.022209 131.450421 131.450421   0.000000   0.000000  71.181557 294.445770 284.379492   0.069014   0.202748 288.336874   0.201468
    63 760.798814 300.918849 487.146877 250.562686 131.112787 131.112787   0.000000   0.000000  70.463948 294.411579 284.452593   0.068137   0.202732 288.395418   0.201442
    64 754.947669 301.281274 483.009487 247.883988 130.677908 130.677908   0.000000   0.000000  69.712906 294.369761 284.522802   0.067306   0.202717 288.451955   0.201417
    65 748.598428 301.634010 478.506960 244.987625 130.146519 130.146519   0.000000   0.000000  68.928712 294.320315 284.590090   0.066518   0.202701 288.506452   0.201392
    66 741.754407 301.976883 473.641719 241.875368 129.519385 129.519385   0.000000   0.000000  68.111576 294.263233 284.654428   0.065770   0.202686 288.558865   0.201368
    67 734.419187 302.309646 468.416377 238.549215 128.797294 128.797294   0.000000   0.000000  67.261637 294.198496 284.715787   0.065061   0.202670 288.609135   0.201344
    68 726.596622 302.631981 462.833742 235.011349 127.981049 127.981049   0.000000   0.000000  66.378965 294.126075 284.774136   0.064387   0.202655 288.657189   0.201320
    69 718.290830 302.943517 456.896823 231.264097 127.071480 127.071480   0.000000   0.000000  65.463571 294.045934 284.829446   0.063747   0.202640 288.702946   0.201297
    70 709.506205 303.243834 450.608833 227.309898 126.069452 126.069452   0.000000   0.000000  64.515418 293.958033 284.881685   0.063140   0.202624 288.746313   0.201274
    71 700.247408 303.532485 443.973192 223.151288 124.975883 124.975883   0.000000   0.000000  63.534435 293.862325 284.930821   0.062562   0.202609 288.787191   0.201251
    72 690.519377 303.809004 436.993533 218.790888 123.791758 123.791758   0.000000   0.000000  62.520532 293.758764 284.976821   0.062014   0.202595 288.825475   0.201229
    73 680.327325 304.072913 429.673699 214.243935 122.519771 122.519771   0.000000   0.000000  61.473603 293.647039 285.019646   0.061493   0.202580 288.861095   0.201208
    74 669.676743 304.324120 422.019589 209.497945 121.157139 121.157139   0.000000   0.000000  60.391755 293.527266 285.059259   0.060998   0.202565 288.893991   0.201187
    75 658.573405 304.562043 414.034451 204.560704 119.707069 119.707069   0.000000   0.000000  59.276054 293.399393 285.095625   0.060529   0.202551 288.924019   0.201166
    76 647.023371 304.786213 405.722807 199.433687 118.170707 118.170707   0.000000   0.000000  58.126382 293.263401 285.128708   0.060083   0.202537 288.951052   0.201146
    77 635.032989 304.996120 397.089171 194.120222 116.549748 116.549748   0.000000   0.000000  56.942853 293.119254 285.158473   0.059661   0.202523 288.974950   0.201127
    78 622.608907 305.191264 388.138385 188.623281 114.845774 114.845774   0.000000   0.000000  55.725468 292.966918 285.184886   0.059260   0.202509 288.995571   0.201107
    79 609.758075 305.371143 378.875519 182.946155 113.060461 113.060461   0.000000   0.000000  54.474225 292.806354 285.207910   0.058881   0.202496 289.012767   0.201089
    80 596.487755 305.535264 369.305900 177.092290 111.195520 111.195520   0.000000   0.000000  53.189105 292.637521 285.227511   0.058523   0.202482 289.026385   0.201071
    81 582.805529 305.683131 359.435118 171.065364 109.252717 109.252717   0.000000   0.000000  51.870069 292.460377 285.243654   0.058184   0.202469 289.036262   0.201053
    82 568.719318 305.814258 349.269035 164.869289 107.233854 107.233854   0.000000   0.000000  50.517065 292.274876 285.256302   0.057864   0.202456 289.042230   0.201036
    83 554.237388 305.928158 338.813798 158.508245 105.140765 105.140765   0.000000   0.000000  49.130021 292.080970 285.265421   0.057563   0.202444 289.044109   0.201019
    84 539.368371 306.024347 328.075853 151.986711 102.975304 102.975304   0.000000   0.000000  47.708844 291.878604 285.270973   0.057279   0.202431 289.041709   0.201003
    85 524.121291 306.102341 317.061962 145.309500 100.739332 100.739332   0.000000   0.000000  46.253416 291.667723 285.272924   0.057014   0.202419 289.034823   0.200988
    86 508.505580 306.161652 305.779227 138.481804  98.434695  98.434695   0.000000   0.000000  44.763592 291.448263 285.271235   0.056765   0.202407 289.023227   0.200973
    87 492.531117 306.201786 294.235113 131.509245  96.063205  96.063205   0.000000   0.000000  43.239190 291.220155 285.265870   0.056533   0.202396 289.006674   0.200958
    88 476.208263 306.222237 282.437482 124.397934  93.626619  93.626619   0.000000   0.000000  41.679990 290.983322 285.256790   0.056317   0.202385 288.984889   0.200944
    89 459.547905 306.222484 270.394627 117.154545  91.126599  91.126599   0.000000   0.000000  40.085723 290.737679 285.243955   0.056116   0.202374 288.957560   0.200931
    90 442.561512 306.201984 258.115319 109.786403  88.564684  88.564684   0.000000   0.000000  38.456064 290.483129 285.227326   0.055932   0.202363 288.924329   0.200918
    91 425.261206 306.160167 245.608863 102.301590  85.942231  85.942231   0.000000   0.000000  36.790622 290.219564 285.206860   0.055762   0.202353 288.884772   0.200905
    92 407.659841 306.096423 232.885167  94.709078  83.260364  83.260364   0.000000   0.000000  35.088925 289.946858 285.182514   0.055608   0.202343 288.838384   0.200894
    93 389.771114 306.010098 219.954830  87.018897  80.519883  80.519883   0.000000   0.000000  33.350410 289.664870 285.154241   0.055468   0.202333 288.784536   0.200882
    94 371.609687 305.900480 206.829244  79.242351  77.721160  77.721160   0.000000   0.000000  31.574401 289.373436 285.121995   0.055343   0.202324 288.722419   0.200872
    95 353.191355 305.766784 193.520730  71.392305  74.863983  74.863983   0.000000   0.000000  29.760088 289.072365 285.085723   0.055232   0.202315 288.650929   0.200861
    96 334.533249 305.608135 180.042711  63.483561  71.947337  71.947337   0.000000   0.000000  27.906493 288.761434 285.045371   0.055136   0.202306 288.568417   0.200852
    97 315.654097 305.423544 166.409924  55.533398  68.969073  68.969073   0.000000   0.000000  26.012437 288.440376 285.000880   0.055054   0.202298 288.471893   0.200843
    98 296.574562 305.211876 152.638705  47.562327  65.925401  65.925401   0.000000   0.000000  24.076477 288.108873 284.952183   0.054987   0.202290 288.351853   0.200834
    99 277.317675 304.971806 138.747352  39.595230  62.810054  62.810054   0.000000   0.000000  22.096829 287.766531 284.899210   0.054934   0.202282 288.203322   0.200827
   100 257.909406 304.701753 124.756613  31.663164  59.612844  59.612844   0.000000   0.000000  20.071247 287.412853 284.841877   0.054895   0.202275 288.029428   0.200819
   101 238.379418 304.399788 110.690344  23.806401  56.316970  56.316970   0.000000   0.000000  17.996834 287.047194 284.780091   0.054871   0.202269 287.831866   0.200813
   102 218.762080 304.063486  96.576418  16.080130  52.893404  52.893404   0.000000   0.000000  15.869721 286.668662 284.713736   0.054863   0.202262 287.611273   0.200807
   103 199.097843 303.689681  82.448034   8.566842  49.287243  49.287243   0.000000   0.000000  13.684481 286.275946 284.642672   0.054871   0.202256 287.366844   0.200801
   104 179.435134 303.274063  68.345757   1.411380  45.373114  45.373114   0.000000   0.000000  11.432917 285.866833 284.566704   0.054896   0.202251 287.094602   0.200797
   105 159.833010 302.810629  54.321500  -4.954691  40.611052  40.611052   0.000000   0.000000   9.100900 285.435403 284.485486   0.054942   0.202246 286.737857   0.200794
   106 140.364932 302.275939  40.440517  -9.085034  33.472421  33.472421   0.000000   0.000000   6.649416 284.963474 284.398188   0.055023   0.202242 286.401104   0.200794
   107 121.124219 301.543430  26.745738 -12.781487  28.989743  28.989743   0.000000   0.000000   3.956996 284.393019 284.302417   0.055123   0.202238 285.978870   0.200794
   108 102.232079 300.691469  13.700805 -16.239558  24.316563  24.316563   0.000000   0.000000   0.634215 283.753498 284.196855   0.055245   0.202236 285.495661   0.200795
   109  83.849579 299.708681   1.266564 -19.186930  19.823107  19.823107   0.000000   0.000000  -3.103494 283.054813 284.080576   0.055389   0.202233 284.955069   0.200796
   110  66.195682 298.605513 -10.428038 -21.577882  15.601258  15.601258   0.000000   0.000000  -7.180342 282.306662 283.952999   0.055552   0.202231 284.363574   0.200798
   111  49.574220 297.380526 -21.195781 -23.422098  11.722205  11.722205   0.000000   0.000000 -11.524356 281.524208 283.814000   0.055734   0.202230 283.737347   0.200801
   112  34.412445 296.066288 -30.743378 -24.956544   8.335269   8.335269   0.000000   0.000000 -16.028547 280.741032 283.664389   0.055933   0.202229 283.103791   0.200803
   113  21.307016 294.677970 -38.746267 -26.233459   5.508892   5.508892   0.000000   0.000000 -20.463501 280.000273 283.506083   0.056146   0.202228 282.495531   0.200805
   114  11.038830 293.216082 -44.787422 -27.229340   3.250763   3.250763   0.000000   0.000000 -24.540671 279.353446 283.342240   0.056371   0.202228 281.954466   0.200806
   115   4.394781 291.699237 -48.461209 -28.033279   1.568364   1.568364   0.000000   0.000000 -27.921561 278.861565 283.177408   0.056604   0.202228 281.530447   0.200807
   116   1.461158 290.152287 -49.955946 -28.712415   0.466931   0.466931   0.000000   0.000000 -30.210904 278.556798 283.016584   0.056843   0.202228 281.248344   0.200807
   117   0.000000 288.584710 -51.193937 -29.222780  -0.109790  -0.109790   0.000000   0.000000 -31.218498 278.356269 282.861933   0.057085   0.202228 281.043217   0.200806
   118   0.000000 287.014198 -51.764882 -29.569002  -0.431963  -0.431963   0.000000   0.000000 -31.539649 278.235772 282.714774   0.057328   0.202228 280.896970   0.200805
   119   0.000000 285.458327 -52.702746 -29.762479  -0.570753  -0.570753   0.000000   0.000000 -31.353017 278.131082 282.574541   0.057572   0.202228 280.760683   0.200802
   120   0.000000 283.931120 -53.688353 -29.843920  -0.685122  -0.685122   0.000000   0.000000 -31.104213 278.026927 282.440360   0.057816   0.202228 280.624241   0.200799
   121   0.000000 282.443695 -54.638464 -29.869727  -0.809857  -0.809857   0.000000   0.000000 -30.894031 277.922191 282.311478   0.058060   0.202228 280.488100   0.200795
   122   0.000000 281.002448 -55.541591 -29.876914  -0.944830  -0.944830   0.000000   0.000000 -30.725008 277.818544 282.187309   0.058306   0.202228 280.354106   0.200790
   123   0.000000 279.608726 -56.404310 -29.876067  -1.083695  -1.083695   0.000000   0.000000 -30.581360 277.716970 282.067391   0.058551   0.202228 280.223102   0.200786
   124   0.000000 278.261430 -57.232317 -29.866481  -1.222445  -1.222445   0.000000   0.000000 -30.452944 277.617628 281.951337   0.058798   0.202228 280.095173   0.200781
   125   0.000000 276.959830 -58.027026 -29.847338  -1.359520  -1.359520   0.000000   0.000000 -30.335963 277.520452 281.838821   0.059045   0.202228 279.970205   0.200775
   126   0.000000 275.702646 -58.789338 -29.816214  -1.494185  -1.494185   0.000000   0.000000 -30.228585 277.425218 281.729558   0.059293   0.202229 279.848023   0.200770
   127   0.000000 274.489036 -59.518988 -29.774437  -1.626316  -1.626316   0.000000   0.000000 -30.130380 277.331859 281.623302   0.059541   0.202229 279.728672   0.200764
   128   0.000000 273.318863 -60.215760 -29.726946  -1.755537  -1.755537   0.000000   0.000000 -30.040103 277.240561 281.519846   0.059790   0.202229 279.612387   0.200758
   129   0.000000 272.191922 -60.880705 -29.676963  -1.880906  -1.880906   0.000000   0.000000 -29.954994 277.151518 281.419017   0.060040   0.202229 279.499316   0.200752
   130   0.000000 271.107085 -61.515788 -29.623752  -2.001555  -2.001555   0.000000   0.000000 -29.872492 277.064706 281.320663   0.060291   0.202230 279.389395   0.200745
   131   0.000000 270.063105 -62.122081 -29.566538  -2.117273  -2.117273   0.000000   0.000000 -29.791692 276.980027 281.224647   0.060542   0.202230 279.282521   0.200739
   132   0.000000 269.058791 -62.700249 -29.505711  -2.228138  -2.228138   0.000000   0.000000 -29.712336 276.897414 281.130848   0.060794   0.202230 279.178652   0.200732
   133   0.000000 268.093189 -63.250881 -29.443256  -2.334224  -2.334224   0.000000   0.000000 -29.634035 276.816898 281.039160   0.061047   0.202230 279.077825   0.200725
   134   0.000000 267.165414 -63.774947 -29.380856  -2.435394  -2.435394   0.000000   0.000000 -29.555836 276.738532 280.949490   0.061300   0.202231 278.980059   0.200718
   135   0.000000 266.274104 -64.273996 -29.318314  -2.531459  -2.531459   0.000000   0.000000 -29.476704 276.662279 280.861752   0.061554   0.202231 278.885282   0.200711
   136   0.000000 265.417845 -64.749200 -29.255636  -2.622513  -2.622513   0.000000   0.000000 -29.396312 276.588076 280.775871   0.061809   0.202231 278.793415   0.200704
   137   0.000000 264.595294 -65.201544 -29.193499  -2.708763  -2.708763   0.000000   0.000000 -29.314561 276.515885 280.691775   0.062064   0.202232 278.704400   0.200697
   138   0.000000 263.805173 -65.632062 -29.132761  -2.790373  -2.790373   0.000000   0.000000 -29.231230 276.445685 280.609400   0.062320   0.202232 278.618187   0.200690
   139   0.000000 263.046070 -66.042013 -29.073556  -2.867450  -2.867450   0.000000   0.000000 -29.146004 276.377429 280.528687   0.062576   0.202232 278.534689   0.200683
   140   0.000000 262.316450 -66.432642 -29.015739  -2.940182  -2.940182   0.000000   0.000000 -29.058801 276.311043 280.449579   0.062833   0.202233 278.453800   0.200675
   141   0.000000 261.614874 -66.804978 -28.959610  -3.008845  -3.008845   0.000000   0.000000 -28.969754 276.246462 280.372025   0.063091   0.202233 278.375424   0.200668
   142   0.000000 260.939906 -67.160101 -28.905360  -3.073678  -3.073678   0.000000   0.000000 -28.878939 276.183624 280.295974   0.063349   0.202233 278.299460   0.200660
   143   0.000000 260.290067 -67.499133 -28.852855  -3.134910  -3.134910   0.000000   0.000000 -28.786452 276.122449 280.221379   0.063608   0.202234 278.225789   0.200653
   144   0.000000 259.663865 -67.823139 -28.801929  -3.192802  -3.192802   0.000000   0.000000 -28.692511 276.062850 280.148195   0.063867   0.202234 278.154289   0.200645
   145   0.000000 259.059888 -68.133069 -28.753981  -3.247704  -3.247704   0.000000   0.000000 -28.597411 276.004804 280.076377   0.064127   0.202234 278.084898   0.200637
   146   0.000000 258.476604 -68.430290 -28.707747  -3.299672  -3.299672   0.000000   0.000000 -28.501010 275.948200 280.005885   0.064388   0.202235 278.017459   0.200630
   147   0.000000 257.912609 -68.715632 -28.662630  -3.349004  -3.349004   0.000000   0.000000 -28.403796 275.892919 279.936676   0.064649   0.202235 277.951818   0.200622
   148   0.000000 257.366583 -68.989820 -28.618260  -3.396009  -3.396009   0.000000   0.000000 -28.306302 275.838852 279.868709   0.064910   0.202236 277.887832   0.200614
   149   0.000000 256.837234 -69.253588 -28.574233  -3.440955  -3.440955   0.000000   0.000000 -28.209002 275.785892 279.801943   0.065172   0.202236 277.825360   0.200606
   150   0.000000 256.323326 -69.507634 -28.530180  -3.484089  -3.484089   0.000000   0.000000 -28.112357 275.733936 279.736337   0.065434   0.202236 277.764267   0.200599
   151   0.000000 255.823681 -69.752617 -28.485744  -3.525636  -3.525636   0.000000   0.000000 -28.016802 275.676415 279.671666   0.065697   0.202237 277.700104   0.200591
   152   0.000000 255.337179 -69.959335 -28.482875  -3.413487  -3.413487   0.000000   0.000000 -27.966760 275.617747 279.607856   0.065959   0.202237 277.635852   0.200583
   153   0.000000 254.859998 -70.151896 -28.493827  -3.297474  -3.297474   0.000000   0.000000 -27.930767 275.559655 279.544886   0.066220   0.202238 277.572414   0.200575
   154   0.000000 254.389685 -70.340618 -28.503464  -3.187573  -3.187573   0.000000   0.000000 -27.896616 275.502242 279.482736   0.066479   0.202238 277.509676   0.200567
   155   0.000000 253.925394 -70.526793 -28.508323  -3.082521  -3.082521   0.000000   0.000000 -27.863457 275.445378 279.421384   0.066738   0.202238 277.447483   0.200558
   156   0.000000 253.466761 -70.710167 -28.507974  -2.982442  -2.982442   0.000000   0.000000 -27.832047 275.388959 279.360807   0.066995   0.202239 277.385738   0.200550
   157   0.000000 253.013532 -70.890509 -28.502511  -2.887316  -2.887316   0.000000   0.000000 -27.802932 275.332922 279.300978   0.067252   0.202239 277.324382   0.200542
   158   0.000000 252.565488 -71.067732 -28.492016  -2.797037  -2.797037   0.000000   0.000000 -27.776390 275.277220 279.241872   0.067507   0.202240 277.263369   0.200534
   159   0.000000 252.122434 -71.241809 -28.476559  -2.711462  -2.711462   0.000000   0.000000 -27.752566 275.221816 279.183464   0.067761   0.202240 277.202666   0.200525
   160   0.000000 251.684211 -71.412722 -28.456235  -2.630432  -2.630432   0.000000   0.000000 -27.731537 275.166681 279.125729   0.068015   0.202240 277.142244   0.200517
   161   0.000000 251.250692 -71.580459 -28.431160  -2.553776  -2.553776   0.000000   0.000000 -27.713336 275.111792 279.068643   0.068267   0.202240 277.082083   0.200509
   162   0.000000 250.821785 -71.745000 -28.401491  -2.481316  -2.481316   0.000000   0.000000 -27.697958 275.057130 279.012183   0.068519   0.202241 277.022167   0.200500
   163   0.000000 250.397424 -71.906324 -28.367400  -2.412863  -2.412863   0.000000   0.000000 -27.685366 275.002683 278.956326   0.068770   0.202241 276.962487   0.200492
   164   0.000000 249.977570 -72.064407 -28.329094  -2.348225  -2.348225   0.000000   0.000000 -27.675495 274.948443 278.901050   0.069020   0.202241 276.903039   0.200483
   165   0.000000 249.562207 -72.219224 -28.286790  -2.287202  -2.287202   0.000000   0.000000 -27.668253 274.894404 278.846337   0.069269   0.202242 276.843822   0.200475
   166   0.000000 249.151338 -72.370750 -28.240730  -2.229592  -2.229592   0.000000   0.000000 -27.663532 274.840565 278.792165   0.069518   0.202242 276.784840   0.200466
   167   0.000000 248.744979 -72.518965 -28.191157  -2.175190  -2.175190   0.000000   0.000000 -27.661199 274.786930 278.738518   0.069765   0.202242 276.726101   0.200458
   168   0.000000 248.343163 -72.663845 -28.138338  -2.123792  -2.123792   0.000000   0.000000 -27.661115 274.733503 278.685378   0.070012   0.202242 276.667614   0.200450
   169   0.000000 247.945921 -72.805379 -28.082524  -2.075196  -2.075196   0.000000   0.000000 -27.663124 274.680290 278.632728   0.070258   0.202243 276.609390   0.200441
   170   0.000000 247.553299 -72.943553 -28.023989  -2.029204  -2.029204   0.000000   0.000000 -27.667068 274.627301 278.580555   0.070504   0.202243 276.551443   0.200433
   171   0.000000 247.165333 -73.078369 -27.962976  -1.985622  -1.985622   0.000000   0.000000 -27.672779 274.574544 278.528844   0.070749   0.202243 276.493787   0.200424
   172   0.000000 246.782069 -73.209824 -27.899748  -1.944267  -1.944267   0.000000   0.000000 -27.680097 274.522031 278.477581   0.070993   0.202243 276.436436   0.200416
   173   0.000000 246.403533 -73.337936 -27.834524  -1.904961  -1.904961   0.000000   0.000000 -27.688855 274.469770 278.426756   0.071237   0.202244 276.379404   0.200407
   174   0.000000 246.029763 -73.462714 -27.767548  -1.867540  -1.867540   0.000000   0.000000 -27.698900 274.417773 278.376355   0.071480   0.202244 276.322704   0.200399
   175   0.000000 245.660765 -73.584196 -27.699001  -1.831846  -1.831846   0.000000   0.000000 -27.710079 274.366048 278.326370   0.071722   0.202244 276.266347   0.200390
   176   0.000000 245.296561 -73.702398 -27.629107  -1.797739  -1.797739   0.000000   0.000000 -27.722256 274.314604 278.276789   0.071964   0.202244 276.210346   0.200382
   177   0.000000 244.937134 -73.817379 -27.558001  -1.765083  -1.765083   0.000000   0.000000 -27.735294 274.263449 278.227604   0.072205   0.202244 276.154708   0.200374
   178   0.000000 244.582487 -73.929161 -27.485886  -1.733762  -1.733762   0.000000   0.000000 -27.749084 274.212589 278.178805   0.072446   0.202245 276.099443   0.200365
   179   0.000000 244.232573 -74.037825 -27.412848  -1.703664  -1.703664   0.000000   0.000000 -27.763509 274.162029 278.130384   0.072686   0.202245 276.044554   0.200357
   180   0.000000 243.887379 -74.143395 -27.339077  -1.674698  -1.674698   0.000000   0.000000 -27.778487 274.111774 278.082334   0.072926   0.202245 275.990049   0.200348
   181   0.000000 243.546826 -74.245973 -27.260968  -1.646689  -1.646689   0.000000   0.000000 -27.793922 274.061697 278.034643   0.073165   0.202245 275.935788   0.200340
   182   0.000000 243.211102 -74.344798 -27.181549  -1.620028  -1.620028   0.000000   0.000000 -27.810626 274.011840 277.987303   0.073403   0.202245 275.881824   0.200332
   183   0.000000 242.879990 -74.440270 -27.100665  -1.594462  -1.594462   0.000000   0.000000 -27.828240 273.962211 277.940303   0.073642   0.202246 275.828156   0.200323
   184   0.000000 242.553364 -74.532546 -27.018428  -1.569910  -1.569910   0.000000   0.000000 -27.846645 273.912813 277.893637   0.073879   0.202246 275.774784   0.200315
   185   0.000000 242.231012 -74.621845 -26.934718  -1.546303  -1.546303   0.000000   0.000000 -27.865764 273.863637 277.847296   0.074116   0.202246 275.721690   0.200306
   186   0.000000 241.912838 -74.708208 -26.849777  -1.523620  -1.523620   0.000000   0.000000 -27.885614 273.814680 277.801273   0.074353   0.202246 275.668873   0.200298
   187   0.000000 241.598618 -74.791848 -26.763435  -1.501804  -1.501804   0.000000   0.000000 -27.906152 273.765927 277.755560   0.074589   0.202246 275.616314   0.200290
   188   0.000000 241.288277 -74.872768 -26.675976  -1.480851  -1.480851   0.000000   0.000000 -27.927425 273.717378 277.710149   0.074824   0.202247 275.564008   0.200281
   189   0.000000 240.981566 -74.951201 -26.587130  -1.460704  -1.460704   0.000000   0.000000 -27.949393 273.669014 277.665033   0.075060   0.202247 275.511931   0.200273
   190   0.000000 240.678438 -75.027109 -26.497250  -1.441378  -1.441378   0.000000   0.000000 -27.972134 273.620834 277.620205   0.075294   0.202247 275.460083   0.200264
   191   0.000000 240.378608 -75.100762 -26.405947  -1.422811  -1.422811   0.000000   0.000000 -27.995600 273.572814 277.575658   0.075529   0.202247 275.408433   0.200256
   192   0.000000 240.082064 -75.172067 -26.313677  -1.405036  -1.405036   0.000000   0.000000 -28.019902 273.524957 277.531383   0.075762   0.202247 275.356984   0.200248
   193   0.000000 239.788482 -75.241345 -26.219902  -1.387982  -1.387982   0.000000   0.000000 -28.044981 273.477235 277.487375   0.075996   0.202247 275.305698   0.200239
   194   0.000000 239.497894 -75.308436 -26.125221  -1.371702  -1.371702   0.000000   0.000000 -28.070980 273.429651 277.443625   0.076229   0.202248 275.254582   0.200231
   195   0.000000 239.209923 -75.373726 -26.028910  -1.356112  -1.356112   0.000000   0.000000 -28.097817 273.382173 277.400127   0.076462   0.202248 275.203592   0.200223
   196   0.000000 238.924665 -75.436968 -25.931765  -1.341288  -1.341288   0.000000   0.000000 -28.125678 273.334809 277.356873   0.076694   0.202248 275.152742   0.200214
   197   0.000000 238.641675 -75.498638 -25.832821  -1.327122  -1.327122   0.000000   0.000000 -28.154445 273.287520 277.313856   0.076926   0.202248 275.101978   0.200206
   198   0.000000 238.361132 -75.558376 -25.733134  -1.313721  -1.313721   0.000000   0.000000 -28.184355 273.240320 277.271069   0.077157   0.202248 275.051323   0.200198
   199   0.000000 238.082504 -75.616774 -25.631433  -1.300948  -1.300948   0.000000   0.000000 -28.215240 273.193162 277.228504   0.077388   0.202248 275.000712   0.200190
   200   0.000000 237.806076 -75.673328 -25.529111  -1.288945  -1.288945   0.000000   0.000000 -28.247400 273.147409 277.186194   0.077619   0.202249 274.951006   0.200181
   201   0.000000 237.531205 -75.734786 -25.410283  -1.313729  -1.313729   0.000000   0.000000 -28.271492 273.101269 277.144113   0.077850   0.202249 274.901044   0.200173
   202   0.000000 237.259117 -75.791912 -25.296019  -1.319674  -1.319674   0.000000   0.000000 -28.299909 273.055160 277.102255   0.078081   0.202249 274.851187   0.200165
   203   0.000000 236.988807 -75.847555 -25.180730  -1.327676  -1.327676   0.000000   0.000000 -28.329663 273.009082 277.060609   0.078312   0.202249 274.801369   0.200157
   204   0.000000 236.720673 -75.901330 -25.065423  -1.336195  -1.336195   0.000000   0.000000 -28.360694 272.963078 277.019171   0.078543   0.202249 274.751635   0.200148
   205   0.000000 236.453694 -75.954424 -24.947261  -1.345075  -1.345075   0.000000   0.000000 -28.392653 272.917047 276.977931   0.078774   0.202249 274.701859   0.200140
   206   0.000000 236.188657 -76.005614 -24.829337  -1.354701  -1.354701   0.000000   0.000000 -28.426190 272.871058 276.936882   0.079005   0.202249 274.652127   0.200132
   207   0.000000 235.924293 -76.056447 -24.707920  -1.364661  -1.364661   0.000000   0.000000 -28.460770 272.824988 276.896016   0.079236   0.202250 274.602285   0.200124
   208   0.000000 235.661686 -76.105313 -24.587025  -1.375459  -1.375459   0.000000   0.000000 -28.497202 272.777194 276.855277   0.079467   0.202250 274.551375   0.200116
   209   0.000000 235.399236 -76.146438 -24.480034  -1.339774  -1.339774   0.000000   0.000000 -28.546582 272.729970 276.814680   0.079698   0.202250 274.500735   0.200107
   210   0.000000 235.137363 -76.189657 -24.365194  -1.336069  -1.336069   0.000000   0.000000 -28.592972 272.682784 276.774223   0.079928   0.202250 274.450007   0.200099
   211   0.000000 234.874430 -76.234185 -24.242504  -1.330211  -1.330211   0.000000   0.000000 -28.640073 272.635311 276.733895   0.080158   0.202250 274.398900   0.200091
   212   0.000000 234.612604 -76.276467 -24.120678  -1.325917  -1.325917   0.000000   0.000000 -28.690083 272.587732 276.693689   0.080388   0.202250 274.347641   0.200083
   213   0.000000 234.349319 -76.319803 -23.991492  -1.322017  -1.322017   0.000000   0.000000 -28.741696 272.539789 276.653593   0.080617   0.202251 274.295911   0.200075
   214   0.000000 234.087047 -76.360646 -23.863337  -1.319625  -1.319625   0.000000   0.000000 -28.796629 272.491697 276.613602   0.080847   0.202251 274.243966   0.200066
   215   0.000000 233.822514 -76.403130 -23.725810  -1.317587  -1.317587   0.000000   0.000000 -28.853337 272.443119 276.573700   0.081076   0.202251 274.191395   0.200058
   216   0.000000 233.558858 -76.442715 -23.589554  -1.317336  -1.317336  -0.000000  -0.000000 -28.914069 272.394325 276.533880   0.081305   0.202251 274.138525   0.200050
   217   0.000000 233.291986 -76.484578 -23.450153  -1.317603  -1.317603  -0.000000  -0.000000 -28.976888 272.345193 276.494134   0.081534   0.202251 274.085185   0.200042
   218   0.000000 233.025405 -76.524770 -23.314512  -1.319005  -1.319005  -0.000000  -0.000000 -29.042591 272.295988 276.454460   0.081763   0.202251 274.031702   0.200034
   219   0.000000 232.754393 -76.569056 -23.167791  -1.320189  -1.320189  -0.000000  -0.000000 -29.109305 272.246205 276.414841   0.081992   0.202252 273.977485   0.200026
   220   0.000000 232.484161 -76.610136 -23.027138  -1.323357  -1.323357  -0.000000  -0.000000 -29.180457 272.196313 276.375277   0.082221   0.202252 273.923130   0.200018
   221   0.000000 232.209056 -76.655583 -22.874977  -1.326190  -1.326190  -0.000000  -0.000000 -29.252749 272.145788 276.335750   0.082450   0.202252 273.868005   0.200010
   222   0.000000 231.935399 -76.696941 -22.731860  -1.331079  -1.331079  -0.000000  -0.000000 -29.329730 272.095245 276.296262   0.082679   0.202252 273.812887   0.200002
   223   0.000000 231.656698 -76.743236 -22.577809  -1.335141  -1.335141  -0.000000  -0.000000 -29.407118 272.044125 276.256799   0.082908   0.202252 273.757085   0.199993
   224   0.000000 231.380357 -76.784811 -22.436237  -1.341007  -1.341007  -0.000000  -0.000000 -29.488720 272.065024 276.219410   0.083137   0.202252 273.746746   0.199985
   225   0.000000 231.099167 -77.150136 -21.573242  -1.203036  -1.203036  -0.000000  -0.000000 -29.080701 272.036071 276.182465   0.083362   0.202253 273.703876   0.199977
   226   0.000000 230.861073 -77.252847 -21.253252  -1.289589  -1.289589  -0.000000  -0.000000 -29.024754 272.002403 276.145802   0.083590   0.202253 273.661940   0.199969
   227   0.000000 230.632296 -77.325682 -21.030526  -1.388078  -1.388078  -0.000000  -0.000000 -29.003794 271.969245 276.109424   0.083819   0.202253 273.621300   0.199961
   228   0.000000 230.409380 -77.395149 -20.826091  -1.478495  -1.478495  -0.000000  -0.000000 -28.981254 271.936513 276.073332   0.084051   0.202253 273.581508   0.199953
   229   0.000000 230.184049 -77.468892 -20.619882  -1.562376  -1.562376  -0.000000  -0.000000 -28.957735 271.903501 276.037504   0.084285   0.202253 273.541534   0.199945
   230   0.000000 229.964780 -77.535573 -20.434392  -1.643194  -1.643194  -0.000000  -0.000000 -28.938024 271.870782 276.001939   0.084520   0.202253 273.502321   0.199937
   231   0.000000 229.743131 -77.605908 -20.247566  -1.719435  -1.719435  -0.000000  -0.000000 -28.918101 271.837851 275.966619   0.084758   0.202254 273.462952   0.199929
   232   0.000000 229.527631 -77.669397 -20.079955  -1.793344  -1.793344  -0.000000  -0.000000 -28.901372 271.805278 275.931544   0.084997   0.202254 273.424397   0.199922
   233   0.000000 229.309839 -77.736743 -19.910431  -1.863291  -1.863291  -0.000000  -0.000000 -28.883858 271.772579 275.896701   0.085238   0.202254 273.385721   0.199914
   234   0.000000 229.098146 -77.797667 -19.758123  -1.931178  -1.931178  -0.000000  -0.000000 -28.868853 271.740262 275.862092   0.085481   0.202254 273.347872   0.199906
   235   0.000000 228.884295 -77.862422 -19.603723  -1.995595  -1.995595  -0.000000  -0.000000 -28.852811 271.707876 275.827706   0.085725   0.202255 273.309925   0.199898
   236   0.000000 228.676437 -77.921112 -19.464815  -2.058130  -2.058130  -0.000000  -0.000000 -28.838808 271.675875 275.793545   0.085971   0.202255 273.272797   0.199891
   237   0.000000 228.466537 -77.983529 -19.323701  -2.117605  -2.117605  -0.000000  -0.000000 -28.823687 271.643841 275.759597   0.086219   0.202255 273.235580   0.199883
   238   0.000000 228.262491 -78.040173 -19.196671  -2.175353  -2.175353  -0.000000  -0.000000 -28.810297 271.612184 275.725867   0.086469   0.202255 273.199163   0.199875
   239   0.000000 228.056486 -78.100432 -19.067286  -2.230385  -2.230385  -0.000000  -0.000000 -28.795783 271.580516 275.692345   0.086719   0.202256 273.162662   0.199867
   240   0.000000 227.856182 -78.155158 -18.950884  -2.283836  -2.283836  -0.000000  -0.000000 -28.782803 271.549215 275.659032   0.086972   0.202256 273.126935   0.199860
   241   0.000000 227.653974 -78.213400 -18.831932  -2.334859  -2.334859  -0.000000  -0.000000 -28.768718 271.517916 275.625921   0.087226   0.202256 273.091124   0.199852
   242   0.000000 227.457320 -78.266307 -18.725139  -2.384445  -2.384445  -0.000000  -0.000000 -28.756037 271.486975 275.593013   0.087481   0.202256 273.056065   0.199844
   243   0.000000 227.258792 -78.322659 -18.615538  -2.431837  -2.431837  -0.000000  -0.000000 -28.742267 271.456042 275.560301   0.087738   0.202257 273.020918   0.199837
   244   0.000000 227.065681 -78.373835 -18.517488  -2.477933  -2.477933  -0.000000  -0.000000 -28.729813 271.425462 275.527786   0.087996   0.202257 272.986503   0.199829
   245   0.000000 226.870710 -78.428413 -18.416318  -2.522025  -2.522025  -0.000000  -0.000000 -28.716274 271.394891 275.495461   0.088256   0.202257 272.951996   0.199821
   246   0.000000 226.681034 -78.477943 -18.326264  -2.564959  -2.564959  -0.000000  -0.000000 -28.703996 271.364668 275.463329   0.088517   0.202258 272.918201   0.199814
   247   0.000000 226.489500 -78.530852 -18.232756  -2.606043  -2.606043  -0.000000  -0.000000 -28.690625 271.334455 275.431380   0.088780   0.202258 272.884310   0.199806
   248   0.000000 226.303155 -78.578814 -18.150068  -2.646103  -2.646103  -0.000000  -0.000000 -28.678479 271.304588 275.399619   0.089044   0.202258 272.851117   0.199798
   249   0.000000 226.114950 -78.630146 -18.063581  -2.684437  -2.684437  -0.000000  -0.000000 -28.665216 271.274730 275.368037   0.089309   0.202259 272.817824   0.199791
   250   0.000000 225.931843 -78.676613 -17.987723  -2.721873  -2.721873  -0.000000  -0.000000 -28.653152 271.245218 275.336638   0.089576   0.202259 272.785215   0.199783
   251   0.000000 225.746870 -78.726457 -17.907706  -2.757683  -2.757683  -0.000000  -0.000000 -28.639935 271.215714 275.305413   0.089843   0.202259 272.752503   0.199775
   252   0.000000 225.566923 -78.771496 -17.838212  -2.792713  -2.792713  -0.000000  -0.000000 -28.627899 271.186558 275.274367   0.090113   0.202260 272.720466   0.199768
   253   0.000000 225.385099 -78.819930 -17.753860  -2.825579  -2.825579  -0.000000  -0.000000 -28.614666 271.156983 275.243480   0.090383   0.202260 272.687827   0.199760
   254   0.000000 225.208806 -78.861203 -17.678392  -2.858758  -2.858758  -0.000000  -0.000000 -28.605475 271.127432 275.212746   0.090655   0.202260 272.655497   0.199753
   255   0.000000 225.030881 -78.904205 -17.596210  -2.891081  -2.891081  -0.000000  -0.000000 -28.597199 271.097589 275.182154   0.090928   0.202261 272.622719   0.199745
   256   0.000000 224.857844 -78.941228 -17.522314  -2.923302  -2.923302  -0.000000  -0.000000 -28.591951 271.067812 275.151699   0.091203   0.202261 272.590255   0.199737
   257   0.000000 224.682669 -78.980656 -17.441070  -2.954512  -2.954512  -0.000000  -0.000000 -28.587214 271.037738 275.121371   0.091479   0.202261 272.557324   0.199730
   258   0.000000 224.511910 -79.014544 -17.368001  -2.985649  -2.985649  -0.000000  -0.000000 -28.585436 271.007719 275.091168   0.091756   0.202262 272.524678   0.199722
   259   0.000000 224.338703 -79.051092 -17.287507  -3.015806  -3.015806  -0.000000  -0.000000 -28.584145 270.977392 275.061078   0.092034   0.202262 272.491551   0.199715
   260   0.000000 224.169544 -79.082409 -17.215115  -3.045945  -3.045945  -0.000000  -0.000000 -28.585800 270.947109 275.031099   0.092314   0.202262 272.458685   0.199707
   261   0.000000 223.997741 -79.116526 -17.135358  -3.075142  -3.075142  -0.000000  -0.000000 -28.587933 270.916512 275.001222   0.092595   0.202263 272.425330   0.199700
   262   0.000000 223.829668 -79.145696 -17.063549  -3.104355  -3.104355  -0.000000  -0.000000 -28.592970 270.885948 274.971444   0.092877   0.202263 272.392215   0.199692
   263   0.000000 223.658837 -79.177732 -16.984542  -3.132662  -3.132662  -0.000000  -0.000000 -28.598475 270.855068 274.941756   0.093161   0.202263 272.358612   0.199685
   264   0.000000 223.491449 -79.205095 -16.913249  -3.161003  -3.161003  -0.000000  -0.000000 -28.606815 270.824213 274.912158   0.093446   0.202264 272.325229   0.199677
   265   0.000000 223.321249 -79.235336 -16.835014  -3.188475  -3.188475  -0.000000  -0.000000 -28.615616 270.793045 274.882639   0.093733   0.202264 272.291363   0.199669
   266   0.000000 223.154223 -79.261178 -16.764189  -3.215981  -3.215981  -0.000000  -0.000000 -28.627159 270.761891 274.853199   0.094021   0.202265 272.257698   0.199662
   267   0.000000 222.984377 -79.289864 -16.686748  -3.242657  -3.242657  -0.000000  -0.000000 -28.639161 270.730430 274.823830   0.094310   0.202265 272.223561   0.199654
   268   0.000000 222.817450 -79.314429 -16.616357  -3.269356  -3.269356  -0.000000  -0.000000 -28.653797 270.698974 274.794531   0.094601   0.202265 272.189606   0.199647
   269   0.000000 222.647731 -79.341769 -16.539732  -3.295265  -3.295265  -0.000000  -0.000000 -28.668895 270.667220 274.765293   0.094893   0.202266 272.155191   0.199639
   270   0.000000 222.480683 -79.365267 -16.469755  -3.321178  -3.321178  -0.000000  -0.000000 -28.686510 270.635461 274.736118   0.095186   0.202266 272.120941   0.199632
   271   0.000000 222.310899 -79.391445 -16.393967  -3.346342  -3.346342  -0.000000  -0.000000 -28.704593 270.603415 274.706996   0.095481   0.202267 272.086248   0.199624
   272   0.000000 222.143549 -79.414057 -16.324397  -3.371484  -3.371484  -0.000000  -0.000000 -28.725067 270.571354 274.677928   0.095777   0.202267 272.051700   0.199617
   273   0.000000 221.973541 -79.439236 -16.249467  -3.395918  -3.395918  -0.000000  -0.000000 -28.746018 270.539018 274.648908   0.096075   0.202267 272.016728   0.199610
   274   0.000000 221.805739 -79.461124 -16.180311  -3.420300  -3.420300  -0.000000  -0.000000 -28.769229 270.506658 274.619934   0.096374   0.202268 271.981884   0.199602
   275   0.000000 221.635373 -79.485448 -16.106263  -3.444014  -3.444014  -0.000000  -0.000000 -28.792928 270.474036 274.591000   0.096675   0.202268 271.946635   0.199595
   276   1.317010 221.466993 -78.453144 -16.037541  -3.467642  -3.467642  -0.000000  -0.000000 -28.818751 270.471923 274.562975   0.096977   0.202269 271.931532   0.199587
   277   3.893697 221.296159 -76.548308 -15.672896  -3.398415  -3.398415  -0.000000  -0.000000 -28.637364 270.505237 274.536775   0.097277   0.202269 271.938712   0.199580
   278  10.102851 221.142744 -71.874826 -14.970899  -3.222744  -3.222744  -0.000000  -0.000000 -28.220770 270.628677 274.514780   0.097571   0.202269 272.004590   0.199572
   279  20.000069 221.022345 -64.611707 -13.342612  -2.766634  -2.766634  -0.000000  -0.000000 -27.202717 270.847010 274.499265   0.097848   0.202270 272.130218   0.199564
   280  32.829486 220.988472 -55.334172 -10.587799  -1.991020  -1.991020  -0.000000  -0.000000 -25.565783 271.131855 274.491484   0.098096   0.202270 272.298744   0.199556
   281  47.794156 221.098095 -44.503075  -6.863060  -0.959390  -0.959390  -0.000000  -0.000000 -23.517405 271.452530 274.491723   0.098305   0.202270 272.494374   0.199547
   282  64.276100 221.402005 -32.431267  -2.526227   0.239203   0.239203   0.000000   0.000000 -21.274348 271.790763 274.499755   0.098469   0.202270 272.710865   0.199538
   283  81.831369 221.913470 -19.382011   2.093167   1.536077   1.536077   0.000000   0.000000 -18.962944 272.142924 274.515311   0.098582   0.202270 272.975571   0.199528
   284 100.144444 225.514604  -2.796858  -5.401375   2.529255   2.529255   0.000000   0.000000 -16.606707 272.909758 274.549566   0.098658   0.202270 273.695178   0.199517
   285 118.988397 225.518170   8.867325  10.485281   5.881028   5.881028   0.000000   0.000000 -11.478658 273.173653 274.586467   0.098606   0.202269 273.859098   0.199506
   286 138.196710 231.095516  28.462290  -6.864880   6.286990   6.286990   0.000000   0.000000  -9.889694 274.263828 274.649516   0.098541   0.202268 274.942431   0.199494
   287 157.644396 230.948328  38.959502  16.862623  10.871909  10.871909   0.000000   0.000000  -2.699822 274.444535 274.710390   0.098306   0.202267 275.035692   0.199480
   288 177.235471 236.426166  59.124939  -2.695328  10.951905  10.951905   0.000000   0.000000  -1.860984 276.464986 274.822016   0.098074   0.202266 276.440563   0.199467
   289 196.894559 236.503757  65.637880  45.612604  19.321673  19.321673   0.000000   0.000000  11.500787 276.749459 274.930049   0.097544   0.202263 276.518685   0.199449
   290 216.561202 242.678485  86.036268  24.354750  18.738144  18.738144   0.000000   0.000000  12.735865 278.007119 275.063149   0.097051   0.202261 277.723227   0.199434
   291 236.185933 245.389144  98.461004  46.245008  22.742191  22.742191   0.000000   0.000000  20.607795 278.697197 275.203055   0.096437   0.202258 278.274509   0.199417
   292 255.727512 249.511377 114.818869  44.236241  23.336132  23.336132   0.000000   0.000000  24.458993 279.681929 275.358033   0.095826   0.202255 279.089410   0.199400
   293 275.150966 253.214002 129.234968  53.683922  25.532324  25.532324   0.000000   0.000000  30.267269 280.565430 275.524191   0.095168   0.202252 279.812232   0.199384
   294 294.426160 257.065842 144.119230  59.715921  26.811652  26.811652   0.000000   0.000000  35.288670 281.474646 275.701677   0.094498   0.202249 280.553748   0.199367
   295 313.526752 260.966430 158.744408  66.778238  28.016272  28.016272   0.000000   0.000000  40.410785 282.337306 275.888565   0.093819   0.202246 281.286243   0.199351
   296 332.429413 264.859478 173.391264  72.889112  30.589406  30.589406   0.000000   0.000000  45.141186 283.134912 276.082605   0.093096   0.202242 281.998850   0.199334
   297 351.113240 268.540286 187.942963  78.496336  35.275398  35.275398   0.000000   0.000000  49.366152 283.892055 276.282468   0.092274   0.202238 282.666469   0.199315
   298 369.559306 271.914105 202.176719  84.849835  39.877268  39.877268   0.000000   0.000000  53.267111 284.596153 276.486587   0.091367   0.202233 283.274491   0.199294
   299 387.750314 274.997084 216.162885  91.368436  44.318493  44.318493   0.000000   0.000000  56.766964 285.252152 276.693668   0.090393   0.202228 283.827470   0.199272
   300 405.670333 277.809748 229.889208  98.032056  48.613428  48.613428   0.000000   0.000000  59.909391 285.863892 276.902628   0.089366   0.202222 284.330155   0.199249
   301 423.304579 280.384527 243.360552 104.723868  52.762082  52.762082   0.000000   0.000000  62.728844 286.436862 277.112619   0.088299   0.202216 284.789014   0.199224
   302 440.639258 282.751351 256.570818 111.409917  56.778689  56.778689   0.000000   0.000000  65.269695 286.975742 277.322975   0.087204   0.202209 285.209797   0.199200
   303 457.661424 284.937431 269.515242 118.054733  60.675205  60.675205   0.000000   0.000000  67.569372 287.484668 277.533177   0.086092   0.202202 285.597597   0.199174
   304 474.358880 286.966318 282.188229 124.632039  64.463288  64.463288   0.000000   0.000000  69.660433 287.967158 277.742828   0.084971   0.202194 285.956745   0.199148
   305 490.720087 288.857776 294.583676 131.121669  68.153200  68.153200   0.000000   0.000000  71.570310 288.426142 277.951615   0.083847   0.202186 286.290843   0.199122
   306 506.734093 290.628304 306.695403 137.507643  71.753481  71.753481   0.000000   0.000000  73.321686 288.864029 278.159299   0.082727   0.202177 286.602872   0.199095
   307 522.390484 292.291728 318.517460 143.776286  75.270898  75.270898   0.000000   0.000000  74.933110 289.282798 278.365688   0.081616   0.202168 286.895316   0.199067
   308 537.679328 293.859565 330.044027 149.916356  78.710692  78.710692   0.000000   0.000000  76.419766 289.684062 278.570630   0.080517   0.202159 287.170235   0.199039
   309 552.591144 295.341514 341.269591 155.917199  82.076633  82.076633   0.000000   0.000000  77.794021 290.069161 278.774001   0.079434   0.202149 287.429358   0.199011
   310 567.116864 296.745843 352.188868 161.768603  85.371376  85.371376   0.000000   0.000000  79.066121 290.439228 278.975699   0.078368   0.202138 287.674156   0.198983
   311 581.247814 298.079619 362.796680 167.461804  88.596824  88.596824   0.000000   0.000000  80.244707 290.795217 279.175638   0.077323   0.202128 287.905887   0.198954
   312 600.525480 299.348925 377.527870 172.989303  91.754235  91.754235   0.000000   0.000000  81.337053 291.217262 279.376004   0.076298   0.202117 288.135496   0.198925
   313 613.863817 300.559105 387.084403 181.494702  95.717389  95.717389   0.000000   0.000000  82.888807 291.536685 279.573934   0.075286   0.202105 288.342834   0.198895
   314 626.782659 301.768136 396.853941 185.941079  98.623353  98.623353   0.000000   0.000000  83.739256 291.862821 279.769977   0.074299   0.202094 288.549610   0.198865
   315 639.274723 302.888806 406.153909 191.168319 101.676151 101.676151   0.000000   0.000000  84.649904 292.170253 279.963881   0.073336   0.202081 288.740734   0.198835
   316 651.333035 303.963685 415.159111 195.915911 104.581288 104.581288   0.000000   0.000000  85.444599 292.467596 280.155651   0.072397   0.202069 288.923285   0.198805
   317 662.950926 304.989998 423.815064 200.543777 107.431153 107.431153   0.000000   0.000000  86.183612 292.753343 280.345235   0.071483   0.202056 289.096800   0.198775
   318 674.122020 305.973834 432.131398 204.955578 110.202188 110.202188   0.000000   0.000000  86.856750 293.028436 280.532601   0.070594   0.202043 289.262328   0.198744
   319 684.840232 306.917408 440.100720 209.176333 112.900193 112.900193   0.000000   0.000000  87.470846 293.293006 280.717713   0.069729   0.202029 289.420278   0.198713
   320 695.099762 307.823266 447.720637 213.196640 115.521672 115.521672   0.000000   0.000000  88.027054 293.547327 280.900535   0.068888   0.202015 289.571114   0.198682
   321 704.895091 308.693430 454.987625 217.016438 118.065276 118.065276   0.000000   0.000000  88.527551 293.791586 281.081031   0.068071   0.202001 289.715217   0.198651
   322 714.220978 309.529765 461.898709 220.633273 120.528859 120.528859   0.000000   0.000000  88.973882 294.025954 281.259167   0.067278   0.201987 289.852939   0.198620
   323 723.072459 310.333961 468.450997 224.045568 122.910403 122.910403   0.000000   0.000000  89.367513 294.250581 281.434905   0.066507   0.201972 289.984601   0.198589
   324 731.444842 311.107577 474.641809 227.251744 125.207819 125.207819   0.000000   0.000000  89.709730 294.465599 281.608211   0.065759   0.201957 290.110503   0.198558
   325 739.333706 311.852054 480.468635 230.281190 127.422467 127.422467   0.000000   0.000000  90.001714 294.670523 281.779031   0.065032   0.201942 290.230959   0.198527
   326 746.734902 312.569610 485.933384 233.098767 129.543614 129.543614   0.000000   0.000000  90.240442 294.865744 281.947322   0.064328   0.201926 290.346384   0.198496
   327 753.644549 313.261306 491.032130 235.715588 131.572818 131.572818   0.000000   0.000000  90.428952 295.051308 282.113040   0.063644   0.201910 290.456996   0.198465
   328 760.059034 313.928431 495.763294 238.128396 133.507393 133.507393   0.000000   0.000000  90.567874 295.227322 282.276144   0.062981   0.201894 290.563050   0.198433
   329 765.975013 314.572096 500.124983 240.337755 135.345690 135.345690   0.000000   0.000000  90.658246 295.393854 282.436590   0.062338   0.201878 290.664768   0.198402
   330 771.389409 315.193355 504.115650 242.343217 137.085773 137.085773   0.000000   0.000000  90.700848 295.550973 282.594339   0.061714   0.201862 290.762363   0.198371
   331 776.299410 315.793181 507.733883 244.144716 138.725852 138.725852   0.000000   0.000000  90.696432 295.698734 282.749350   0.061109   0.201845 290.856031   0.198340
   332 780.702473 316.372483 510.978459 245.742193 140.264193 140.264193   0.000000   0.000000  90.645684 295.837190 282.901583   0.060524   0.201828 290.945956   0.198310
   333 784.596320 316.932110 513.848320 247.135705 141.699163 141.699163   0.000000   0.000000  90.549246 295.966386 283.050998   0.059956   0.201811 291.032310   0.198279
   334 787.978940 317.472849 516.342579 248.325384 143.029228 143.029228   0.000000   0.000000  90.407718 296.086366 283.197557   0.059406   0.201794 291.115253   0.198248
   335 790.848588 317.995435 518.460520 249.311429 144.252963 144.252963   0.000000   0.000000  90.221667 296.197167 283.341220   0.058873   0.201777 291.194934   0.198218
   336 793.203785 318.500548 520.201594 250.094090 145.369064 145.369064   0.000000   0.000000  89.991629 296.298823 283.481950   0.058357   0.201759 291.271489   0.198188
   337 795.043317 318.988822 521.565421 250.673649 146.376350 146.376350   0.000000   0.000000  89.718115 296.391368 283.619709   0.057857   0.201742 291.345047   0.198158
   338 796.366239 319.460842 522.551789 251.050409 147.273776 147.273776   0.000000   0.000000  89.401614 296.474832 283.754460   0.057373   0.201724 291.415722   0.198128
   339 797.171869 319.917153 523.160648 251.224685 148.060437 148.060437   0.000000   0.000000  89.042603 296.549244 283.886166   0.056905   0.201706 291.483623   0.198099
   340 797.459794 320.358253 523.392113 251.196794 148.735573 148.735573   0.000000   0.000000  88.641546 296.614635 284.014792   0.056452   0.201688 291.548844   0.198069
   341 797.229866 320.784599 523.246460 250.967047 149.298573 149.298573   0.000000   0.000000  88.198898 296.671033 284.140302   0.056014   0.201670 291.611472   0.198041
   342 796.482203 321.196610 522.724121 250.535745 149.748979 149.748979   0.000000   0.000000  87.715111 296.718467 284.262662   0.055590   0.201652 291.671583   0.198012
   343 795.217189 321.594659 521.825687 249.903179 150.086483 150.086483   0.000000   0.000000  87.190637 296.756969 284.381837   0.055180   0.201634 291.729243   0.197984
   344 793.435475 321.979083 520.551902 249.069624 150.310938 150.310938   0.000000   0.000000  86.625924 296.786569 284.497794   0.054785   0.201616 291.784508   0.197956
   345 791.137978 322.350175 518.903665 248.035341 150.422351 150.422351   0.000000   0.000000  86.021427 296.807301 284.610501   0.054403   0.201598 291.837423   0.197928
   346 788.325880 322.708189 516.882026 246.800568 150.420888 150.420888   0.000000   0.000000  85.377599 296.819197 284.719926   0.054034   0.201580 291.888023   0.197901
   347 785.000631 323.053338 514.488189 245.365528 150.306872 150.306872   0.000000   0.000000  84.694900 296.822294 284.826038   0.053677   0.201562 291.936333   0.197874
   348 781.163946 323.385799 511.723511 243.730425 150.080780 150.080780   0.000000   0.000000  83.973795 296.816629 284.928808   0.053334   0.201544 291.982368   0.197848
   349 776.817806 323.705706 508.589497 241.895451 149.743243 149.743243   0.000000   0.000000  83.214753 296.802241 285.028206   0.053003   0.201526 292.026131   0.197822
   350 771.964460 324.013157 505.087808 239.860789 149.295044 149.295044   0.000000   0.000000  82.418249 296.779171 285.124205   0.052684   0.201508 292.067618   0.197797
   351 766.606422 324.308210 501.220257 237.626612 148.737114 148.737114   0.000000   0.000000  81.584766 296.747461 285.216777   0.052377   0.201491 292.106812   0.197772
   352 760.746472 324.590889 496.988807 235.193092 148.070532 148.070532   0.000000   0.000000  80.714791 296.707156 285.305897   0.052081   0.201473 292.143687   0.197747
   353 754.387658 324.861176 492.395581 232.560400 147.296520 147.296520   0.000000   0.000000  79.808815 296.658302 285.391540   0.051797   0.201455 292.178208   0.197723
   354 747.533295 325.119020 487.442852 229.728715 146.416438 146.416438   0.000000   0.000000  78.867338 296.600947 285.473681   0.051524   0.201438 292.210329   0.197699
   355 740.186965 325.364333 482.133053 226.698231 145.431779 145.431779   0.000000   0.000000  77.890861 296.535140 285.552298   0.051262   0.201420 292.239993   0.197676
   356 732.352518 325.596992 476.468776 223.469172 144.344164 144.344164   0.000000   0.000000  76.879894 296.460934 285.627370   0.051011   0.201403 292.267137   0.197654
   357 724.034075 325.816838 470.452773 220.041801 143.155333 143.155333   0.000000   0.000000  75.834947 296.378380 285.698875   0.050771   0.201386 292.291687   0.197632
   358 715.236024 326.023680 464.087959 216.416436 141.867138 141.867138   0.000000   0.000000  74.756532 296.287532 285.766794   0.050541   0.201369 292.313558   0.197610
   359 705.963028 326.217292 457.377419 212.593464 140.481537 140.481537   0.000000   0.000000  73.645163 296.188444 285.831108   0.050321   0.201352 292.332660   0.197589
   360 696.220021 326.397417 450.324408 208.573356 139.000581 139.000581   0.000000   0.000000  72.501351 296.081172 285.891800   0.050111   0.201335 292.348891   0.197569
   361 686.012213 326.563764 442.932357 204.370331 137.428283 137.428283   0.000000   0.000000  71.325604 295.965508 285.948846   0.049911   0.201319 292.362155   0.197549
   362 675.345090 326.716438 435.206788 199.967553 135.762412 135.762412   0.000000   0.000000  70.116639 295.841685 286.002227   0.049721   0.201302 292.372395   0.197530
   363 664.224422 326.854927 427.150326 195.371184 134.007503 134.007503   0.000000   0.000000  68.876206 295.709764 286.051929   0.049541   0.201286 292.379455   0.197511
   364 652.656261 326.978846 418.766921 190.580606 132.165790 132.165790   0.000000   0.000000  67.604843 295.569832 286.097937   0.049370   0.201270 292.383196   0.197493
   365 640.646949 327.087736 410.060518 185.597073 130.239992 130.239992   0.000000   0.000000  66.303261 295.421959 286.140238   0.049208   0.201255 292.383463   0.197475
   366 628.203124 327.181118 401.035374 180.421603 128.232668 128.232668   0.000000   0.000000  64.972041 295.266212 286.178821   0.049056   0.201239 292.380101   0.197459
   367 615.331725 327.258486 391.695966 175.055596 126.146403 126.146403   0.000000   0.000000  63.611735 295.102652 286.213675   0.048913   0.201224 292.372942   0.197442
   368 602.039999 327.319309 382.047024 169.500704 123.983759 123.983759   0.000000   0.000000  62.222843 294.931334 286.244788   0.048779   0.201209 292.361817   0.197426
   369 588.335516 327.363032 372.093536 163.758903 121.747279 121.747279   0.000000   0.000000  60.805822 294.752308 286.272153   0.048654   0.201195 292.346546   0.197411
   370 574.226173 327.389078 361.840757 157.832504 119.439473 119.439473   0.000000   0.000000  59.361081 294.565615 286.295760   0.048538   0.201180 292.326945   0.197397
   371 559.720216 327.396846 351.294224 151.724189 117.062810 117.062810   0.000000   0.000000  57.888985 294.371293 286.315600   0.048430   0.201166 292.302818   0.197383
   372 544.826250 327.385710 340.459770 145.437034 114.619703 114.619703   0.000000   0.000000  56.389848 294.169368 286.331664   0.048332   0.201153 292.273961   0.197370
   373 529.553264 327.355018 329.343541 138.974549 112.112495 112.112495   0.000000   0.000000  54.863933 293.959863 286.343942   0.048241   0.201139 292.240159   0.197357
   374 513.910654 327.304092 317.952019 132.340714 109.543446 109.543446   0.000000   0.000000  53.311449 293.742790 286.352426   0.048160   0.201126 292.201182   0.197345
   375 497.908253 327.232220 306.292045 125.540027 106.914712 106.914712   0.000000   0.000000  51.732546 293.518151 286.357106   0.048087   0.201113 292.156783   0.197333
   376 481.556366 327.138654 294.370843 118.577559 104.228324 104.228324   0.000000   0.000000  50.127315 293.285939 286.357971   0.048022   0.201101 292.106689   0.197322
   377 464.865816 327.022604 282.196062 111.459017 101.486160 101.486160   0.000000   0.000000  48.495776 293.046134 286.355009   0.047966   0.201089 292.050603   0.197312
   378 447.847993 326.883232 269.775810 104.190830  98.689917  98.689917   0.000000   0.000000  46.837879 292.798707 286.348208   0.047919   0.201077 291.988183   0.197302
   379 430.514925 326.719640 257.118709  96.780243  95.841061  95.841061   0.000000   0.000000  45.153490 292.543609 286.337554   0.047879   0.201065 291.919034   0.197293
   380 412.879356 326.530857 244.233951  89.235451  92.940782  92.940782   0.000000   0.000000  43.442385 292.280779 286.323032   0.047848   0.201054 291.842677   0.197284
   381 394.954843 326.315827 231.131379  81.565753  89.989916  89.989916   0.000000   0.000000  41.704235 292.010134 286.304622   0.047826   0.201043 291.758501   0.197276
   382 376.755884 326.073383 217.821574  73.781768  86.988854  86.988854   0.000000   0.000000  39.938586 291.731568 286.282305   0.047812   0.201033 291.665642   0.197269
   383 358.298072 325.802221 204.315973  65.895717  83.937403  83.937403   0.000000   0.000000  38.144843 291.444946 286.256056   0.047806   0.201023 291.562500   0.197262
   384 339.598289 325.500859 190.627014  57.921801  80.834596  80.834596   0.000000   0.000000  36.322229 291.150098 286.225849   0.047809   0.201013 291.445720   0.197256
   385 320.674957 325.167588 176.768321  49.876740  77.678408  77.678408   0.000000   0.000000  34.469746 290.846809 286.191650   0.047821   0.201004 291.315360   0.197250
   386 301.548358 324.800388 162.754931  41.780550  74.465320  74.465320   0.000000   0.000000  32.586109 290.534800 286.153423   0.047841   0.200995 291.171663   0.197246
   387 282.241041 324.396820 148.603596  33.657710  71.189620  71.189620   0.000000   0.000000  30.669645 290.213711 286.111119   0.047870   0.200986 291.014663   0.197241
   388 262.778372 323.953845 134.333164  25.539036  67.842211  67.842211   0.000000   0.000000  28.718144 289.883053 286.064682   0.047908   0.200978 290.844138   0.197237
   389 243.189236 323.467540 119.965072  17.464893  64.408427  64.408427   0.000000   0.000000  26.728601 289.542148 286.014039   0.047956   0.200970 290.659518   0.197234
   390 223.507002 322.932599 105.523982   9.491371  60.863492  60.863492   0.000000   0.000000  24.696767 289.189987 285.959094   0.048013   0.200963 290.459684   0.197232
   391 203.770807 322.341407  91.038623   1.704653  57.160705  57.160705   0.000000   0.000000  22.616250 288.824912 285.899712   0.048080   0.200956 290.242515   0.197230
   392 184.027342 321.682289  76.543164  -5.714216  53.160596  53.160596   0.000000   0.000000  20.476399 288.443244 285.835664   0.048159   0.200950 289.940100   0.197230
   393 164.333327 321.006418  62.151284 -11.240459  45.903294  45.903294   0.000000   0.000000  18.253059 288.045759 285.766763   0.048259   0.200944 289.703142   0.197232
   394 144.759029 320.070879  47.678467 -17.042601  42.617700  42.617700   0.000000   0.000000  15.952969 287.588239 285.691574   0.048368   0.200939 289.392413   0.197234
   395 125.393339 318.930963  33.479862 -22.556524  38.585940  38.585940   0.000000   0.000000  13.276656 287.085630 285.609236   0.048490   0.200935 289.046522   0.197237
   396 106.351208 317.646914  19.623622 -28.371588  34.773357  34.773357   0.000000   0.000000  10.334760 286.557301 285.519517   0.048622   0.200930 288.668114   0.197240
   397  87.784722 316.186352   6.096094 -33.614054  30.977541  30.977541   0.000000   0.000000   7.264484 285.998614 285.422063   0.048765   0.200927 288.254060   0.197244
   398  69.899779 314.591075  -6.875751 -38.515418  27.150735  27.150735   0.000000   0.000000   4.035862 285.419115 285.316810   0.048920   0.200924 287.812723   0.197248
   399  52.981139 312.857323 -19.119257 -42.929261  23.384744  23.384744   0.000000   0.000000   0.716140 284.826362 285.203902   0.049087   0.200921 287.349139   0.197252
   400  37.428803 311.010825 -30.329761 -46.861803  19.741562  19.741562   0.000000   0.000000  -2.642781 284.234530 285.083859   0.049265   0.200918 286.871899   0.197257
   401  23.804173 309.026188 -40.155559 -50.027364  16.282207  16.282207   0.000000   0.000000  -5.945306 283.656371 284.957498   0.049454   0.200916 286.394193   0.197262
   402  12.858710 306.975861 -47.989063 -52.833718  13.152136  13.152136   0.000000   0.000000  -9.107891 283.130647 284.826651   0.049654   0.200915 285.943451   0.197267
   403   5.418197 304.858221 -53.363382 -54.846557  10.513720  10.513720   0.000000   0.000000 -11.872022 282.686536 284.693787   0.049862   0.200914 285.539015   0.197272
   404   1.795281 302.706666 -56.136530 -55.917549   8.453830   8.453830   0.000000   0.000000 -14.050763 282.344601 284.561717   0.050077   0.200913 285.198799   0.197277
   405   0.000000 300.604216 -57.915991 -56.165615   7.017511   7.017511   0.000000   0.000000 -15.519814 282.073623 284.432085   0.050296   0.200912 284.905159   0.197281
   406   0.000000 298.589657 -58.530314 -55.797288   5.962280   5.962280   0.000000   0.000000 -16.509237 281.864573 284.306141   0.050519   0.200911 284.655368   0.197283
   407   0.000000 296.702314 -59.330064 -55.003011   5.218424   5.218424   0.000000   0.000000 -17.090982 281.676955 284.183891   0.050744   0.200910 284.425769   0.197286
   408   0.000000 294.962149 -60.094702 -54.191631   4.564988   4.564988   0.000000   0.000000 -17.548553 281.503723 284.065182   0.050972   0.200910 284.213942   0.197287
   409   0.000000 293.363830 -60.794181 -53.476812   3.973312   3.973312   0.000000   0.000000 -17.930216 281.344488 283.949906   0.051200   0.200909 284.018840   0.197288
   410   0.000000 291.879072 -61.453644 -52.781794   3.442619   3.442619   0.000000   0.000000 -18.237927 281.195961 283.837905   0.051431   0.200909 283.837060   0.197288
   411   0.000000 290.497980 -62.066247 -52.142552   2.958546   2.958546   0.000000   0.000000 -18.493607 281.057257 283.729040   0.051663   0.200909 283.667501   0.197288
   412   0.000000 289.207345 -62.640230 -51.546458   2.518004   2.518004   0.000000   0.000000 -18.702478 280.927183 283.623175   0.051896   0.200908 283.508577   0.197287
   413   0.000000 287.997052 -63.179372 -50.984159   2.115479   2.115479   0.000000   0.000000 -18.871944 280.804586 283.520175   0.052131   0.200908 283.358840   0.197286
   414   0.000000 286.855656 -63.688986 -50.439166   1.745140   1.745140   0.000000   0.000000 -19.009122 280.688108 283.419898   0.052366   0.200908 283.216928   0.197285
   415   0.000000 285.778562 -64.166772 -49.929287   1.401122   1.401122   0.000000   0.000000 -19.122528 280.577436 283.322219   0.052603   0.200908 283.082333   0.197283
   416   0.000000 284.758142 -64.618503 -49.440901   1.082104   1.082104   0.000000   0.000000 -19.213477 280.471824 283.227017   0.052841   0.200908 282.954097   0.197281
   417   0.000000 283.788639 -65.046036 -48.969931   0.784646   0.784646   0.000000   0.000000 -19.286353 280.370618 283.134175   0.053080   0.200907 282.831527   0.197279
   418   0.000000 282.865772 -65.450276 -48.519942   0.505818   0.505818   0.000000   0.000000 -19.344898 280.273472 283.043584   0.053320   0.200907 282.714145   0.197277
   419   0.000000 281.985772 -65.833129 -48.087670   0.244268   0.244268   0.000000   0.000000 -19.390784 280.180014 282.955144   0.053560   0.200907 282.601479   0.197274
   420   0.000000 281.144140 -66.197097 -47.667976  -0.001801  -0.001801   0.000000   0.000000 -19.425910 280.089795 282.868756   0.053802   0.200907 282.493018   0.197271
   421   0.000000 280.339002 -66.541773 -47.266139  -0.234203  -0.234203   0.000000   0.000000 -19.452727 280.002674 282.784332   0.054044   0.200907 282.388569   0.197268
   422   0.000000 279.566946 -66.869742 -46.877287  -0.453610  -0.453610   0.000000   0.000000 -19.471604 279.918362 282.701787   0.054287   0.200907 282.287733   0.197265
   423   0.000000 278.825990 -67.181489 -46.500926  -0.661200  -0.661200   0.000000   0.000000 -19.483977 279.836638 282.621042   0.054531   0.200907 282.190291   0.197261
   424   0.000000 278.113752 -67.478228 -46.137400  -0.858051  -0.858051   0.000000   0.000000 -19.490827 279.757343 282.542024   0.054775   0.200908 282.095989   0.197258
   425   0.000000 277.428888 -67.760455 -45.786141  -1.044747  -1.044747   0.000000   0.000000 -19.492765 279.680340 282.464663   0.055020   0.200908 282.004682   0.197254
   426   0.000000 276.768945 -68.029861 -45.444857  -1.222034  -1.222034   0.000000   0.000000 -19.490267 279.605439 282.388895   0.055266   0.200908 281.916106   0.197250
   427   0.000000 276.133349 -68.286069 -45.116115  -1.390650  -1.390650   0.000000   0.000000 -19.484196 279.532593 282.314660   0.055513   0.200908 281.830212   0.197246
   428   0.000000 275.519640 -68.531207 -44.795649  -1.550956  -1.550956   0.000000   0.000000 -19.474472 279.461608 282.241899   0.055760   0.200908 281.746726   0.197242
   429   0.000000 274.927564 -68.764571 -44.486645  -1.703734  -1.703734   0.000000   0.000000 -19.462039 279.392457 282.170559   0.056008   0.200908 281.665637   0.197238
   430   0.000000 274.354811 -68.988250 -44.184927  -1.849259  -1.849259   0.000000   0.000000 -19.446717 279.324965 282.100588   0.056256   0.200909 281.586686   0.197233
   431   0.000000 273.801330 -69.201437 -43.893588  -1.988234  -1.988234   0.000000   0.000000 -19.429363 279.259116 282.031939   0.056506   0.200909 281.509879   0.197229
   432   0.000000 273.264828 -69.406258 -43.608117  -2.120883  -2.120883   0.000000   0.000000 -19.409758 279.194734 281.964562   0.056755   0.200909 281.434955   0.197225
   433   0.000000 272.745547 -69.601620 -43.354141  -2.248233  -2.248233   0.000000   0.000000 -19.388803 279.132425 281.898434   0.057005   0.200909 281.362480   0.197220
   434   0.000000 272.239774 -69.794015 -43.103041  -2.367598  -2.367598   0.000000   0.000000 -19.362063 279.071692 281.833515   0.057256   0.200910 281.291879   0.197215
   435   0.000000 271.749248 -69.979351 -42.866550  -2.481295  -2.481295   0.000000   0.000000 -19.332766 279.012601 281.769774   0.057508   0.200910 281.223315   0.197211
   436   0.000000 271.271814 -70.160026 -42.637070  -2.589163  -2.589163   0.000000   0.000000 -19.300211 278.954947 281.707175   0.057760   0.200910 281.156506   0.197206
   437   0.000000 270.808730 -70.333822 -42.421308  -2.692083  -2.692083   0.000000   0.000000 -19.265593 278.898344 281.645675   0.058012   0.200911 281.091335   0.197201
   438   0.000000 270.357520 -70.501282 -42.218599  -2.773543  -2.773543   0.000000   0.000000 -19.231319 278.837831 281.585093   0.058265   0.200911 281.024936   0.197196
   439   0.000000 269.919165 -70.637795 -42.118898  -2.675553  -2.675553   0.000000   0.000000 -19.230832 278.778220 281.525404   0.058517   0.200911 280.960044   0.197191
   440   0.000000 269.485652 -70.774096 -42.019373  -2.594555  -2.594555   0.000000   0.000000 -19.230287 278.719471 281.466583   0.058768   0.200912 280.895923   0.197186
   441   0.000000 269.058917 -70.908112 -41.920308  -2.516023  -2.516023   0.000000   0.000000 -19.229779 278.661589 281.408606   0.059019   0.200912 280.832739   0.197181
   442   0.000000 268.637559 -71.041215 -41.818126  -2.441194  -2.441194   0.000000   0.000000 -19.229118 278.604439 281.351448   0.059269   0.200912 280.770305   0.197175
   443   0.000000 268.224175 -71.170235 -41.722934  -2.370402  -2.370402   0.000000   0.000000 -19.229062 278.548245 281.295089   0.059518   0.200912 280.708941   0.197170
   444   0.000000 267.816073 -71.298845 -41.622049  -2.302297  -2.302297   0.000000   0.000000 -19.227913 278.492745 281.239506   0.059766   0.200913 280.648293   0.197164
   445   0.000000 267.416011 -71.423118 -41.528563  -2.237996  -2.237996   0.000000   0.000000 -19.227325 278.438169 281.184680   0.060014   0.200913 280.588690   0.197159
   446   0.000000 267.020738 -71.547291 -41.427323  -2.175900  -2.175900   0.000000   0.000000 -19.225576 278.384189 281.130588   0.060261   0.200913 280.529690   0.197153
   447   0.000000 266.633168 -71.666972 -41.333135  -2.117565  -2.117565   0.000000   0.000000 -19.224788 278.331039 281.077211   0.060508   0.200914 280.471631   0.197147
   448   0.000000 266.249547 -71.786907 -41.228242  -2.061184  -2.061184   0.000000   0.000000 -19.223205 278.278320 281.024524   0.060754   0.200914 280.413980   0.197141
   449   0.000000 265.872888 -71.902278 -41.128650  -2.008807  -2.008807   0.000000   0.000000 -19.223424 278.226253 280.972506   0.061000   0.200914 280.357061   0.197136
   450   0.000000 265.498933 -72.018256 -41.013830  -1.958431  -1.958431   0.000000   0.000000 -19.223770 278.174354 280.921127   0.061244   0.200914 280.300230   0.197130
   451   0.000000 265.130564 -72.129748 -40.899795  -1.912712  -1.912712   0.000000   0.000000 -19.227412 278.122781 280.870361   0.061489   0.200914 280.243746   0.197124
   452   0.000000 264.763011 -72.242135 -40.763471  -1.869536  -1.869536   0.000000   0.000000 -19.233059 278.070942 280.820170   0.061732   0.200915 280.186826   0.197118
   453   0.000000 264.398651 -72.350298 -40.619347  -1.832295  -1.832295   0.000000   0.000000 -19.244594 278.018872 280.770518   0.061976   0.200915 280.129597   0.197112
   454   0.000000 264.032288 -72.459448 -40.443407  -1.798878  -1.798878   0.000000   0.000000 -19.261521 277.965865 280.721352   0.062218   0.200915 280.071161   0.197106
   455   0.000000 263.665644 -72.564585 -40.249118  -1.773442  -1.773442   0.000000   0.000000 -19.288408 277.911839 280.672622   0.062461   0.200915 280.011547   0.197100
   456   0.000000 263.293553 -72.670336 -40.016148  -1.753627  -1.753627   0.000000   0.000000 -19.325478 277.856104 280.624262   0.062703   0.200916 279.949920   0.197094
   457   0.000000 262.918097 -72.771433 -39.763000  -1.743906  -1.743906   0.000000   0.000000 -19.377104 277.798709 280.576212   0.062944   0.200916 279.886513   0.197088
   458   0.000000 262.534770 -72.872497 -39.476164  -1.740378  -1.740378   0.000000   0.000000 -19.442521 277.739228 280.528407   0.063186   0.200916 279.820822   0.197082
   459   0.000000 262.148793 -72.966466 -39.189011  -1.747133  -1.747133   0.000000   0.000000 -19.524253 277.678314 280.480804   0.063427   0.200916 279.753735   0.197076
   460   0.000000 261.754372 -73.062058 -38.876415  -1.756584  -1.756584   0.000000   0.000000 -19.617427 277.615608 280.433352   0.063668   0.200916 279.684834   0.197070
   461   0.000000 261.364469 -73.145020 -38.606703  -1.774250  -1.774250   0.000000   0.000000 -19.724208 277.552865 280.386056   0.063909   0.200917 279.616055   0.197064
   462   0.000000 260.964461 -73.237811 -38.290674  -1.786414  -1.786414   0.000000   0.000000 -19.832336 277.488627 280.338875   0.064150   0.200917 279.545904   0.197058
   463   0.000000 260.582254 -73.306505 -38.083917  -1.806317  -1.806317   0.000000   0.000000 -19.951740 277.426505 280.291875   0.064391   0.200917 279.478120   0.197052
   464   0.000000 260.184223 -73.400702 -37.769051  -1.810047  -1.810047   0.000000   0.000000 -20.057589 277.362555 280.244999   0.064632   0.200917 279.408659   0.197046
   465   0.000000 259.820766 -73.452977 -37.647567  -1.825211  -1.825211   0.000000   0.000000 -20.177106 277.303044 280.198377   0.064873   0.200917 279.344117   0.197040
   466   0.000000 259.432081 -73.550748 -37.335959  -1.813788  -1.813788   0.000000   0.000000 -20.267333 277.240887 280.151919   0.065114   0.200918 279.276872   0.197034
   467   0.000000 259.095313 -73.585943 -37.302843  -1.820036  -1.820036   0.000000   0.000000 -20.377220 277.185246 280.105807   0.065355   0.200918 279.217059   0.197029
   468   0.000000 258.721654 -73.687637 -36.997551  -1.791345  -1.791345   0.000000   0.000000 -20.443931 277.125940 280.059913   0.065595   0.200918 279.153062   0.197023
   469   0.000000 258.416265 -73.706113 -37.039443  -1.787002  -1.787002   0.000000   0.000000 -20.537808 277.074663 280.014456   0.065834   0.200918 279.098619   0.197017
   470   0.000000 258.061425 -73.810296 -36.734355  -1.742500  -1.742500   0.000000   0.000000 -20.578554 277.018512 279.969263   0.066074   0.200919 279.038154   0.197011
   471   0.000000 257.789711 -73.811191 -36.848167  -1.729301  -1.729301   0.000000   0.000000 -20.655262 276.971831 279.924591   0.066313   0.200919 278.989324   0.197004
   472   0.000000 257.454468 -73.918131 -36.543332  -1.671128  -1.671128   0.000000   0.000000 -20.669322 276.919068 279.880224   0.066551   0.200919 278.932525   0.196998
   473   0.000000 257.215432 -73.903446 -36.717602  -1.650810  -1.650810   0.000000   0.000000 -20.728094 276.876880 279.836448   0.066789   0.200919 278.889129   0.196992
   474   0.000000 256.899187 -74.013170 -36.409793  -1.582022  -1.582022   0.000000   0.000000 -20.716974 276.827404 279.793005   0.067025   0.200919 278.835843   0.196986
   475   0.000000 256.690922 -73.984229 -36.636882  -1.557233  -1.557233   0.000000   0.000000 -20.759213 276.789459 279.750209   0.067262   0.200920 278.797535   0.196980
   476   0.000000 256.392283 -74.096863 -36.322194  -1.480699  -1.480699   0.000000   0.000000 -20.725250 276.743028 279.707763   0.067497   0.200920 278.747475   0.196974
   477   0.000000 256.212328 -74.054883 -36.596037  -1.454064  -1.454064   0.000000   0.000000 -20.753139 276.709004 279.666003   0.067732   0.200920 278.713824   0.196968
   478   0.000000 255.929540 -74.170575 -36.271017  -1.372282  -1.372282   0.000000   0.000000 -20.698999 276.665324 279.624601   0.067966   0.200920 278.666657   0.196962
   479   0.000000 255.775252 -74.116702 -36.586695  -1.346065  -1.346065   0.000000   0.000000 -20.714934 276.634875 279.583915   0.068199   0.200920 278.637215   0.196956
   480   0.000000 255.506480 -74.235581 -36.248724  -1.261071  -1.261071   0.000000   0.000000 -20.643282 276.593644 279.543581   0.068431   0.200920 278.592604   0.196949
   481   0.000000 255.375236 -74.170919 -36.601963  -1.237043  -1.237043   0.000000   0.000000 -20.649557 276.566426 279.503985   0.068663   0.200921 278.566933   0.196943
   482   0.000000 255.118724 -74.293054 -36.249353  -1.150435  -1.150435   0.000000   0.000000 -20.562912 276.527360 279.464731   0.068893   0.200921 278.524562   0.196937
   483   0.000000 255.008017 -74.218680 -36.636247  -1.129881  -1.129881   0.000000   0.000000 -20.561591 276.503043 279.426226   0.069123   0.200921 278.502253   0.196931
   484   0.000000 254.762158 -74.344065 -36.268150  -1.042881  -1.042881   0.000000   0.000000 -20.462278 276.465882 279.388047   0.069351   0.200921 278.461834   0.196925
   485   0.000000 254.669650 -74.261016 -36.685074  -1.026660  -1.026660   0.000000   0.000000 -20.455154 276.444155 279.350624   0.069580   0.200921 278.442507   0.196918
   486   0.000000 254.433001 -74.389581 -36.301301  -0.940175  -0.940175   0.000000   0.000000 -20.345277 276.408665 279.313506   0.069806   0.200921 278.403785   0.196912
   487   0.000000 254.356538 -74.298843 -36.744886  -0.928806  -0.928806   0.000000   0.000000 -20.333886 276.389241 279.277146   0.070033   0.200921 278.387092   0.196906
   488   0.000000 254.127820 -74.430472 -36.345702  -0.843488  -0.843488   0.000000   0.000000 -20.215332 276.355214 279.241068   0.070258   0.200921 278.349838   0.196900
   489   0.000000 254.065429 -74.332974 -36.812824  -0.837228  -0.837228   0.000000   0.000000 -20.200982 276.337826 279.205745   0.070483   0.200921 278.335462   0.196893
   490   0.000000 253.843505 -74.467517 -36.398798  -0.753532  -0.753532   0.000000   0.000000 -20.075434 276.305075 279.170681   0.070706   0.200922 278.299475   0.196887
   491   0.000000 253.793387 -74.364126 -36.886583  -0.752446  -0.752446   0.000000   0.000000 -20.059241 276.289479 279.136364   0.070929   0.200922 278.287127   0.196881
   492   0.000000 253.577251 -74.501412 -36.458489  -0.670675  -0.670675   0.000000   0.000000 -19.928195 276.257837 279.102281   0.071151   0.200922 278.252227   0.196875
   493   0.000000 253.537770 -74.392927 -36.964323  -0.674687  -0.674687   0.000000   0.000000 -19.911106 276.243810 279.068936   0.071373   0.200922 278.241646   0.196869
   494   0.000000 253.326531 -74.532773 -36.523059  -0.595025  -0.595025   0.000000   0.000000 -19.775886 276.213128 279.035800   0.071593   0.200922 278.207675   0.196862
   495   0.000000 253.296209 -74.419927 -37.044589  -0.603963  -0.603963   0.000000   0.000000 -19.758703 276.200466 279.003390   0.071813   0.200922 278.198624   0.196856
   496   0.000000 253.089079 -74.562149 -36.591104  -0.526502  -0.526502   0.000000   0.000000 -19.620470 276.170610 278.971163   0.072032   0.200922 278.165440   0.196850
   497   0.000000 253.066582 -74.445607 -37.126229  -0.540124  -0.540124   0.000000   0.000000 -19.603868 276.159130 278.939649   0.072251   0.200922 278.157707   0.196844
   498   0.000000 252.862864 -74.590023 -36.661485  -0.464888  -0.464888   0.000000   0.000000 -19.463635 276.129982 278.908293   0.072468   0.200922 278.125185   0.196837
   499   0.000000 252.846999 -74.470386 -37.208352  -0.482910  -0.482910   0.000000   0.000000 -19.448180 276.119519 278.877636   0.072685   0.200922 278.118580   0.196831
   500   0.000000 252.646081 -74.616819 -36.733300  -0.409868  -0.409868   0.000000   0.000000 -19.306824 276.090971 278.847111   0.072901   0.200922 278.086611   0.196825
   501   0.000000 252.635783 -74.494622 -37.290301  -0.431982  -0.431982   0.000000   0.000000 -19.292982 276.081378 278.817271   0.073117   0.200922 278.080964   0.196819
   502   0.000000 252.437131 -74.642905 -36.805856  -0.361062  -0.361062   0.000000   0.000000 -19.151252 276.053338 278.787539   0.073332   0.200922 278.049453   0.196813
   503   0.000000 252.431463 -74.518622 -37.371620  -0.386944  -0.386944   0.000000   0.000000 -19.139401 276.044486 278.758475   0.073547   0.200922 278.044616   0.196806
   504   0.000000 252.234611 -74.668602 -36.878642  -0.318041  -0.318041   0.000000   0.000000 -18.997925 276.016872 278.729496   0.073760   0.200922 278.013480   0.196800
   505   0.000000 252.232754 -74.542645 -37.444890  -0.347348  -0.347348   0.000000   0.000000 -18.988365 276.008470 278.701164   0.073974   0.200922 278.009175   0.196794
   506   0.000000 252.037692 -74.692989 -36.937708  -0.281134  -0.281134   0.000000   0.000000 -18.848861 275.980945 278.672887   0.074186   0.200922 277.978127   0.196788
   507   0.000000 252.039331 -74.564103 -37.507996  -0.314621  -0.314621   0.000000   0.000000 -18.843595 275.972856 278.645238   0.074398   0.200923 277.974202   0.196782
   508   0.000000 251.845381 -74.714829 -36.990483  -0.250865  -0.250865   0.000000   0.000000 -18.706676 275.945393 278.617616   0.074609   0.200923 277.943176   0.196775
   509   0.000000 251.849149 -74.584215 -37.560905  -0.287855  -0.287855   0.000000   0.000000 -18.705561 275.937460 278.590601   0.074821   0.200923 277.939435   0.196769
   510   0.000000 251.655732 -74.735162 -37.034905  -0.226599  -0.226599   0.000000   0.000000 -18.571984 275.909976 278.563587   0.075031   0.200923 277.908339   0.196763
   511   0.000000 251.660624 -74.603407 -37.603613  -0.266727  -0.266727   0.000000   0.000000 -18.575277 275.902068 278.537158   0.075242   0.200923 277.904627   0.196757
   512   0.000000 251.467274 -74.754416 -37.070638  -0.207906  -0.207906   0.000000   0.000000 -18.445632 275.874489 278.510707   0.075451   0.200923 277.873386   0.196751
   513   0.000000 251.472410 -74.622035 -37.635869  -0.250811  -0.250811   0.000000   0.000000 -18.453525 275.866485 278.484817   0.075660   0.200923 277.869565   0.196745
   514   0.000000 251.278740 -74.772929 -37.097360  -0.194351  -0.194351   0.000000   0.000000 -18.328323 275.838746 278.458883   0.075869   0.200923 277.838111   0.196738
   515   0.000000 251.283336 -74.640382 -37.657474  -0.239685  -0.239685   0.000000   0.000000 -18.340956 275.830539 278.433488   0.076078   0.200923 277.834055   0.196732
   516   0.000000 251.089012 -74.790984 -37.114783  -0.185505  -0.185505   0.000000   0.000000 -18.220640 275.802582 278.408026   0.076285   0.200923 277.802330   0.196726
   517   0.000000 251.092364 -74.658686 -37.668280  -0.232939  -0.232939   0.000000   0.000000 -18.238110 275.794073 278.383081   0.076493   0.200923 277.797927   0.196720
   518   0.000000 250.897097 -74.808827 -37.122670  -0.180958  -0.180958   0.000000   0.000000 -18.123057 275.765845 278.358049   0.076700   0.200923 277.765879   0.196714
   519   0.000000 250.898574 -74.677150 -37.668189  -0.230183  -0.230183   0.000000   0.000000 -18.145430 275.756946 278.333512   0.076908   0.200923 277.761029   0.196708
   520   0.000000 250.702110 -74.826668 -37.120839  -0.180318  -0.180318   0.000000   0.000000 -18.035959 275.728402 278.308868   0.077114   0.200923 277.728612   0.196702
   521   0.000000 250.701148 -74.695952 -37.657153  -0.231046  -0.231046   0.000000   0.000000 -18.063266 275.719033 278.284697   0.077321   0.200923 277.723223   0.196696
   522   0.000000 250.503267 -74.844695 -37.109156  -0.183216  -0.183216   0.000000   0.000000 -17.959644 275.690131 278.260402   0.077526   0.200923 277.690398   0.196690
   523   0.000000 250.499359 -74.715242 -37.635172  -0.235180  -0.235180   0.000000   0.000000 -17.991891 275.680222 278.236556   0.077733   0.200923 277.684388   0.196684
   524   0.000000 250.299872 -74.863071 -37.087540  -0.189304  -0.189304   0.000000   0.000000 -17.894335 275.650927 278.212570   0.077938   0.200923 277.651121   0.196678
   525   0.000000 250.292570 -74.735154 -37.602285  -0.242257  -0.242257   0.000000   0.000000 -17.931501 275.640415 278.189012   0.078144   0.200923 277.644419   0.196672
   526   0.000000 250.091315 -74.881938 -37.055955  -0.198255  -0.198255   0.000000   0.000000 -17.840183 275.610696 278.165299   0.078348   0.200923 277.610680   0.196666
   527   0.000000 250.080221 -74.755804 -37.558569  -0.251970  -0.251970   0.000000   0.000000 -17.882226 275.599524 278.141993   0.078554   0.200923 277.603221   0.196660
   528   0.000000 249.877060 -74.901423 -37.014400  -0.209764  -0.209764   0.000000   0.000000 -17.797277 275.569354 278.118516   0.078758   0.200923 277.568986   0.196653
   529   0.000000 249.861824 -74.777291 -37.504130  -0.264031  -0.264031   0.000000   0.000000 -17.844138 275.557475 278.095425   0.078963   0.200923 277.560714   0.196647
   530   0.000000 249.656643 -74.921635 -36.962912  -0.223549  -0.223549   0.000000   0.000000 -17.765653 275.526830 278.072152   0.079167   0.200923 277.525961   0.196641
   531   0.000000 249.636955 -74.799703 -37.439101  -0.278175  -0.278175   0.000000   0.000000 -17.817252 275.514201 278.049243   0.079372   0.200923 277.516827   0.196635
   532   0.000000 249.429661 -74.942671 -36.901555  -0.239346  -0.239346   0.000000   0.000000 -17.745295 275.483063 278.026140   0.079576   0.200923 277.481539   0.196629
   533   0.000000 249.405253 -74.823115 -37.363635  -0.294156  -0.294156   0.000000   0.000000 -17.801541 275.469647 278.003382   0.079780   0.200923 277.471500   0.196624
   534   0.000000 249.195770 -74.964616 -36.830419  -0.256911  -0.256911   0.000000   0.000000 -17.736145 275.438000 277.980419   0.079983   0.200923 277.435663   0.196618
   535   0.000000 249.166406 -74.847594 -37.277903  -0.311746  -0.311746   0.000000   0.000000 -17.796934 275.423765 277.957781   0.080188   0.200923 277.424681   0.196612
   536   0.000000 248.954675 -74.987543 -36.749615  -0.276024  -0.276024   0.000000   0.000000 -17.738109 275.391595 277.934927   0.080391   0.200923 277.388285   0.196606
   537   0.000000 248.920152 -74.873198 -37.182089  -0.330737  -0.330737   0.000000   0.000000 -17.803327 275.376515 277.912381   0.080595   0.200923 277.376328   0.196600
   538   0.000000 248.706130 -75.011517 -36.659270  -0.296479  -0.296479   0.000000   0.000000 -17.751061 275.343812 277.889610   0.080798   0.200923 277.339364   0.196594
   539   0.000000 248.666271 -74.899976 -37.076386  -0.350940  -0.350940   0.000000   0.000000 -17.820587 275.327863 277.867127   0.081002   0.200923 277.326405   0.196588
   540   0.000000 248.449927 -75.036596 -36.559527  -0.318091  -0.318091   0.000000   0.000000 -17.774850 275.294619 277.844413   0.081205   0.200923 277.288866   0.196582
   541   0.000000 248.404583 -74.927973 -36.956979  -0.372170  -0.372170   0.000000   0.000000 -17.848555 275.277681 277.821965   0.081408   0.200924 277.274788   0.196576
   542   0.000000 248.186113 -75.062155 -36.443137  -0.341132  -0.341132   0.000000   0.000000 -17.809991 275.243744 277.799275   0.081611   0.200924 277.236531   0.196570
   543   0.000000 248.135297 -74.955742 -36.823420  -0.395300  -0.395300   0.000000   0.000000 -17.888722 275.225783 277.776832   0.081815   0.200924 277.221281   0.196564
   544   0.000000 247.914335 -75.087693 -36.314424  -0.365953  -0.365953   0.000000   0.000000 -17.857348 275.191159 277.754138   0.082017   0.200924 277.182291   0.196558
   545   0.000000 247.857335 -74.984222 -36.675522  -0.419951  -0.419951   0.000000   0.000000 -17.940848 275.172109 277.731670   0.082221   0.200924 277.165783   0.196552
   546   0.000000 247.633619 -75.113900 -36.172675  -0.392418  -0.392418   0.000000   0.000000 -17.916924 275.136778 277.708942   0.082424   0.200924 277.126037   0.196546
   547   0.000000 247.569966 -75.013732 -36.514044  -0.446117  -0.446117   0.000000   0.000000 -18.005144 275.116596 277.686420   0.082628   0.200924 277.108217   0.196540
   548   0.000000 247.343315 -75.141123 -36.018346  -0.420400  -0.420400   0.000000   0.000000 -17.988766 275.080546 277.663631   0.082830   0.200924 277.067701   0.196534
   549   0.000000 247.272641 -75.044569 -36.339571  -0.473651  -0.473651   0.000000   0.000000 -18.081596 275.059201 277.641028   0.083034   0.200924 277.048529   0.196529
   550   0.000000 247.042938 -75.169651 -35.851894  -0.449718  -0.449718   0.000000   0.000000 -18.072795 275.022426 277.618152   0.083237   0.200924 277.007238   0.196523
   551   0.000000 246.964952 -75.076978 -36.152700  -0.502368  -0.502368   0.000000   0.000000 -18.170087 274.999894 277.595443   0.083441   0.200924 276.986685   0.196517
   552   0.000000 246.732121 -75.199731 -35.673779  -0.480172  -0.480172   0.000000   0.000000 -18.168841 274.962394 277.572455   0.083644   0.200924 276.944619   0.196511
   553   0.000000 246.646593 -75.111165 -35.954022  -0.532074  -0.532074   0.000000   0.000000 -18.270430 274.938662 277.549615   0.083848   0.200924 276.922662   0.196505
   554   0.000000 246.410589 -75.231572 -35.484465  -0.511556  -0.511556   0.000000   0.000000 -18.276676 274.900438 277.526493   0.084051   0.200924 276.879824   0.196499
   555   0.000000 246.317341 -75.147304 -35.744124  -0.562578  -0.562578   0.000000   0.000000 -18.382384 274.875496 277.503500   0.084256   0.200924 276.856449   0.196493
   556   0.000000 246.078145 -75.265354 -35.284430  -0.543673  -0.543673   0.000000   0.000000 -18.396027 274.836554 277.480221   0.084459   0.200924 276.812848   0.196488
   557   0.000000 245.977046 -75.185543 -35.523598  -0.593695  -0.593695   0.000000   0.000000 -18.505668 274.810399 277.457054   0.084664   0.200924 276.788047   0.196482
   558   0.000000 245.734658 -75.301230 -35.074166  -0.576337  -0.576337   0.000000   0.000000 -18.526585 274.770748 277.433600   0.084868   0.200925 276.743691   0.196476
   559   0.000000 245.625619 -75.226008 -35.293041  -0.625253  -0.625253   0.000000   0.000000 -18.639965 274.743382 277.410240   0.085072   0.200925 276.717464   0.196470
   560   0.000000 245.380058 -75.339336 -34.854186  -0.609371  -0.609371   0.000000   0.000000 -18.668007 274.703031 277.386592   0.085277   0.200925 276.672366   0.196464
   561   0.000000 245.263028 -75.268807 -35.053063  -0.657087  -0.657087   0.000000   0.000000 -18.784924 274.674462 277.363022   0.085482   0.200925 276.644717   0.196459
   562   0.000000 245.014330 -75.379785 -34.625028  -0.642608  -0.642608   0.000000   0.000000 -18.819918 274.633425 277.339163   0.085686   0.200925 276.598892   0.196453
   563   0.000000 244.889294 -75.314030 -34.804288  -0.689040  -0.689040   0.000000   0.000000 -18.940167 274.603664 277.315367   0.085892   0.200925 276.569833   0.196447
   564   1.594241 244.637508 -74.147282 -34.387249  -0.675890  -0.675890   0.000000   0.000000 -18.981916 274.595141 277.292233   0.086096   0.200925 276.541708   0.196441
   565   4.828314 244.504489 -71.650230 -33.984398  -0.573141  -0.573141   0.000000   0.000000 -18.879638 274.636816 277.271127   0.086299   0.200925 276.550970   0.196435
   566  11.837323 244.279992 -66.450650 -32.395914  -0.262336  -0.262336   0.000000   0.000000 -18.440175 274.753384 277.253984   0.086493   0.200925 276.592668   0.196429
   567  22.429495 244.234497 -58.552566 -30.017905   0.342826   0.342826   0.000000   0.000000 -17.504200 274.971578 277.243313   0.086672   0.200925 276.702679   0.196423
   568  35.794786 244.203212 -48.887418 -25.647341   1.345403   1.345403   0.000000   0.000000 -15.902145 275.253533 277.240297   0.086825   0.200925 276.844046   0.196416
   569  51.162567 244.492344 -37.604259 -20.908032   2.535113   2.535113   0.000000   0.000000 -13.907353 275.611617 277.246385   0.086949   0.200925 277.049406   0.196408
   570  67.950627 244.896022 -25.428220 -14.630662   3.989974   3.989974   0.000000   0.000000 -11.443376 276.005972 277.261769   0.087035   0.200924 277.278110   0.196400
   571  85.743266 245.694770 -12.239455  -8.741238   5.476701   5.476701   0.000000   0.000000  -8.790581 276.461571 277.287378   0.087084   0.200923 277.568756   0.196391
   572 104.244856 246.605573   1.332755  -1.293161   7.155523   7.155523   0.000000   0.000000  -5.780655 276.932384 277.322765   0.087091   0.200923 277.871242   0.196381
   573 123.242100 247.935869  15.626847   4.978161   8.704131   8.704131   0.000000   0.000000  -2.732667 277.465900 277.368927   0.087060   0.200922 278.251608   0.196371
   574 142.577839 251.711498  32.257943   0.340263  10.759471  10.759471   0.000000   0.000000   0.678808 278.316799 277.434086   0.086979   0.200920 279.010950   0.196360
   575 162.133598 254.526729  46.616380  10.776289  13.989921  13.989921   0.000000   0.000000   6.178987 279.042339 277.512945   0.086822   0.200919 279.604406   0.196348
   576 181.817992 257.844335  62.127595  14.880670  16.110350  16.110350   0.000000   0.000000  10.705763 279.849699 277.606782   0.086619   0.200917 280.277787   0.196335
