     0 172.710834 247.991806  55.657751   1.069494   0.511563   0.511563   0.000000   0.000000   0.000000 278.711690 276.898872   0.203386   0.203392 278.658127   0.203330
     1 192.286009 248.244649  62.767917  34.706049   8.928689   8.928689   0.000000   0.000000  12.689726 278.888090 276.950840   0.203254   0.203391 278.732665   0.203276
     2 211.878127 250.357214  79.649852  29.777769  10.002291  10.002291   0.000000   0.000000  13.560752 279.639130 277.018843   0.203104   0.203390 279.185044   0.203231
     3 231.435835 251.708954  93.008897  40.620178  13.749603  13.749603   0.000000   0.000000  18.342007 280.181364 277.095606   0.202896   0.203388 279.472658   0.203191
     4 250.916476 253.253915 107.476035  46.286535  16.330655  16.330655   0.000000   0.000000  21.600304 280.783075 277.182233   0.202645   0.203386 279.791050   0.203155
     5 270.283997 254.766667 121.516657  53.742390  19.245205  19.245205   0.000000   0.000000  25.205896 281.359027 277.277320   0.202344   0.203384 280.095591   0.203121
     6 289.507431 256.337508 135.605754  60.586565  22.061804  22.061804   0.000000   0.000000  28.571949 281.936788 277.380400   0.201992   0.203381 280.405599   0.203089
     7 308.559788 257.926161 149.549014  67.647491  24.978416  24.978416   0.000000   0.000000  31.894710 282.503980 277.490715   0.201585   0.203378 280.714260   0.203058
     8 327.417228 259.527843 163.383891  74.619231  27.939292  27.939292   0.000000   0.000000  35.092851 283.061797 277.607619   0.201118   0.203375 281.021554   0.203028
     9 346.058441 261.126747 177.072920  81.585907  30.962661  30.962661   0.000000   0.000000  38.179250 283.607470 277.730453   0.200585   0.203371 281.325118   0.202999
    10 364.464174 262.715281 190.608003  88.491434  34.033390  34.033390   0.000000   0.000000  41.139116 284.140465 277.858609   0.199982   0.203367 281.624018   0.202970
    11 382.616868 264.288258 203.973742  95.328317  37.147220  37.147220   0.000000   0.000000  43.972991 284.660255 277.991516   0.199303   0.203363 281.917651   0.202942
    12 400.500377 265.842093 217.157437 102.083288  40.298101  40.298101   0.000000   0.000000  46.681171 285.166572 278.128647   0.198541   0.203358 282.205651   0.202913
    13 418.099745 267.370252 230.143198 108.767068  43.481819  43.481819   0.000000   0.000000  49.265478 285.658635 278.269495   0.197688   0.203353 282.487099   0.202885
    14 435.401032 268.865987 242.918389 115.378414  46.690400  46.690400   0.000000   0.000000  51.723980 286.135722 278.413571   0.196737   0.203347 282.761026   0.202857
    15 452.391174 270.324811 255.473005 121.906758  49.915128  49.915128   0.000000   0.000000  54.055053 286.597466 278.560415   0.195678   0.203341 283.026847   0.202828
    16 469.057876 271.744267 267.797840 128.341199  53.147512  53.147512   0.000000   0.000000  56.259360 287.043800 278.709595   0.194501   0.203335 283.284308   0.202800
    17 485.389515 273.123747 279.884477 134.669504  56.379450  56.379450   0.000000   0.000000  58.339434 287.474930 278.860716   0.193195   0.203328 283.533453   0.202771
    18 501.375075 274.463936 291.724772 140.880269  59.604257  59.604257   0.000000   0.000000  60.299497 287.891236 279.013417   0.191749   0.203321 283.774524   0.202742
    19 517.004081 275.765581 303.310110 146.966588  62.816348  62.816348   0.000000   0.000000  62.144732 288.293101 279.167372   0.190149   0.203313 284.007753   0.202714
    20 532.266554 277.028862 314.631660 152.924348  66.009685  66.009685   0.000000   0.000000  63.880104 288.680849 279.322279   0.188380   0.203306 284.233258   0.202684
    21 547.152973 278.253556 325.680795 158.749900  69.177585  69.177585   0.000000   0.000000  65.509989 289.054767 279.477861   0.186426   0.203297 284.451078   0.202655
    22 561.654236 279.439425 336.449358 164.438886  72.313492  72.313492   0.000000   0.000000  67.038340 289.415137 279.633863   0.184270   0.203289 284.661244   0.202626
    23 575.761641 280.586490 346.929741 169.986062  75.411308  75.411308   0.000000   0.000000  68.468919 289.762254 279.790047   0.181895   0.203279 284.863823   0.202596
    24 594.975686 281.695130 361.521914 175.385800  78.465535  78.465535   0.000000   0.000000  69.805452 290.190725 279.948856   0.179281   0.203270 285.063204   0.202567
    25 608.292523 282.766074 370.915926 183.768123  82.458224  82.458224   0.000000   0.000000  71.693085 290.492836 280.106603   0.176374   0.203260 285.250202   0.202536
    26 621.190705 283.856486 380.665549 187.906616  85.198060  85.198060   0.000000   0.000000  72.703633 290.814129 280.264096   0.173197   0.203250 285.440474   0.202506
    27 633.662934 284.866458 389.887522 193.191692  88.233032  88.233032   0.000000   0.000000  73.850235 291.110314 280.420787   0.169724   0.203239 285.616180   0.202475
    28 645.702226 285.847919 398.866014 197.832572  91.065641  91.065641   0.000000   0.000000  74.826686 291.398314 280.576651   0.165951   0.203228 285.786428   0.202445
    29 657.301900 286.790109 407.494361 202.458421  93.876521  93.876521   0.000000   0.000000  75.751642 291.673199 280.731511   0.161876   0.203217 285.949358   0.202414
    30 668.455575 287.700550 415.802060 206.853775  96.602118  96.602118   0.000000   0.000000  76.591820 291.937185 280.885257   0.157513   0.203206 286.106326   0.202383
    31 679.157158 288.579194 423.772662 211.091787  99.261007  99.261007   0.000000   0.000000  77.363493 292.189893 281.037769   0.152890   0.203194 286.257371   0.202352
    32 689.400843 289.427968 431.405943 215.145749 101.841969 101.841969   0.000000   0.000000  78.064865 292.431755 281.188939   0.148052   0.203181 286.402874   0.202321
    33 699.181109 290.247875 438.696559 219.022623 104.343840 104.343840   0.000000   0.000000  78.699710 292.662892 281.338663   0.143062   0.203169 286.543053   0.202290
    34 708.492710 291.040217 445.641352 222.716880 106.762501 106.762501   0.000000   0.000000  79.269598 292.883518 281.486843   0.137997   0.203156 286.678168   0.202259
    35 717.330680 291.806290 452.236833 226.226216 109.095838 109.095838   0.000000   0.000000  79.776718 293.093817 281.633388   0.132942   0.203143 286.808474   0.202228
    36 725.690324 292.547529 458.480005 229.546206 111.342211 111.342211   0.000000   0.000000  80.223006 293.293993 281.778210   0.127978   0.203130 286.934237   0.202197
    37 733.567221 293.265438 464.368035 232.717139 113.506247 113.506247   0.000000   0.000000  80.610477 293.483243 281.921202   0.123178   0.203116 287.055922   0.202166
    38 740.957220 293.963382 469.905664 235.679726 115.573285 115.573285   0.000000   0.000000  80.934285 293.662426 282.062283   0.118599   0.203102 287.174092   0.202135
    39 747.856438 294.642636 475.086588 238.450273 117.551081 117.551081   0.000000   0.000000  81.201008 293.831668 282.201373   0.114278   0.203088 287.288953   0.202104
    40 754.261264 295.305062 479.909335 241.016486 119.438296 119.438296   0.000000   0.000000  81.412063 293.991300 282.338407   0.110237   0.203074 287.400811   0.202073
    41 760.168353 295.952277 484.371220 243.375490 121.236396 121.236396   0.000000   0.000000  81.570252 294.141571 282.473322   0.106478   0.203059 287.509926   0.202042
    42 765.574626 296.585869 488.470197 245.521841 122.945701 122.945701   0.000000   0.000000  81.677741 294.282741 282.606065   0.102997   0.203045 287.616554   0.202011
    43 770.477273 297.207226 492.204142 247.452067 124.566645 124.566645   0.000000   0.000000  81.736734 294.415040 282.736585   0.099779   0.203030 287.720915   0.201981
    44 774.873751 297.817510 495.571077 249.163234 126.099269 126.099269   0.000000   0.000000  81.749182 294.538671 282.864839   0.096808   0.203014 287.823192   0.201950
    45 778.761782 298.417605 498.569091 250.653495 127.543359 127.543359   0.000000   0.000000  81.716825 294.653802 282.990785   0.094063   0.202999 287.923523   0.201919
    46 782.139355 299.008075 501.196366 251.921905 128.898366 128.898366   0.000000   0.000000  81.641120 294.760560 283.114384   0.091527   0.202984 288.021995   0.201889
    47 785.004725 299.589166 503.451195 252.968305 130.163376 130.163376   0.000000   0.000000  81.523232 294.859033 283.235599   0.089179   0.202968 288.118643   0.201858
    48 787.356413 300.160843 505.332021 253.793070 131.337099 131.337099   0.000000   0.000000  81.364038 294.949273 283.354391   0.087002   0.202952 288.213457   0.201828
    49 789.193207 300.722851 506.837467 254.396901 132.417905 132.417905   0.000000   0.000000  81.164175 295.031309 283.470723   0.084980   0.202936 288.306395   0.201798
    50 790.514160 301.274796 507.966362 254.780683 133.403909 133.403909   0.000000   0.000000  80.924101 295.105152 283.584557   0.083099   0.202920 288.397391   0.201768
    51 791.318592 301.816207 508.717758 254.945374 134.293092 134.293092   0.000000   0.000000  80.644165 295.170804 283.695853   0.081345   0.202904 288.486366   0.201738
    52 791.606089 302.346596 509.090942 254.891925 135.083441 135.083441   0.000000   0.000000  80.324652 295.228264 283.804574   0.079707   0.202888 288.573243   0.201709
    53 791.376503 302.865502 509.085441 254.621247 135.773072 135.773072   0.000000   0.000000  79.965830 295.277533 283.910680   0.078174   0.202872 288.657945   0.201680
    54 790.629952 303.372505 508.701031 254.134187 136.360306 136.360306   0.000000   0.000000  79.567970 295.318612 284.014132   0.076738   0.202855 288.740402   0.201651
    55 789.366820 303.867251 507.937733 253.431499 136.843719 136.843719   0.000000   0.000000  79.131356 295.351505 284.114892   0.075390   0.202839 288.820557   0.201622
    56 787.587758 304.349458 506.795824 252.513812 137.222162 137.222162   0.000000   0.000000  78.656294 295.376224 284.212920   0.074122   0.202823 288.898359   0.201593
    57 785.293683 304.818928 505.275834 251.381624 137.494784 137.494784   0.000000   0.000000  78.143124 295.392783 284.308181   0.072929   0.202806 288.973773   0.201565
    58 782.485777 305.275549 503.378544 250.035335 137.661040 137.661040   0.000000   0.000000  77.592220 295.401206 284.400636   0.071804   0.202790 289.046776   0.201537
    59 779.165489 305.719276 501.104969 248.475326 137.720683 137.720683   0.000000   0.000000  77.003993 295.401519 284.490250   0.070743   0.202773 289.117354   0.201509
    60 775.334534 306.150117 498.456347 246.702038 137.673729 137.673729   0.000000   0.000000  76.378880 295.393750 284.576990   0.069740   0.202757 289.185500   0.201482
    61 770.994894 306.568096 495.434129 244.716046 137.520418 137.520418   0.000000   0.000000  75.717322 295.377927 284.660820   0.068792   0.202740 289.251209   0.201455
    62 766.148816 306.973241 492.039967 242.518094 137.261160 137.261160   0.000000   0.000000  75.019748 295.354075 284.741709   0.067894   0.202724 289.314475   0.201428
    63 760.798814 307.365553 488.275718 240.109122 136.896503 136.896503   0.000000   0.000000  74.286558 295.322212 284.819625   0.067044   0.202707 289.375287   0.201402
    64 754.947669 307.745004 484.143432 237.490276 136.427099 136.427099   0.000000   0.000000  73.518113 295.282352 284.894535   0.066239   0.202691 289.433629   0.201376
    65 748.598428 308.111516 479.645361 234.662915 135.853681 135.853681   0.000000   0.000000  72.714721 295.234499 284.966408   0.065475   0.202674 289.489473   0.201351
    66 741.754407 308.464962 474.783947 231.628618 135.177053 135.177053   0.000000   0.000000  71.876636 295.178651 285.035214   0.064750   0.202658 289.542786   0.201325
    67 734.419187 308.805154 469.561827 228.389178 134.398073 134.398073   0.000000   0.000000  71.004054 295.114794 285.100922   0.064061   0.202642 289.593520   0.201301
    68 726.596622 309.131846 463.981833 224.946594 133.517650 133.517650   0.000000   0.000000  70.097107 295.042910 285.163499   0.063408   0.202626 289.641619   0.201277
    69 718.290830 309.444728 458.046992 221.303049 132.536735 132.536735   0.000000   0.000000  69.155873 294.962967 285.222915   0.062787   0.202610 289.687015   0.201253
    70 709.506205 309.743439 451.760530 217.460887 131.456325 131.456325   0.000000   0.000000  68.180369 294.874931 285.279136   0.062198   0.202594 289.729626   0.201229
    71 700.247408 310.027570 445.125876 213.422589 130.277463 130.277463   0.000000   0.000000  67.170569 294.778758 285.332129   0.061638   0.202579 289.769366   0.201206
    72 690.519377 310.296675 438.146666 209.190751 129.001246 129.001246   0.000000   0.000000  66.126404 294.674401 285.381862   0.061107   0.202563 289.806135   0.201184
    73 680.327325 310.550285 430.826747 204.779911 127.630558 127.630558   0.000000   0.000000  65.047777 294.561556 285.428292   0.060602   0.202548 289.839869   0.201162
    74 669.676743 310.788392 423.172071 200.177600 126.162546 126.162546   0.000000   0.000000  63.932847 294.440348 285.471383   0.060122   0.202533 289.870522   0.201141
    75 658.573405 311.010353 415.185756 195.392259 124.600788 124.600788   0.000000   0.000000  62.782757 294.310712 285.511098   0.059668   0.202518 289.897947   0.201120
    76 647.023371 311.215683 406.872383 190.425122 122.946377 122.946377   0.000000   0.000000  61.597295 294.172621 285.547401   0.059236   0.202503 289.922019   0.201099
    77 635.032989 311.403828 398.236454 185.279680 121.201114 121.201114   0.000000   0.000000  60.376537 294.026026 285.580254   0.058828   0.202489 289.942595   0.201079
    78 622.608907 311.574249 389.282830 179.958892 119.366621 119.366621   0.000000   0.000000  59.120408 293.870883 285.609620   0.058441   0.202474 289.959531   0.201060
    79 609.758075 311.726398 380.016588 174.466098 117.444636 117.444636   0.000000   0.000000  57.828841 293.707139 285.635462   0.058074   0.202460 289.972676   0.201041
    80 596.487755 311.859732 370.443070 168.804771 115.436930 115.436930   0.000000   0.000000  56.501740 293.534741 285.657742   0.057728   0.202446 289.981873   0.201023
    81 582.805529 311.973706 360.567878 162.978618 113.345332 113.345332   0.000000   0.000000  55.138989 293.353630 285.676423   0.057402   0.202433 289.986954   0.201005
    82 568.719318 312.067778 350.396887 156.991580 111.171708 111.171708   0.000000   0.000000  53.740455 293.163747 285.691464   0.057094   0.202419 289.987747   0.200988
    83 554.237388 312.141407 339.936255 150.847863 108.917958 108.917958   0.000000   0.000000  52.305979 292.965026 285.702828   0.056805   0.202406 289.984063   0.200971
    84 539.368371 312.194048 329.192440 144.551973 106.586004 106.586004   0.000000   0.000000  50.835381 292.757397 285.710475   0.056533   0.202394 289.975704   0.200955
    85 524.121291 312.225156 318.172218 138.108749 104.177770 104.177770   0.000000   0.000000  49.328452 292.540786 285.714365   0.056278   0.202381 289.962454   0.200940
    86 508.505580 312.234181 306.882703 131.523409 101.695165 101.695165   0.000000   0.000000  47.784952 292.315113 285.714455   0.056041   0.202369 289.944077   0.200925
    87 492.531117 312.220565 295.331376 124.801601  99.140060  99.140060   0.000000   0.000000  46.204600 292.080288 285.710706   0.055820   0.202357 289.920314   0.200910
    88 476.208263 312.183738 283.526111 117.949463  96.514262  96.514262   0.000000   0.000000  44.587077 291.836217 285.703073   0.055615   0.202345 289.890871   0.200897
    89 459.547905 312.123117 271.475220 110.973703  93.819475  93.819475   0.000000   0.000000  42.932009 291.582793 285.691512   0.055426   0.202334 289.855418   0.200883
    90 442.561512 312.038098 259.187494 103.881681  91.057260  91.057260   0.000000   0.000000  41.238965 291.319899 285.675978   0.055252   0.202323 289.813569   0.200871
    91 425.261206 311.928050 246.672263  96.681530  88.228975  88.228975   0.000000   0.000000  39.507446 291.047405 285.656424   0.055093   0.202313 289.764871   0.200859
    92 407.659841 311.792311 233.939464  89.382289  85.335711  85.335711   0.000000   0.000000  37.736872 290.765165 285.632799   0.054950   0.202302 289.708771   0.200847
    93 389.771114 311.630178 220.999728  81.994085  82.378185  82.378185   0.000000   0.000000  35.926565 290.473015 285.605053   0.054821   0.202293 289.644579   0.200836
    94 371.609687 311.440898 207.864490  74.528361  79.356615  79.356615   0.000000   0.000000  34.075736 290.170768 285.573131   0.054708   0.202283 289.571388   0.200826
    95 353.191355 311.223655 194.546122  66.998183  76.270529  76.270529   0.000000   0.000000  32.183458 289.858209 285.536975   0.054608   0.202274 289.487933   0.200816
    96 334.533249 310.977556 181.058111  59.418646  73.118497  73.118497   0.000000   0.000000  30.248638 289.535093 285.496525   0.054523   0.202265 289.392246   0.200807
    97 315.654097 310.701613 167.415276  51.807454  69.897724  69.897724   0.000000   0.000000  28.269977 289.201129 285.451712   0.054453   0.202257 289.280420   0.200799
    98 296.574562 310.394721 153.634057  44.185747  66.603404  66.603404   0.000000   0.000000  26.245919 288.855976 285.402466   0.054398   0.202249 289.139722   0.200791
    99 277.317675 310.055628 139.732894  36.579353  63.227667  63.227667   0.000000   0.000000  24.174571 288.499221 285.348707   0.054357   0.202241 288.968263   0.200784
   100 257.909406 309.682902 125.732732  29.020796  59.757710  59.757710   0.000000   0.000000  22.053600 288.130353 285.290345   0.054331   0.202234 288.769660   0.200777
   101 238.379418 309.274885 111.657716  21.552747  56.172237  56.172237   0.000000   0.000000  19.880056 287.748722 285.227279   0.054320   0.202227 288.545848   0.200771
   102 218.762080 308.829657  97.536166  14.234640  52.433855  52.433855   0.000000   0.000000  17.650103 287.353465 285.159389   0.054325   0.202221 288.297478   0.200766
   103 199.097843 308.345048  83.402066   7.157563  48.469773  48.469773   0.000000   0.000000  15.358534 286.943365 285.086531   0.054347   0.202215 288.023381   0.200762
   104 179.435134 307.818959  69.297595   0.489306  44.103997  44.103997   0.000000   0.000000  12.997836 286.516501 285.008516   0.054388   0.202210 287.717717   0.200759
   105 159.833010 307.251871  55.279429  -5.212533  38.545329  38.545329   0.000000   0.000000  10.555894 286.067698 284.925023   0.054453   0.202205 287.337652   0.200757
   106 140.364932 306.538354  41.329587  -8.609204  31.327700  31.327700   0.000000   0.000000   7.998724 285.558990 284.834685   0.054550   0.202202 286.969012   0.200758
   107 121.124219 305.637596  27.676096 -12.033609  26.892906  26.892906   0.000000   0.000000   5.070130 284.947323 284.735052   0.054667   0.202198 286.508777   0.200759
   108 102.232079 304.602509  14.681539 -15.179457  22.261312  22.261312   0.000000   0.000000   1.485899 284.262694 284.624765   0.054804   0.202196 285.980954   0.200761
   109  83.849579 303.428238   2.308462 -17.790547  17.786949  17.786949   0.000000   0.000000  -2.534497 283.515755 284.502883   0.054962   0.202193 285.394504   0.200763
   110  66.195682 302.138912  -9.305854 -19.945106  13.676621  13.676621   0.000000   0.000000  -6.909892 282.719913 284.368910   0.055138   0.202192 284.755639   0.200766
   111  49.574220 300.737248 -19.989611 -21.528920   9.932667   9.932667   0.000000   0.000000 -11.542978 281.888626 284.222748   0.055332   0.202191 284.076527   0.200769
   112  34.412445 299.225240 -29.471376 -22.648507   6.645465   6.645465   0.000000   0.000000 -16.338859 281.049145 284.065050   0.055541   0.202190 283.386379   0.200771
   113  21.307016 297.662102 -37.353882 -23.643421   3.946158   3.946158   0.000000   0.000000 -21.111340 280.257949 283.897969   0.055764   0.202189 282.729474   0.200774
   114  11.038830 296.040521 -43.293778 -24.468809   1.852308   1.852308   0.000000   0.000000 -25.480146 279.571856 283.725021   0.055997   0.202189 282.149088   0.200776
   115   4.394781 294.368854 -46.920344 -25.113951   0.331044   0.331044   0.000000   0.000000 -29.072152 279.049350 283.551002   0.056238   0.202189 281.690490   0.200777
   116   1.461158 292.651489 -48.428444 -25.553872  -0.653384  -0.653384   0.000000   0.000000 -31.511560 278.715396 283.380929   0.056483   0.202189 281.375114   0.200777
   117   0.000000 290.913972 -49.689299 -25.856349  -1.174043  -1.174043   0.000000   0.000000 -32.658732 278.486850 283.216983   0.056731   0.202189 281.139642   0.200776
   118   0.000000 289.188589 -50.275710 -26.076078  -1.470554  -1.470554   0.000000   0.000000 -33.110926 278.344656 283.060642   0.056981   0.202190 280.969961   0.200774
   119   0.000000 287.485729 -51.252403 -26.202620  -1.596997  -1.596997   0.000000   0.000000 -33.011900 278.221404 282.911394   0.057231   0.202190 280.813821   0.200772
   120   0.000000 285.819186 -52.284635 -26.256700  -1.697029  -1.697029   0.000000   0.000000 -32.829934 278.101331 282.768408   0.057482   0.202190 280.660173   0.200769
   121   0.000000 284.198251 -53.288449 -26.271483  -1.801701  -1.801701   0.000000   0.000000 -32.669538 277.982436 282.630941   0.057733   0.202190 280.508103   0.200765
   122   0.000000 282.625476 -54.251847 -26.258319  -1.912868  -1.912868   0.000000   0.000000 -32.539535 277.864795 282.498377   0.057984   0.202190 280.357912   0.200761
   123   0.000000 281.100064 -55.175940 -26.221636  -2.028486  -2.028486   0.000000   0.000000 -32.435076 277.748539 282.370204   0.058236   0.202191 280.210127   0.200756
   124   0.000000 279.623621 -56.059768 -26.178065  -2.146983  -2.146983   0.000000   0.000000 -32.351655 277.634595 282.246016   0.058488   0.202191 280.065868   0.200751
   125   0.000000 278.198011 -56.905862 -26.139628  -2.265247  -2.265247   0.000000   0.000000 -32.279944 277.523897 282.125497   0.058742   0.202191 279.925901   0.200746
   126   0.000000 276.821557 -57.720197 -26.103360  -2.380183  -2.380183   0.000000   0.000000 -32.211200 277.416448 282.008381   0.058995   0.202191 279.790098   0.200741
   127   0.000000 275.492723 -58.504221 -26.065736  -2.490946  -2.490946   0.000000   0.000000 -32.143533 277.311969 281.894433   0.059250   0.202192 279.658103   0.200735
   128   0.000000 274.210090 -59.257948 -26.022839  -2.597434  -2.597434   0.000000   0.000000 -32.077250 277.210088 281.783441   0.059505   0.202192 279.529522   0.200729
   129   0.000000 272.972009 -59.981195 -25.971993  -2.699927  -2.699927   0.000000   0.000000 -32.013465 277.110468 281.675212   0.059761   0.202192 279.404140   0.200723
   130   0.000000 271.777948 -60.672843 -25.917161  -2.798956  -2.798956   0.000000   0.000000 -31.953209 277.013171 281.569581   0.060017   0.202193 279.282138   0.200717
   131   0.000000 270.628241 -61.332840 -25.863821  -2.894258  -2.894258   0.000000   0.000000 -31.894876 276.918505 281.466414   0.060274   0.202193 279.163776   0.200710
   132   0.000000 269.521782 -61.963658 -25.811175  -2.984888  -2.984888   0.000000   0.000000 -31.835362 276.826481 281.365591   0.060531   0.202193 279.048986   0.200704
   133   0.000000 268.456960 -62.566867 -25.757160  -3.070592  -3.070592   0.000000   0.000000 -31.773768 276.736930 281.267003   0.060790   0.202194 278.937569   0.200697
   134   0.000000 267.432501 -63.142882 -25.701123  -3.151623  -3.151623   0.000000   0.000000 -31.710513 276.649709 281.170549   0.061048   0.202194 278.829395   0.200690
   135   0.000000 266.447016 -63.692353 -25.643772  -3.228279  -3.228279   0.000000   0.000000 -31.645881 276.564752 281.076139   0.061308   0.202195 278.724435   0.200683
   136   0.000000 265.499849 -64.215572 -25.587876  -3.300802  -3.300802   0.000000   0.000000 -31.579707 276.482149 280.983692   0.061568   0.202195 278.622745   0.200676
   137   0.000000 264.589671 -64.714219 -25.533264  -3.368978  -3.368978   0.000000   0.000000 -31.510805 276.401873 280.893138   0.061828   0.202195 278.524244   0.200669
   138   0.000000 263.714820 -65.189758 -25.478974  -3.432847  -3.432847   0.000000   0.000000 -31.438852 276.323810 280.804408   0.062089   0.202196 278.428792   0.200662
   139   0.000000 262.873816 -65.643056 -25.425287  -3.492733  -3.492733   0.000000   0.000000 -31.364192 276.247875 280.717440   0.062351   0.202196 278.336296   0.200654
   140   0.000000 262.065342 -66.074981 -25.373093  -3.548914  -3.548914   0.000000   0.000000 -31.286955 276.174037 280.632176   0.062613   0.202197 278.246692   0.200647
   141   0.000000 261.287946 -66.486765 -25.322561  -3.601527  -3.601527   0.000000   0.000000 -31.206967 276.102241 280.548560   0.062876   0.202197 278.159881   0.200640
   142   0.000000 260.540013 -66.879697 -25.273280  -3.650735  -3.650735   0.000000   0.000000 -31.124234 276.032389 280.466542   0.063139   0.202197 278.075732   0.200632
   143   0.000000 259.819951 -67.254848 -25.225295  -3.696816  -3.696816   0.000000   0.000000 -31.039071 275.964390 280.386071   0.063402   0.202198 277.994125   0.200625
   144   0.000000 259.126357 -67.613141 -25.178953  -3.740043  -3.740043   0.000000   0.000000 -30.951766 275.898177 280.307100   0.063666   0.202198 277.914949   0.200617
   145   0.000000 258.457595 -67.955828 -25.135250  -3.780690  -3.780690   0.000000   0.000000 -30.862460 275.833713 280.229585   0.063931   0.202199 277.838127   0.200610
   146   0.000000 257.812029 -68.284311 -25.093055  -3.818811  -3.818811   0.000000   0.000000 -30.771105 275.770874 280.153483   0.064196   0.202199 277.763490   0.200602
   147   0.000000 257.188141 -68.599471 -25.051839  -3.854675  -3.854675   0.000000   0.000000 -30.678261 275.709532 280.078749   0.064462   0.202200 277.690875   0.200594
   148   0.000000 256.584526 -68.902067 -25.011299  -3.888554  -3.888554   0.000000   0.000000 -30.584518 275.649572 280.005340   0.064728   0.202200 277.620128   0.200586
   149   0.000000 255.999728 -69.192964 -24.970952  -3.920666  -3.920666   0.000000   0.000000 -30.490380 275.590872 279.933214   0.064994   0.202201 277.551095   0.200579
   150   0.000000 255.432437 -69.472865 -24.930599  -3.951247  -3.951247   0.000000   0.000000 -30.396394 275.533326 279.862328   0.065261   0.202201 277.483634   0.200571
   151   0.000000 254.881315 -69.742566 -24.889790  -3.980466  -3.980466   0.000000   0.000000 -30.303008 275.472729 279.792523   0.065528   0.202202 277.414789   0.200563
   152   0.000000 254.345140 -69.983899 -24.869877  -3.918212  -3.918212   0.000000   0.000000 -30.238558 275.408708 279.723647   0.065795   0.202202 277.344313   0.200555
   153   0.000000 253.820941 -70.198068 -24.874043  -3.785673  -3.785673   0.000000   0.000000 -30.204572 275.344901 279.655665   0.066061   0.202203 277.274564   0.200547
   154   0.000000 253.305176 -70.405238 -24.881238  -3.665241  -3.665241   0.000000   0.000000 -30.175348 275.281870 279.588557   0.066325   0.202203 277.205680   0.200539
   155   0.000000 252.796224 -70.609569 -24.884643  -3.549183  -3.549183   0.000000   0.000000 -30.146810 275.219497 279.522302   0.066589   0.202203 277.137457   0.200531
   156   0.000000 252.293619 -70.810963 -24.883116  -3.438033  -3.438033   0.000000   0.000000 -30.119632 275.157653 279.456875   0.066851   0.202204 277.069768   0.200523
   157   0.000000 251.797097 -71.009067 -24.876628  -3.331790  -3.331790   0.000000   0.000000 -30.094558 275.096253 279.392249   0.067112   0.202204 277.002541   0.200515
   158   0.000000 251.306460 -71.203694 -24.865330  -3.230394  -3.230394   0.000000   0.000000 -30.071974 275.035250 279.328398   0.067372   0.202205 276.935728   0.200506
   159   0.000000 250.821509 -71.394808 -24.849252  -3.133717  -3.133717   0.000000   0.000000 -30.052036 274.974605 279.265295   0.067632   0.202205 276.869293   0.200498
   160   0.000000 250.342094 -71.582374 -24.828495  -3.041626  -3.041626   0.000000   0.000000 -30.034830 274.914288 279.202913   0.067890   0.202205 276.803210   0.200490
   161   0.000000 249.868088 -71.766378 -24.803144  -2.953969  -2.953969   0.000000   0.000000 -30.020375 274.854276 279.141228   0.068147   0.202206 276.737455   0.200481
   162   0.000000 249.399410 -71.946790 -24.773353  -2.870593  -2.870593   0.000000   0.000000 -30.008662 274.794553 279.080215   0.068403   0.202206 276.672017   0.200473
   163   0.000000 248.936001 -72.123587 -24.739273  -2.791329  -2.791329   0.000000   0.000000 -29.999636 274.735106 279.019851   0.068658   0.202206 276.606886   0.200465
   164   0.000000 248.477841 -72.296730 -24.701108  -2.716005  -2.716005   0.000000   0.000000 -29.993219 274.675929 278.960115   0.068913   0.202207 276.542059   0.200456
   165   0.000000 248.024924 -72.466194 -24.659062  -2.644438  -2.644438   0.000000   0.000000 -29.989300 274.617019 278.900983   0.069166   0.202207 276.477540   0.200448
   166   0.000000 247.577275 -72.631939 -24.613382  -2.576442  -2.576442   0.000000   0.000000 -29.987751 274.558378 278.842438   0.069419   0.202207 276.413335   0.200439
   167   0.000000 247.134925 -72.793943 -24.564301  -2.511823  -2.511823   0.000000   0.000000 -29.988419 274.500011 278.784460   0.069671   0.202208 276.349454   0.200431
   168   0.000000 246.697928 -72.952169 -24.512097  -2.450390  -2.450390   0.000000   0.000000 -29.991144 274.441925 278.727031   0.069922   0.202208 276.285910   0.200423
   169   0.000000 246.266329 -73.106607 -24.457013  -2.391946  -2.391946   0.000000   0.000000 -29.995746 274.384129 278.670136   0.070173   0.202208 276.222717   0.200414
   170   0.000000 245.840200 -73.257229 -24.399345  -2.336302  -2.336302   0.000000   0.000000 -30.002046 274.326636 278.613758   0.070422   0.202208 276.159893   0.200406
   171   0.000000 245.419584 -73.404043 -24.339328  -2.283265  -2.283265   0.000000   0.000000 -30.009854 274.269458 278.557885   0.070671   0.202209 276.097454   0.200397
   172   0.000000 245.004552 -73.547030 -24.277260  -2.232657  -2.232657   0.000000   0.000000 -30.018990 274.212607 278.502502   0.070919   0.202209 276.035419   0.200389
   173   0.000000 244.595132 -73.686225 -24.213346  -2.184296  -2.184296   0.000000   0.000000 -30.029263 274.156097 278.447598   0.071167   0.202209 275.973803   0.200381
   174   0.000000 244.191387 -73.821616 -24.147877  -2.138019  -2.138019   0.000000   0.000000 -30.040506 274.099940 278.393160   0.071413   0.202210 275.912625   0.200372
   175   0.000000 243.793313 -73.953270 -24.081005  -2.093664  -2.093664   0.000000   0.000000 -30.052539 274.044148 278.339180   0.071659   0.202210 275.851897   0.200364
   176   0.000000 243.400960 -74.081175 -24.013012  -2.051090  -2.051090   0.000000   0.000000 -30.065224 273.988732 278.285646   0.071905   0.202210 275.791634   0.200355
   177   0.000000 243.014285 -74.205434 -23.943985  -2.010154  -2.010154   0.000000   0.000000 -30.078399 273.933698 278.232550   0.072150   0.202210 275.731844   0.200347
   178   0.000000 242.633321 -74.326034 -23.874204  -1.970744  -1.970744   0.000000   0.000000 -30.091960 273.879059 278.179883   0.072394   0.202211 275.672540   0.200338
   179   0.000000 242.257979 -74.443112 -23.803675  -1.932732  -1.932732   0.000000   0.000000 -30.105766 273.824814 278.127636   0.072637   0.202211 275.613723   0.200330
   180   0.000000 241.888284 -74.556644 -23.732693  -1.896038  -1.896038   0.000000   0.000000 -30.119754 273.770975 278.075803   0.072880   0.202211 275.555404   0.200322
   181   0.000000 241.524090 -74.666813 -23.657677  -1.860440  -1.860440   0.000000   0.000000 -30.133800 273.717404 278.024373   0.073123   0.202211 275.497433   0.200313
   182   0.000000 241.165683 -74.772722 -23.581805  -1.826349  -1.826349   0.000000   0.000000 -30.148783 273.664158 277.973335   0.073364   0.202211 275.439878   0.200305
   183   0.000000 240.812719 -74.874962 -23.504666  -1.793459  -1.793459   0.000000   0.000000 -30.164239 273.611239 277.922682   0.073606   0.202212 275.382727   0.200296
   184   0.000000 240.465137 -74.973594 -23.426575  -1.761734  -1.761734   0.000000   0.000000 -30.180100 273.558656 277.872406   0.073846   0.202212 275.325987   0.200288
   185   0.000000 240.122585 -75.068995 -23.347156  -1.731075  -1.731075   0.000000   0.000000 -30.196254 273.506386 277.822500   0.074086   0.202212 275.269627   0.200280
   186   0.000000 239.785076 -75.161051 -23.266957  -1.701507  -1.701507   0.000000   0.000000 -30.212797 273.454437 277.772954   0.074326   0.202212 275.213656   0.200271
   187   0.000000 239.452205 -75.250189 -23.185435  -1.672925  -1.672925   0.000000   0.000000 -30.229623 273.402780 277.723763   0.074564   0.202212 275.158036   0.200263
   188   0.000000 239.124051 -75.336196 -23.103299  -1.645386  -1.645386   0.000000   0.000000 -30.246884 273.351425 277.674918   0.074803   0.202213 275.102778   0.200255
   189   0.000000 238.800125 -75.419595 -23.019759  -1.618765  -1.618765   0.000000   0.000000 -30.264448 273.300336 277.626412   0.075041   0.202213 275.047835   0.200246
   190   0.000000 238.480595 -75.500046 -22.935756  -1.593158  -1.593158   0.000000   0.000000 -30.282534 273.249528 277.578237   0.075278   0.202213 274.993226   0.200238
   191   0.000000 238.164865 -75.578206 -22.850182  -1.568409  -1.568409   0.000000   0.000000 -30.300967 273.198951 277.530387   0.075515   0.202213 274.938889   0.200230
   192   0.000000 237.853221 -75.653567 -22.764305  -1.544666  -1.544666   0.000000   0.000000 -30.320047 273.149948 277.482890   0.075751   0.202213 274.885695   0.200221
   193   0.000000 237.544923 -75.732860 -22.664697  -1.555084  -1.555084   0.000000   0.000000 -30.330596 273.100832 277.435726   0.075987   0.202214 274.832506   0.200213
   194   0.000000 237.241282 -75.807253 -22.568264  -1.549724  -1.549724   0.000000   0.000000 -30.344261 273.051939 277.388887   0.076223   0.202214 274.779650   0.200205
   195   0.000000 236.941220 -75.879289 -22.471237  -1.546634  -1.546634   0.000000   0.000000 -30.358636 273.003267 277.342363   0.076459   0.202214 274.727057   0.200196
   196   0.000000 236.645151 -75.948560 -22.374557  -1.544215  -1.544215   0.000000   0.000000 -30.373670 272.954859 277.296147   0.076695   0.202214 274.674771   0.200188
   197   0.000000 236.351847 -76.016445 -22.275436  -1.542302  -1.542302   0.000000   0.000000 -30.389015 272.906600 277.250230   0.076931   0.202214 274.622651   0.200180
   198   0.000000 236.062212 -76.081554 -22.176952  -1.541342  -1.541342   0.000000   0.000000 -30.405410 272.858567 277.204605   0.077166   0.202215 274.570789   0.200172
   199   0.000000 235.774697 -76.145728 -22.075310  -1.540844  -1.540844   0.000000   0.000000 -30.422270 272.810615 277.159262   0.077402   0.202215 274.519008   0.200163
   200   0.000000 235.490591 -76.207075 -21.974643  -1.541416  -1.541416   0.000000   0.000000 -30.440530 272.762856 277.114194   0.077637   0.202215 274.467441   0.200155
   201   0.000000 235.207913 -76.268008 -21.869838  -1.542393  -1.542393   0.000000   0.000000 -30.459369 272.713222 277.069337   0.077873   0.202215 274.414657   0.200147
   202   0.000000 234.928447 -76.317572 -21.783694  -1.496650  -1.496650   0.000000   0.000000 -30.492807 272.664492 277.024711   0.078107   0.202215 274.362546   0.200139
   203   0.000000 234.648392 -76.371862 -21.684291  -1.483341  -1.483341   0.000000   0.000000 -30.521530 272.615743 276.980307   0.078341   0.202215 274.310238   0.200131
   204   0.000000 234.370594 -76.423991 -21.584028  -1.468488  -1.468488   0.000000   0.000000 -30.551950 272.567029 276.936119   0.078575   0.202216 274.257928   0.200122
   205   0.000000 234.092122 -76.477050 -21.476372  -1.454536  -1.454536   0.000000   0.000000 -30.583630 272.518058 276.892133   0.078808   0.202216 274.205264   0.200114
   206   0.000000 233.816210 -76.526594 -21.370719  -1.442510  -1.442510   0.000000   0.000000 -30.618523 272.469108 276.848342   0.079041   0.202216 274.152579   0.200106
   207   0.000000 233.538571 -76.578024 -21.255128  -1.430867  -1.430867   0.000000   0.000000 -30.654643 272.419761 276.804730   0.079273   0.202216 274.099356   0.200098
   208   0.000000 233.263448 -76.625369 -21.142013  -1.421509  -1.421509   0.000000   0.000000 -30.694784 272.370373 276.761291   0.079506   0.202216 274.046024   0.200089
   209   0.000000 232.985294 -76.675589 -21.015971  -1.412422  -1.412422  -0.000000  -0.000000 -30.736423 272.320402 276.718002   0.079738   0.202216 273.991917   0.200081
   210   0.000000 232.709627 -76.720924 -20.893188  -1.406093  -1.406093  -0.000000  -0.000000 -30.783205 272.270313 276.674859   0.079969   0.202217 273.937603   0.200073
   211   0.000000 232.429417 -76.770266 -20.754338  -1.399917  -1.399917  -0.000000  -0.000000 -30.831829 272.219431 276.631837   0.080201   0.202217 273.882260   0.200065
   212   0.000000 232.151790 -76.813709 -20.620397  -1.397027  -1.397027  -0.000000  -0.000000 -30.886839 272.168379 276.588928   0.080432   0.202217 273.826659   0.200057
   213   0.000000 231.868104 -76.862398 -20.467977  -1.394055  -1.394055  -0.000000  -0.000000 -30.943847 272.116360 276.546107   0.080663   0.202217 273.769837   0.200049
   214   0.000000 231.587440 -76.904000 -20.323702  -1.394780  -1.394780  -0.000000  -0.000000 -31.008224 272.064205 276.503370   0.080894   0.202217 273.712832   0.200040
   215   0.000000 231.299518 -76.952167 -20.160059  -1.394907  -1.394907  -0.000000  -0.000000 -31.074154 272.011016 276.460689   0.081126   0.202217 273.654554   0.200032
   216   0.000000 231.015532 -76.992076 -20.009221  -1.398819  -1.398819  -0.000000  -0.000000 -31.147710 272.022976 276.419918   0.081357   0.202218 273.638354   0.200024
   217   0.000000 230.723632 -77.328176 -19.275883  -1.191800  -1.191800  -0.000000  -0.000000 -30.778588 271.991078 276.379619   0.081583   0.202218 273.592341   0.200016
   218   0.000000 230.477007 -77.426182 -18.968801  -1.290565  -1.290565  -0.000000  -0.000000 -30.719784 271.955443 276.339658   0.081811   0.202218 273.548031   0.200008
   219   0.000000 230.237837 -77.500471 -18.744381  -1.393420  -1.393420  -0.000000  -0.000000 -30.689501 271.920239 276.300031   0.082042   0.202218 273.504819   0.200000
   220   0.000000 230.006302 -77.569320 -18.540434  -1.486156  -1.486156  -0.000000  -0.000000 -30.658543 271.885378 276.260733   0.082275   0.202218 273.462467   0.199992
   221   0.000000 229.768833 -77.645505 -18.329176  -1.570717  -1.570717  -0.000000  -0.000000 -30.627484 271.849778 276.221728   0.082509   0.202218 273.419452   0.199984
   222   0.000000 229.540442 -77.709677 -18.147204  -1.652545  -1.652545  -0.000000  -0.000000 -30.603653 271.814552 276.183016   0.082745   0.202219 273.377431   0.199976
   223   0.000000 229.305968 -77.781465 -17.957653  -1.728228  -1.728228  -0.000000  -0.000000 -30.579247 271.778759 276.144568   0.082983   0.202219 273.334831   0.199968
   224   0.000000 229.080795 -77.841785 -17.795279  -1.801963  -1.801963  -0.000000  -0.000000 -30.560666 271.743466 276.106390   0.083223   0.202219 273.293341   0.199960
   225   0.000000 228.849624 -77.910196 -17.624749  -1.870360  -1.870360  -0.000000  -0.000000 -30.540466 271.707749 276.068458   0.083464   0.202219 273.251334   0.199952
   226   0.000000 228.627745 -77.967780 -17.478634  -1.937098  -1.937098  -0.000000  -0.000000 -30.524967 271.672570 276.030781   0.083707   0.202220 273.210475   0.199944
   227   0.000000 228.400135 -78.033363 -17.324671  -1.999211  -1.999211  -0.000000  -0.000000 -30.507472 271.637072 275.993338   0.083952   0.202220 273.169146   0.199937
   228   0.000000 228.181659 -78.088734 -17.192478  -2.059803  -2.059803  -0.000000  -0.000000 -30.493863 271.602110 275.956138   0.084197   0.202220 273.128959   0.199929
   229   0.000000 227.957740 -78.151810 -17.052924  -2.116397  -2.116397  -0.000000  -0.000000 -30.478196 271.566901 275.919163   0.084445   0.202220 273.088334   0.199921
   230   0.000000 227.742713 -78.205233 -16.932856  -2.171567  -2.171567  -0.000000  -0.000000 -30.465837 271.532208 275.882421   0.084694   0.202221 273.048823   0.199913
   231   0.000000 227.522495 -78.266025 -16.805826  -2.223277  -2.223277  -0.000000  -0.000000 -30.451491 271.497319 275.845897   0.084944   0.202221 273.008894   0.199905
   232   0.000000 227.310893 -78.317653 -16.696436  -2.273665  -2.273665  -0.000000  -0.000000 -30.440050 271.462922 275.809598   0.085195   0.202221 272.970042   0.199898
   233   0.000000 227.094308 -78.376340 -16.580340  -2.321039  -2.321039  -0.000000  -0.000000 -30.426733 271.428361 275.773509   0.085448   0.202221 272.930786   0.199890
   234   0.000000 226.886062 -78.426277 -16.480463  -2.367202  -2.367202  -0.000000  -0.000000 -30.416037 271.394272 275.737637   0.085702   0.202222 272.892569   0.199882
   235   0.000000 226.673000 -78.483015 -16.373980  -2.410713  -2.410713  -0.000000  -0.000000 -30.403560 271.360041 275.701970   0.085958   0.202222 272.853959   0.199875
   236   0.000000 226.468021 -78.531347 -16.282656  -2.453135  -2.453135  -0.000000  -0.000000 -30.393505 271.326265 275.666512   0.086214   0.202222 272.816352   0.199867
   237   0.000000 226.258357 -78.586279 -16.184678  -2.493192  -2.493192  -0.000000  -0.000000 -30.381734 271.292360 275.631253   0.086472   0.202223 272.778360   0.199859
   238   0.000000 226.056545 -78.633086 -16.101082  -2.532288  -2.532288  -0.000000  -0.000000 -30.372248 271.258899 275.596196   0.086732   0.202223 272.741338   0.199851
   239   0.000000 225.850151 -78.686337 -16.010690  -2.569247  -2.569247  -0.000000  -0.000000 -30.361084 271.225317 275.561332   0.086992   0.202223 272.703936   0.199844
   240   0.000000 225.651406 -78.731696 -15.934126  -2.605376  -2.605376  -0.000000  -0.000000 -30.352107 271.192170 275.526665   0.087253   0.202223 272.667478   0.199836
   241   0.000000 225.448167 -78.783377 -15.850567  -2.639548  -2.639548  -0.000000  -0.000000 -30.341466 271.158907 275.492184   0.087516   0.202224 272.630643   0.199828
   242   0.000000 225.252400 -78.827354 -15.780452  -2.673018  -2.673018  -0.000000  -0.000000 -30.332939 271.126075 275.457895   0.087780   0.202224 272.594730   0.199821
   243   0.000000 225.052210 -78.877566 -15.703094  -2.704671  -2.704671  -0.000000  -0.000000 -30.322738 271.093130 275.423786   0.088045   0.202224 272.558445   0.199813
   244   0.000000 224.859344 -78.920228 -15.638924  -2.735748  -2.735748  -0.000000  -0.000000 -30.314598 271.060614 275.389865   0.088311   0.202225 272.523063   0.199805
   245   0.000000 224.662113 -78.969059 -15.567228  -2.765116  -2.765116  -0.000000  -0.000000 -30.304756 271.027985 275.356119   0.088578   0.202225 272.487311   0.199798
   246   0.000000 224.472080 -79.010463 -15.508572  -2.794031  -2.794031  -0.000000  -0.000000 -30.296938 270.995786 275.322555   0.088847   0.202225 272.452446   0.199790
   247   0.000000 224.277731 -79.057991 -15.442089  -2.821319  -2.821319  -0.000000  -0.000000 -30.287378 270.963474 275.289162   0.089116   0.202226 272.417214   0.199782
   248   0.000000 224.090476 -79.098189 -15.388579  -2.848273  -2.848273  -0.000000  -0.000000 -30.279815 270.931596 275.255947   0.089387   0.202226 272.382858   0.199775
   249   0.000000 223.898945 -79.144483 -15.326927  -2.873662  -2.873662  -0.000000  -0.000000 -30.270457 270.899602 275.222898   0.089658   0.202226 272.348138   0.199767
   250   0.000000 223.714426 -79.183521 -15.278250  -2.898830  -2.898830  -0.000000  -0.000000 -30.263077 270.868046 275.190024   0.089931   0.202227 272.314284   0.199760
   251   0.000000 223.525661 -79.228643 -15.221096  -2.922478  -2.922478  -0.000000  -0.000000 -30.253842 270.836373 275.157312   0.090204   0.202227 272.280067   0.199752
   252   0.000000 223.343844 -79.266560 -15.176980  -2.946015  -2.946015  -0.000000  -0.000000 -30.246572 270.805145 275.124771   0.090479   0.202227 272.246710   0.199744
   253   0.000000 223.157804 -79.310564 -15.114411  -2.967303  -2.967303  -0.000000  -0.000000 -30.237380 270.773350 275.092376   0.090755   0.202228 272.212476   0.199737
   254   0.000000 222.979332 -79.344801 -15.064102  -2.989460  -2.989460  -0.000000  -0.000000 -30.233181 270.741682 275.060127   0.091032   0.202228 272.178747   0.199729
   255   0.000000 222.796905 -79.383476 -15.003134  -3.010612  -3.010612  -0.000000  -0.000000 -30.229119 270.709601 275.028009   0.091309   0.202229 272.144318   0.199721
   256   0.000000 222.621252 -79.413827 -14.953455  -3.032165  -3.032165  -0.000000  -0.000000 -30.228855 270.677687 274.996021   0.091588   0.202229 272.110388   0.199714
   257   0.000000 222.441100 -79.449320 -14.892387  -3.052546  -3.052546  -0.000000  -0.000000 -30.228343 270.645347 274.964150   0.091868   0.202229 272.075731   0.199706
   258   0.000000 222.267215 -79.476927 -14.842525  -3.073374  -3.073374  -0.000000  -0.000000 -30.231620 270.613159 274.932396   0.092149   0.202230 272.041541   0.199699
   259   0.000000 222.088544 -79.509891 -14.781240  -3.093046  -3.093046  -0.000000  -0.000000 -30.234656 270.580533 274.900745   0.092431   0.202230 272.006612   0.199691
   260   0.000000 221.915734 -79.535306 -14.731063  -3.113210  -3.113210  -0.000000  -0.000000 -30.241482 270.548045 274.869199   0.092714   0.202230 271.972121   0.199684
   261   0.000000 221.737983 -79.566170 -14.669595  -3.132243  -3.132243  -0.000000  -0.000000 -30.248076 270.515113 274.837743   0.092998   0.202231 271.936888   0.199676
   262   0.000000 221.565733 -79.589813 -14.619013  -3.151785  -3.151785  -0.000000  -0.000000 -30.258416 270.482305 274.806382   0.093284   0.202231 271.902069   0.199668
   263   0.000000 221.388482 -79.618904 -14.557415  -3.170225  -3.170225  -0.000000  -0.000000 -30.268536 270.449054 274.775100   0.093570   0.202232 271.866514   0.199661
   264   0.000000 221.216391 -79.641111 -14.506368  -3.189169  -3.189169  -0.000000  -0.000000 -30.282318 270.415915 274.743900   0.093857   0.202232 271.831346   0.199653
   265   0.000000 221.039313 -79.668692 -14.444701  -3.207046  -3.207046  -0.000000  -0.000000 -30.295901 270.382338 274.712771   0.094146   0.202232 271.795455   0.199646
   266   0.000000 220.867064 -79.689741 -14.393151  -3.225403  -3.225403  -0.000000  -0.000000 -30.313032 270.348857 274.681714   0.094435   0.202233 271.759927   0.199638
   267   0.000000 220.689898 -79.716035 -14.331475  -3.242737  -3.242737  -0.000000  -0.000000 -30.329996 270.314950 274.650717   0.094726   0.202233 271.723693   0.199631
   268   0.000000 220.517234 -79.736159 -14.279408  -3.260512  -3.260512  -0.000000  -0.000000 -30.350370 270.281124 274.619784   0.095018   0.202233 271.687795   0.199623
   269   0.000000 220.339767 -79.761353 -14.217782  -3.277312  -3.277312  -0.000000  -0.000000 -30.370617 270.246885 274.588902   0.095310   0.202234 271.651215   0.199616
   270   0.000000 220.166480 -79.780751 -14.165199  -3.294504  -3.294504  -0.000000  -0.000000 -30.394121 270.212712 274.558075   0.095604   0.202234 271.614945   0.199608
   271   0.000000 219.988539 -79.805008 -14.103683  -3.310774  -3.310774  -0.000000  -0.000000 -30.417546 270.178141 274.527293   0.095899   0.202235 271.578017   0.199601
   272   0.000000 219.814462 -79.823850 -14.050606  -3.327379  -3.327379  -0.000000  -0.000000 -30.444060 270.143622 274.496557   0.096196   0.202235 271.541373   0.199593
   273   0.000000 219.635907 -79.847313 -13.989259  -3.343118  -3.343118  -0.000000   0.000000 -30.470547 270.108723 274.465858   0.096493   0.202235 271.504100   0.199586
   274   0.000000 219.460904 -79.865744 -13.935727  -3.359131  -3.359131  -0.000000   0.000000 -30.499947 270.073860 274.435199   0.096791   0.202236 271.467087   0.199578
   275   0.000000 219.281623 -79.888539 -13.874611  -3.374334  -3.374334  -0.000000   0.000000 -30.529373 270.038638 274.404571   0.097091   0.202236 271.429474   0.199571
   276   1.317010 219.105592 -78.853076 -13.820680  -3.389747  -3.389747  -0.000000   0.000000 -30.561529 270.036435 274.374913   0.097392   0.202237 271.414423   0.199563
   277   3.893697 218.925496 -76.956876 -13.486376  -3.314990  -3.314990  -0.000000   0.000000 -30.369348 270.072891 274.347228   0.097690   0.202237 271.424190   0.199556
   278  10.102851 218.767083 -72.301163 -12.828267  -3.135421  -3.135421  -0.000000   0.000000 -29.920356 270.206886 274.324090   0.097982   0.202237 271.499414   0.199548
   279  20.000069 218.648059 -65.079935 -11.277722  -2.680156  -2.680156  -0.000000   0.000000 -28.820428 270.442974 274.307945   0.098257   0.202238 271.640531   0.199540
   280  32.829486 218.635721 -55.854313  -8.613902  -1.905940  -1.905940  -0.000000   0.000000 -27.054798 270.748794 274.300087   0.098503   0.202238 271.828188   0.199532
   281  47.794156 218.800299 -45.055910  -4.984687  -0.876222  -0.876222  -0.000000   0.000000 -24.859054 271.090503 274.300752   0.098709   0.202238 272.045189   0.199523
   282  64.276100 219.206783 -32.970821  -0.791932   0.315258   0.315258   0.000000  -0.000000 -22.471741 271.450257 274.309682   0.098868   0.202238 272.286916   0.199514
   283  81.831369 219.864040 -19.868875   3.520410   1.590500   1.590500   0.000000   0.000000 -20.015980 271.836922 274.326938   0.098978   0.202238 272.585611   0.199504
   284 100.144444 223.428665  -3.465734  -2.963401   2.532584   2.532584   0.000000   0.000000 -17.430113 272.632794 274.363470   0.099051   0.202238 273.317614   0.199494
   285 118.988397 223.650203   8.291942  11.803204   5.786863   5.786863   0.000000   0.000000 -12.114728 272.947625 274.403798   0.098998   0.202237 273.533178   0.199482
   286 138.196710 229.451671  27.880111  -4.619326   6.091882   6.091882   0.000000   0.000000 -10.193210 274.101274 274.471682   0.098935   0.202236 274.675552   0.199470
   287 157.644396 229.474070  38.266543  18.563723  10.872396  10.872396   0.000000   0.000000  -2.592859 274.302930 274.537459   0.098693   0.202235 274.796395   0.199457
   288 177.235471 235.266430  58.643424  -0.886143  10.761967  10.761967   0.000000   0.000000  -1.641708 276.337947 274.653901   0.098460   0.202234 276.237569   0.199444
   289 196.894559 235.530930  65.284369  44.335733  20.144172  20.144172   0.000000   0.000000  11.788320 276.656297 274.767243   0.097887   0.202231 276.348176   0.199425
   290 216.561202 241.648025  85.470905  25.521768  19.753625  19.753625   0.000000   0.000000  13.223374 277.897841 274.904693   0.097347   0.202229 277.543010   0.199409
   291 236.185933 244.302711  97.923389  46.303825  23.822456  23.822456   0.000000   0.000000  20.952031 278.593338 275.048726   0.096683   0.202226 278.086086   0.199391
   292 255.727512 248.659441 114.486789  43.135824  24.126821  24.126821   0.000000   0.000000  24.812287 279.625231 275.208830   0.096034   0.202223 278.944873   0.199375
   293 275.150966 252.508768 128.823677  52.645365  26.709689  26.709689   0.000000   0.000000  30.914802 280.532660 275.380358   0.095327   0.202220 279.693397   0.199358
   294 294.426160 256.599330 143.825894  57.775456  28.176595  28.176595   0.000000   0.000000  36.066117 281.482348 275.563917   0.094603   0.202216 280.476864   0.199341
   295 313.526752 260.739346 158.486349  64.415301  29.680490  29.680490   0.000000   0.000000  41.429021 282.423156 275.758594   0.093866   0.202213 281.257286   0.199324
   296 332.429413 264.930858 173.035261  71.049093  30.886928  30.886928   0.000000   0.000000  46.651931 283.293695 275.961829   0.093128   0.202209 282.025493   0.199307
   297 351.113240 268.985088 187.580930  76.717641  34.497498  34.497498   0.000000   0.000000  51.323066 284.101387 276.171534   0.092322   0.202205 282.755111   0.199289
   298 369.559306 272.743176 201.926130  82.382660  39.303829  39.303829   0.000000   0.000000  55.508968 284.858371 276.386171   0.091425   0.202200 283.425846   0.199269
   299 387.750314 276.183910 215.982605  88.457197  43.962900  43.962900   0.000000   0.000000  59.305401 285.562997 276.604287   0.090455   0.202195 284.035973   0.199247
   300 405.670333 279.341406 229.785155  94.629383  48.465661  48.465661   0.000000   0.000000  62.710965 286.221370 276.824722   0.089426   0.202189 284.592816   0.199224
   301 423.304579 282.246123 243.325808 100.867820  52.834199  52.834199   0.000000   0.000000  65.776535 286.838389 277.046538   0.088353   0.202183 285.102651   0.199200
   302 440.639258 284.929610 256.603521 107.107183  57.077673  57.077673   0.000000   0.000000  68.542955 287.419069 277.268999   0.087249   0.202176 285.571658   0.199175
   303 457.661424 287.419365 269.612475 113.319671  61.208746  61.208746   0.000000   0.000000  71.050489 287.967608 277.491525   0.086124   0.202169 286.005096   0.199149
   304 474.358880 289.739687 282.347797 119.475515  65.237139  65.237139   0.000000   0.000000  73.332581 288.487676 277.713664   0.084988   0.202161 286.407520   0.199123
   305 490.720087 291.910750 294.803269 125.556706  69.171991  69.171991   0.000000   0.000000  75.418087 288.982281 277.935058   0.083847   0.202153 286.782675   0.199096
   306 506.734093 293.949442 306.972929 131.547440  73.020305  73.020305   0.000000   0.000000  77.330559 289.453902 278.155423   0.082709   0.202144 287.133670   0.199068
   307 522.390484 295.870291 318.851332 137.431611  76.787373  76.787373   0.000000   0.000000  79.089351 289.904647 278.374534   0.081579   0.202135 287.463154   0.199040
   308 537.679328 297.685633 330.432965 143.195649  80.477517  80.477517   0.000000   0.000000  80.710794 290.336293 278.592208   0.080460   0.202125 287.773361   0.199012
   309 552.591144 299.405773 341.712200 148.829105  84.094090  84.094090   0.000000   0.000000  82.208598 290.750307 278.808296   0.079357   0.202115 288.066156   0.198983
   310 567.116864 301.039364 352.683583 154.323129  87.639307  87.639307   0.000000   0.000000  83.594079 291.147901 279.022675   0.078272   0.202104 288.343105   0.198953
   311 581.247814 302.593763 363.341928 159.669801  91.114385  91.114385   0.000000   0.000000  84.876582 291.530082 279.235240   0.077207   0.202093 288.605539   0.198924
   312 600.525480 304.075341 378.122178 164.861708  94.519754  94.519754   0.000000   0.000000  86.063892 291.978666 279.448206   0.076163   0.202082 288.864066   0.198894
   313 613.863817 305.489652 387.714040 172.989649  98.779284  98.779284   0.000000   0.000000  87.713218 292.321069 279.658624   0.075131   0.202070 289.099437   0.198863
   314 626.782659 306.911574 397.550157 177.029483 101.911789 101.911789   0.000000   0.000000  88.637121 292.671840 279.867110   0.074126   0.202058 289.335399   0.198832
   315 639.274723 308.224059 406.885941 182.006798 105.230054 105.230054   0.000000   0.000000  89.633108 293.000762 280.073338   0.073144   0.202045 289.552475   0.198801
   316 651.333035 309.484796 415.938486 186.438787 108.369493 108.369493   0.000000   0.000000  90.491968 293.319039 280.277318   0.072189   0.202032 289.760050   0.198769
   317 662.950926 310.686948 424.634837 190.792099 111.456048 111.456048   0.000000   0.000000  91.292050 293.624341 280.478976   0.071258   0.202019 289.957042   0.198738
   318 674.122020 311.839273 432.991928 194.925922 114.453942 114.453942   0.000000   0.000000  92.017553 293.918089 280.678276   0.070353   0.202005 290.144926   0.198706
   319 684.840232 312.944001 440.999775 198.882260 117.374256 117.374256   0.000000   0.000000  92.678697 294.200366 280.875172   0.069473   0.201991 290.324121   0.198674
   320 695.099762 314.004371 448.656998 202.646557 120.211977 120.211977   0.000000   0.000000  93.276356 294.471541 281.069626   0.068617   0.201977 290.495215   0.198642
   321 704.895091 315.022707 455.959899 206.221454 122.966253 122.966253   0.000000   0.000000  93.813402 294.731817 281.261597   0.067787   0.201962 290.658641   0.198610
   322 714.220978 316.001194 462.905773 209.604338 125.634458 125.634458   0.000000   0.000000  94.291540 294.981396 281.451044   0.066980   0.201947 290.814812   0.198578
   323 723.072459 316.941752 469.491851 212.794233 128.214268 128.214268   0.000000   0.000000  94.712464 295.220445 281.637927   0.066197   0.201932 290.964094   0.198545
   324 731.444842 317.846146 475.715599 215.789728 130.703171 130.703171   0.000000   0.000000  95.077623 295.449117 281.822207   0.065437   0.201916 291.106826   0.198513
   325 739.333706 318.715989 481.574605 218.620310 133.102598 133.102598   0.000000   0.000000  95.388371 295.666933 282.003826   0.064700   0.201900 291.243362   0.198480
   326 746.734902 319.553943 487.071260 221.248572 135.400510 135.400510   0.000000   0.000000  95.641753 295.874373 282.182739   0.063984   0.201884 291.374187   0.198448
   327 753.644549 320.361101 492.201199 223.688100 137.599186 137.599186   0.000000   0.000000  95.841435 296.071488 282.358901   0.063291   0.201867 291.499528   0.198415
   328 760.059034 321.138952 496.963036 225.934593 139.695369 139.695369   0.000000   0.000000  95.988112 296.258424 282.532268   0.062618   0.201850 291.619674   0.198383
   329 765.975013 321.888739 501.354831 227.988960 141.687364 141.687364   0.000000   0.000000  96.083094 296.435276 282.702798   0.061966   0.201833 291.734871   0.198350
   330 771.389409 322.611667 505.375071 229.850559 143.573031 143.573031   0.000000   0.000000  96.127345 296.602138 282.870449   0.061334   0.201816 291.845356   0.198318
   331 776.299410 323.308845 509.022349 231.519326 145.350471 145.350471   0.000000   0.000000  96.121820 296.759094 283.035182   0.060721   0.201799 291.951347   0.198285
   332 780.702473 323.981314 512.295447 232.995127 147.017833 147.017833   0.000000   0.000000  96.067387 296.906221 283.196955   0.060128   0.201781 292.053052   0.198253
   333 784.596320 324.630045 515.193310 234.277951 148.573391 148.573391   0.000000   0.000000  95.964863 297.043589 283.355730   0.059553   0.201763 292.150660   0.198221
   334 787.978940 325.255943 517.715054 235.367833 150.015531 150.015531   0.000000   0.000000  95.815012 297.171263 283.511469   0.058996   0.201745 292.244351   0.198189
   335 790.848588 325.859850 519.859956 236.264865 151.342763 151.342763   0.000000   0.000000  95.618558 297.289304 283.664134   0.058457   0.201727 292.334288   0.198158
   336 793.203785 326.442551 521.627460 236.969181 152.553727 152.553727   0.000000   0.000000  95.376186 297.397768 283.813689   0.057935   0.201709 292.420626   0.198126
   337 795.043317 327.004772 523.017172 237.480945 153.647200 153.647200   0.000000   0.000000  95.088548 297.496708 283.960098   0.057430   0.201690 292.503505   0.198095
   338 796.366239 327.547186 524.028861 237.800342 154.622100 154.622100   0.000000   0.000000  94.756271 297.586176 284.103325   0.056941   0.201672 292.583053   0.198064
   339 797.171869 328.070414 524.662455 237.927568 155.477494 155.477494   0.000000   0.000000  94.379957 297.666219 284.243335   0.056467   0.201653 292.659389   0.198033
   340 797.459794 328.575025 524.918040 237.862823 156.212602 156.212602   0.000000   0.000000  93.960188 297.736885 284.380095   0.056010   0.201634 292.732617   0.198003
   341 797.229866 329.061538 524.795862 237.606301 156.826801 156.826801   0.000000   0.000000  93.497531 297.798220 284.513571   0.055567   0.201616 292.802832   0.197973
   342 796.482203 329.530422 524.296321 237.158188 157.319626 157.319626   0.000000   0.000000  92.992538 297.850268 284.643732   0.055139   0.201597 292.870118   0.197943
   343 795.217189 329.982100 523.419971 236.518656 157.690778 157.690778   0.000000   0.000000  92.445754 297.893074 284.770544   0.054726   0.201578 292.934545   0.197913
   344 793.435475 330.416945 522.167522 235.687862 157.940120 157.940120   0.000000   0.000000  91.857711 297.926683 284.893977   0.054326   0.201559 292.996174   0.197884
   345 791.137978 330.835283 520.539834 234.665946 158.067678 158.067678   0.000000   0.000000  91.228939 297.951138 285.014001   0.053941   0.201540 293.055055   0.197855
   346 788.325880 331.237393 518.537919 233.453033 158.073641 158.073641   0.000000   0.000000  90.559959 297.966486 285.130587   0.053569   0.201521 293.111226   0.197827
   347 785.000631 331.623507 516.162940 232.049236 157.958361 157.958361   0.000000   0.000000  89.851290 297.972770 285.243706   0.053210   0.201502 293.164712   0.197799
   348 781.163946 331.993811 513.416214 230.454655 157.722350 157.722350   0.000000   0.000000  89.103446 297.970037 285.353331   0.052863   0.201483 293.215531   0.197772
   349 776.817806 332.348445 510.299207 228.669384 157.366278 157.366278   0.000000   0.000000  88.316939 297.958331 285.459434   0.052530   0.201464 293.263687   0.197745
   350 771.964460 332.687505 506.813538 226.693517 156.890968 156.890968   0.000000   0.000000  87.492279 297.937700 285.561990   0.052209   0.201445 293.309172   0.197718
   351 766.606422 333.011040 502.960980 224.527152 156.297397 156.297397   0.000000   0.000000  86.629969 297.908190 285.660974   0.051899   0.201427 293.351971   0.197692
   352 760.746472 333.319060 498.743462 222.170399 155.586683 155.586683   0.000000   0.000000  85.730512 297.869847 285.756361   0.051602   0.201408 293.392056   0.197667
   353 754.387658 333.611529 494.163070 219.623388 154.760090 154.760090   0.000000   0.000000  84.794407 297.822720 285.848128   0.051316   0.201389 293.429389   0.197642
   354 747.533295 333.888371 489.222047 216.886279 153.819015 153.819015   0.000000   0.000000  83.822145 297.766855 285.936252   0.051042   0.201371 293.463921   0.197618
   355 740.186965 334.149467 483.922798 213.959273 152.764986 152.764986   0.000000   0.000000  82.814216 297.702299 286.020713   0.050778   0.201353 293.495594   0.197594
   356 732.352518 334.394662 478.267894 210.842621 151.599649 151.599649   0.000000   0.000000  81.771099 297.629099 286.101489   0.050526   0.201334 293.524340   0.197570
   357 724.034075 334.623759 472.260069 207.536638 150.324768 150.324768   0.000000   0.000000  80.693270 297.547302 286.178560   0.050284   0.201316 293.550082   0.197548
   358 715.236024 334.836527 465.902231 204.041714 148.942211 148.942211   0.000000   0.000000  79.581194 297.456953 286.251906   0.050053   0.201299 293.572732   0.197525
   359 705.963028 335.032696 459.197461 200.358328 147.453950 147.453950   0.000000   0.000000  78.435324 297.358097 286.321510   0.049833   0.201281 293.592195   0.197504
   360 696.220021 335.211962 452.149016 196.487061 145.862044 145.862044   0.000000   0.000000  77.256106 297.250777 286.387353   0.049623   0.201263 293.608366   0.197483
   361 686.012213 335.373990 444.760339 192.441250 144.170631 144.170631   0.000000   0.000000  76.043970 297.134787 286.449411   0.049423   0.201246 293.621145   0.197463
   362 675.345090 335.518920 437.036997 188.204586 142.377300 142.377300   0.000000   0.000000  74.797632 297.010356 286.507666   0.049232   0.201229 293.630481   0.197443
   363 664.224422 335.646137 428.981503 183.784003 140.486900 140.486900   0.000000   0.000000  73.518832 296.877521 286.562101   0.049052   0.201212 293.636206   0.197424
   364 652.656261 335.755211 420.597895 179.178816 138.501529 138.501529   0.000000   0.000000  72.207937 296.736350 286.612701   0.048881   0.201196 293.638175   0.197405
   365 640.646949 335.845614 411.890141 174.390586 136.423927 136.423927   0.000000   0.000000  70.865544 296.586893 286.659451   0.048720   0.201179 293.636227   0.197387
   366 628.203124 335.916808 402.862546 169.420496 134.256622 134.256622   0.000000   0.000000  69.492096 296.429194 286.702336   0.048569   0.201163 293.630197   0.197370
   367 615.331725 335.968222 393.519635 164.270151 132.002189 132.002189   0.000000   0.000000  68.088009 296.263291 286.741342   0.048426   0.201147 293.619911   0.197353
   368 602.039999 335.999262 383.866188 158.941394 129.663179 129.663179   0.000000   0.000000  66.653642 296.089217 286.776458   0.048293   0.201132 293.605188   0.197337
   369 588.335516 336.009308 373.907243 153.436387 127.242130 127.242130   0.000000   0.000000  65.189313 295.906995 286.807668   0.048169   0.201116 293.585837   0.197322
   370 574.226173 335.997717 363.648107 147.757619 124.741553 124.741553   0.000000   0.000000  63.695291 295.716645 286.834960   0.048055   0.201101 293.561660   0.197307
   371 559.720216 335.963822 353.094368 141.907940 122.163921 122.163921   0.000000   0.000000  62.171797 295.518178 286.858320   0.047949   0.201087 293.532448   0.197293
   372 544.826250 335.906929 342.251911 135.890590 119.511653 119.511653   0.000000   0.000000  60.619002 295.311596 286.877735   0.047852   0.201072 293.497980   0.197280
   373 529.553264 335.826317 331.126932 129.709235 116.787102 116.787102   0.000000   0.000000  59.037027 295.096895 286.893190   0.047764   0.201058 293.458020   0.197267
   374 513.910654 335.721234 319.725961 123.368010 113.992535 113.992535   0.000000   0.000000  57.425937 294.874061 286.904670   0.047685   0.201045 293.412315   0.197255
   375 497.908253 335.590895 308.055886 116.871564 111.130109 111.130109   0.000000   0.000000  55.785739 294.643070 286.912159   0.047614   0.201031 293.360591   0.197244
   376 481.556366 335.434475 296.123977 110.225124 108.201846 108.201846   0.000000   0.000000  54.116375 294.403887 286.915641   0.047553   0.201018 293.302544   0.197233
   377 464.865816 335.251105 283.937924 103.434564 105.209598 105.209598   0.000000   0.000000  52.417720 294.156464 286.915097   0.047500   0.201006 293.237834   0.197223
   378 447.847993 335.039861 271.505877  96.506497 102.155006 102.155006   0.000000   0.000000  50.689571 293.900743 286.910508   0.047456   0.200994 293.166069   0.197214
   379 430.514925 334.799755 258.836495  89.448378  99.039445  99.039445   0.000000   0.000000  48.931643 293.636645 286.901852   0.047420   0.200982 293.086788   0.197205
   380 412.879356 334.529722 245.939007  82.268655  95.863955  95.863955   0.000000   0.000000  47.143552 293.364077 286.889105   0.047393   0.200970 292.999419   0.197197
   381 394.954843 334.228603 232.823287  74.976940  92.629141  92.629141   0.000000   0.000000  45.324802 293.082924 286.872242   0.047375   0.200959 292.903205   0.197190
   382 376.755884 333.895120 219.499947  67.584254  89.335046  89.335046   0.000000   0.000000  43.474770 292.793044 286.851234   0.047366   0.200948 292.797012   0.197183
   383 358.298072 333.527845 205.980452  60.103346  85.980966  85.980966   0.000000   0.000000  41.592673 292.494267 286.826047   0.047366   0.200938 292.678164   0.197177
   384 339.598289 333.125161 192.277264  52.549131  82.565180  82.565180   0.000000   0.000000  39.677538 292.186380 286.796645   0.047375   0.200928 292.543619   0.197172
   385 320.674957 332.685199 178.404025  44.939318  79.084546  79.084546   0.000000   0.000000  37.728149 291.869124 286.762984   0.047392   0.200919 292.393982   0.197167
   386 301.548358 332.205757 164.375784  37.295335  75.533872  75.533872   0.000000   0.000000  35.742978 291.542170 286.725017   0.047419   0.200910 292.229494   0.197163
   387 282.241041 331.684165 150.209294  29.643758  71.904877  71.904877   0.000000   0.000000  33.720075 291.205097 286.682683   0.047456   0.200901 292.050135   0.197159
   388 262.778372 331.117091 135.923384  22.018655  68.184370  68.184370   0.000000   0.000000  31.656894 290.857343 286.635914   0.047502   0.200893 291.855560   0.197157
   389 243.189236 330.500193 121.539426  14.465784  64.350779  64.350779   0.000000   0.000000  29.550006 290.498131 286.584621   0.047558   0.200885 291.644965   0.197155
   390 223.507002 329.827507 107.081922   7.051106  60.366569  60.366569   0.000000   0.000000  27.394573 290.126298 286.528690   0.047624   0.200878 291.416766   0.197154
   391 203.770807 329.090199  92.579185  -0.117502  56.156658  56.156658   0.000000   0.000000  25.183260 289.739879 286.467960   0.047702   0.200871 291.105120   0.197154
   392 184.027342 328.509929  78.293335  -6.724399  48.150882  48.150882   0.000000   0.000000  22.903435 289.384843 286.403597   0.047803   0.200865 290.906703   0.197157
   393 164.333327 327.314291  63.274583 -10.892549  45.572846  45.572846   0.000000   0.000000  20.868716 288.902746 286.332112   0.047910   0.200860 290.566366   0.197160
   394 144.759029 325.999340  48.903349 -16.526740  41.182906  41.182906   0.000000   0.000000  17.994434 288.385640 286.253017   0.048030   0.200855 290.207667   0.197163
   395 125.393339 324.467046  34.660117 -22.179760  37.460980  37.460980   0.000000   0.000000  14.928360 287.832299 286.165823   0.048159   0.200850 289.800084   0.197166
   396 106.351208 322.753262  20.675129 -27.309634  33.472903  33.472903   0.000000   0.000000  11.665330 287.242545 286.070068   0.048300   0.200846 289.356317   0.197170
   397  87.784722 320.935291   7.142737 -32.391167  29.489654  29.489654   0.000000   0.000000   8.207338 286.631439 285.965749   0.048452   0.200843 288.881316   0.197174
   398  69.899779 318.985256  -5.880839 -36.744222  25.444383  25.444383   0.000000   0.000000   4.659831 285.994884 285.852725   0.048616   0.200840 288.375027   0.197179
   399  52.981139 316.921702 -18.130759 -40.628857  21.393212  21.393212   0.000000   0.000000   0.995111 285.344264 285.731180   0.048793   0.200837 287.847910   0.197185
   400  37.428803 314.761342 -29.331519 -44.071847  17.501241  17.501241   0.000000   0.000000  -2.708411 284.695596 285.601718   0.048981   0.200835 287.308774   0.197191
   401  23.804173 312.470992 -39.148858 -46.771638  13.842356  13.842356   0.000000   0.000000  -6.342856 284.061880 285.465240   0.049180   0.200834 286.770743   0.197197
   402  12.858710 310.111975 -46.987365 -49.096096  10.556134  10.556134   0.000000   0.000000  -9.823519 283.482032 285.323654   0.049391   0.200832 286.262923   0.197203
   403   5.418197 307.701649 -52.362953 -50.799685   7.814470   7.814470   0.000000   0.000000 -12.891354 282.991649 285.179687   0.049610   0.200831 285.808707   0.197209
   404   1.795281 305.257887 -55.180544 -51.603985   5.705424   5.705424   0.000000   0.000000 -15.316267 282.610086 285.036340   0.049836   0.200831 285.425289   0.197215
   405   0.000000 302.870934 -57.033656 -51.683057   4.246125   4.246125   0.000000   0.000000 -16.983778 282.305069 284.895400   0.050067   0.200830 285.094660   0.197219
   406   0.000000 300.600784 -57.723619 -51.282601   3.190978   3.190978   0.000000   0.000000 -18.132322 282.069848 284.758318   0.050302   0.200830 284.815004   0.197223
   407   0.000000 298.471290 -58.626492 -50.448251   2.470398   2.470398   0.000000   0.000000 -18.819293 281.858104 284.625110   0.050538   0.200829 284.557487   0.197226
   408   0.000000 296.511982 -59.482821 -49.604489   1.841656   1.841656   0.000000   0.000000 -19.369045 281.662461 284.495631   0.050777   0.200829 284.320279   0.197228
   409   0.000000 294.718848 -60.259452 -48.883702   1.276860   1.276860   0.000000   0.000000 -19.832191 281.483359 284.369806   0.051017   0.200829 284.102593   0.197230
   410   0.000000 293.056616 -60.992256 -48.180905   0.780141   0.780141   0.000000   0.000000 -20.205130 281.316579 284.247482   0.051259   0.200829 283.899990   0.197231
   411   0.000000 291.511595 -61.673391 -47.525307   0.331985   0.331985   0.000000   0.000000 -20.516320 281.160626 284.128512   0.051503   0.200829 283.710956   0.197231
   412   0.000000 290.070810 -62.307801 -46.921991  -0.072407  -0.072407   0.000000   0.000000 -20.775201 281.014523 284.012760   0.051747   0.200829 283.534125   0.197231
   413   0.000000 288.723176 -62.901207 -46.361720  -0.437339  -0.437339   0.000000   0.000000 -20.987659 280.877199 283.900097   0.051994   0.200829 283.367790   0.197231
   414   0.000000 287.452565 -63.463805 -45.806226  -0.767686  -0.767686   0.000000   0.000000 -21.160289 280.746485 283.790364   0.052241   0.200829 283.210045   0.197230
   415   0.000000 286.255798 -63.987931 -45.294980  -1.073195  -1.073195   0.000000   0.000000 -21.307154 280.622448 283.683434   0.052489   0.200829 283.060655   0.197229
   416   0.000000 285.124192 -64.482200 -44.806972  -1.352583  -1.352583   0.000000   0.000000 -21.426898 280.504223 283.579181   0.052738   0.200829 282.918506   0.197227
   417   0.000000 284.049835 -64.949954 -44.334534  -1.610091  -1.610091   0.000000   0.000000 -21.524708 280.390941 283.477480   0.052988   0.200830 282.782610   0.197225
   418   0.000000 283.028481 -65.390989 -43.881136  -1.849023  -1.849023   0.000000   0.000000 -21.605777 280.282141 283.378213   0.053240   0.200830 282.652550   0.197223
   419   0.000000 282.055720 -65.807266 -43.451209  -2.071488  -2.071488   0.000000   0.000000 -21.672506 280.177619 283.281276   0.053492   0.200830 282.527828   0.197221
   420   0.000000 281.127327 -66.201815 -43.033512  -2.277800  -2.277800   0.000000   0.000000 -21.725598 280.076806 283.186563   0.053744   0.200830 282.407910   0.197218
   421   0.000000 280.238769 -66.576218 -42.630508  -2.470772  -2.470772   0.000000   0.000000 -21.768301 279.979380 283.093979   0.053998   0.200831 282.292330   0.197215
   422   0.000000 279.389363 -66.929522 -42.245771  -2.651248  -2.651248   0.000000   0.000000 -21.802187 279.885251 283.003435   0.054252   0.200831 282.181000   0.197212
   423   0.000000 278.573330 -67.266844 -41.869597  -2.819929  -2.819929   0.000000   0.000000 -21.827288 279.793950 282.914844   0.054507   0.200831 282.073290   0.197209
   424   0.000000 277.791737 -67.584845 -41.511534  -2.978391  -2.978391   0.000000   0.000000 -21.846260 279.705530 282.828132   0.054763   0.200832 281.969332   0.197206
   425   0.000000 277.038745 -67.889400 -41.160586  -3.126761  -3.126761   0.000000   0.000000 -21.858216 279.619564 282.743220   0.055019   0.200832 281.868489   0.197202
   426   0.000000 276.316587 -68.176257 -40.827200  -3.266443  -3.266443   0.000000   0.000000 -21.865590 279.536178 282.660044   0.055276   0.200832 281.771004   0.197199
   427   0.000000 275.618442 -68.452597 -40.496350  -3.397301  -3.397301   0.000000   0.000000 -21.867060 279.454848 282.578531   0.055534   0.200833 281.676136   0.197195
   428   0.000000 274.948734 -68.711580 -40.186326  -3.521197  -3.521197   0.000000   0.000000 -21.865785 279.375922 282.498629   0.055792   0.200833 281.584376   0.197191
   429   0.000000 274.298617 -68.963436 -39.871965  -3.636992  -3.636992   0.000000   0.000000 -21.858947 279.298660 282.420267   0.056051   0.200834 281.494734   0.197187
   430   0.000000 273.675096 -69.197791 -39.582147  -3.747541  -3.747541   0.000000   0.000000 -21.851245 279.223656 282.343401   0.056311   0.200834 281.407998   0.197183
   431   0.000000 273.066928 -69.428368 -39.280583  -3.850573  -3.850573   0.000000   0.000000 -21.838218 279.149928 282.267963   0.056571   0.200835 281.322873   0.197179
   432   0.000000 272.483941 -69.640920 -39.007287  -3.950024  -3.950024   0.000000   0.000000 -21.826246 279.078317 282.193916   0.056832   0.200835 281.240466   0.197175
   433   0.000000 271.911865 -69.853291 -38.734340  -4.043101  -4.043101   0.000000   0.000000 -21.809190 279.003973 282.121087   0.057093   0.200836 281.157260   0.197170
   434   0.000000 271.362474 -70.030863 -38.553606  -3.998881  -3.998881   0.000000   0.000000 -21.819793 278.927893 282.049350   0.057354   0.200836 281.074605   0.197166
   435   0.000000 270.814337 -70.199210 -38.396488  -3.853374  -3.853374   0.000000   0.000000 -21.850198 278.851899 281.978643   0.057613   0.200836 280.992034   0.197161
   436   0.000000 270.281854 -70.353086 -38.273534  -3.728662  -3.728662   0.000000   0.000000 -21.887207 278.777624 281.908956   0.057872   0.200837 280.911254   0.197156
   437   0.000000 269.742941 -70.521686 -38.091175  -3.605770  -3.605770   0.000000   0.000000 -21.919321 278.702799 281.840212   0.058131   0.200837 280.829494   0.197151
   438   0.000000 269.223692 -70.668876 -37.955207  -3.497233  -3.497233   0.000000   0.000000 -21.961890 278.629682 281.772407   0.058388   0.200838 280.749672   0.197146
   439   0.000000 268.694069 -70.834543 -37.740964  -3.389588  -3.389588   0.000000   0.000000 -21.999071 278.555337 281.705450   0.058645   0.200838 280.668088   0.197140
   440   0.000000 268.187073 -70.972696 -37.586204  -3.298511  -3.298511   0.000000   0.000000 -22.050792 278.482674 281.639343   0.058900   0.200839 280.588471   0.197135
   441   0.000000 267.662738 -71.135944 -37.324881  -3.205965  -3.205965   0.000000   0.000000 -22.096684 278.407770 281.573974   0.059155   0.200839 280.505945   0.197130
   442   0.000000 267.165149 -71.262879 -37.147726  -3.133677  -3.133677   0.000000   0.000000 -22.163426 278.334681 281.509356   0.059410   0.200839 280.425647   0.197124
   443   0.000000 266.641259 -71.424221 -36.831326  -3.056447  -3.056447   0.000000   0.000000 -22.222723 278.258264 281.445353   0.059664   0.200840 280.341274   0.197118
   444   0.000000 266.151788 -71.536675 -36.644272  -3.003718  -3.003718   0.000000   0.000000 -22.309624 278.184411 281.382010   0.059917   0.200840 280.260126   0.197113
   445   0.000000 265.625817 -71.696980 -36.279531  -2.939817  -2.939817   0.000000   0.000000 -22.383191 278.106319 281.319171   0.060170   0.200840 280.173954   0.197107
   446   0.000000 265.147224 -71.791543 -36.112154  -2.904428  -2.904428   0.000000   0.000000 -22.489970 278.032427 281.256938   0.060423   0.200841 280.092991   0.197102
   447   0.000000 264.621135 -71.952352 -35.717590  -2.848208  -2.848208   0.000000   0.000000 -22.571572 277.953584 281.195135   0.060675   0.200841 280.006178   0.197096
   448   0.000000 264.159589 -72.027438 -35.599331  -2.824266  -2.824266   0.000000   0.000000 -22.690855 277.881132 281.133930   0.060926   0.200841 279.927200   0.197090
   449   0.000000 263.638996 -72.190286 -35.194429  -2.768392  -2.768392   0.000000   0.000000 -22.769585 277.803060 281.073129   0.061177   0.200842 279.841403   0.197084
   450   0.000000 263.201199 -72.246579 -35.139403  -2.748685  -2.748685   0.000000   0.000000 -22.890482 277.733496 281.012959   0.061428   0.200842 279.766108   0.197078
   451   0.000000 262.692769 -72.411793 -34.738646  -2.687497  -2.687497   0.000000   0.000000 -22.956242 277.657619 280.953199   0.061678   0.200842 279.682795   0.197073
   452   0.000000 262.283705 -72.451140 -34.745951  -2.666301  -2.666301   0.000000   0.000000 -23.069063 277.591890 280.894123   0.061928   0.200843 279.612289   0.197067
   453   0.000000 261.792919 -72.617804 -34.357997  -2.597207  -2.597207   0.000000   0.000000 -23.115626 277.519172 280.835482   0.062178   0.200843 279.532431   0.197061
   454   0.000000 261.415328 -72.642020 -34.420276  -2.571479  -2.571479   0.000000   0.000000 -23.214173 277.457732 280.777580   0.062427   0.200843 279.467230   0.197055
   455   0.000000 260.945497 -72.808971 -34.048172  -2.494248  -2.494248   0.000000   0.000000 -23.238932 277.388645 280.720142   0.062675   0.200844 279.391306   0.197049
   456   0.000000 260.600332 -72.819276 -34.158377  -2.463370  -2.463370   0.000000   0.000000 -23.320485 277.331628 280.663492   0.062923   0.200844 279.331534   0.197043
   457   0.000000 260.152723 -72.985833 -33.800696  -2.378921  -2.378921   0.000000   0.000000 -23.323045 277.266283 280.607331   0.063170   0.200844 279.259651   0.197037
   458   0.000000 259.839707 -72.982944 -33.953825  -2.343825  -2.343825   0.000000   0.000000 -23.387335 277.213639 280.551997   0.063416   0.200845 279.205200   0.197031
   459   0.000000 259.414108 -73.148999 -33.606470  -2.253493  -2.253493   0.000000   0.000000 -23.368503 277.151926 280.497168   0.063662   0.200845 279.137236   0.197025
   460   0.000000 259.132223 -73.133312 -33.799479  -2.215862  -2.215862   0.000000   0.000000 -23.416699 277.103506 280.443199   0.063907   0.200845 279.087877   0.197019
   461   0.000000 258.727547 -73.299147 -33.457438  -2.121019  -2.121019   0.000000   0.000000 -23.377849 277.045203 280.389741   0.064151   0.200845 279.023591   0.197013
   462   0.000000 258.475410 -73.270900 -33.688752  -2.082702  -2.082702   0.000000   0.000000 -23.411770 277.000819 280.337167   0.064394   0.200846 278.979056   0.197007
   463   0.000000 258.090183 -73.437000 -33.347204  -1.984552  -1.984552   0.000000   0.000000 -23.354435 276.945669 280.285101   0.064637   0.200846 278.918166   0.197001
   464   0.000000 257.866248 -73.396437 -33.615799  -1.947219  -1.947219   0.000000   0.000000 -23.376029 276.905116 280.233938   0.064879   0.200846 278.878175   0.196995
   465   0.000000 257.498894 -73.563317 -33.270594  -1.846763  -1.846763   0.000000   0.000000 -23.301754 276.852864 280.183274   0.065120   0.200846 278.820394   0.196989
   466   0.000000 257.301550 -73.510753 -33.575452  -1.811783  -1.811783   0.000000   0.000000 -23.312873 276.815929 280.133525   0.065360   0.200846 278.784667   0.196982
   467   0.000000 256.950516 -73.678875 -33.223237  -1.709847  -1.709847   0.000000   0.000000 -23.223177 276.766331 280.084262   0.065599   0.200847 278.729722   0.196976
   468   0.000000 256.778174 -73.614676 -33.563363  -1.678285  -1.678285   0.000000   0.000000 -23.225514 276.732803 280.035922   0.065838   0.200847 278.697992   0.196970
   469   0.000000 256.441995 -73.784434 -33.194126  -1.575418  -1.575418   0.000000   0.000000 -23.121829 276.685428 279.988042   0.066075   0.200847 278.645437   0.196964
   470   0.000000 256.293652 -73.707518 -33.561920  -1.548825  -1.548825   0.000000   0.000000 -23.118297 276.654811 279.941084   0.066312   0.200847 278.617182   0.196958
   471   0.000000 255.971471 -73.877397 -33.180122  -1.446692  -1.446692   0.000000   0.000000 -23.003905 276.609466 279.894559   0.066548   0.200847 278.566771   0.196952
   472   0.000000 255.844757 -73.789141 -33.575666  -1.425364  -1.425364   0.000000   0.000000 -22.995648 276.581590 279.848953   0.066783   0.200848 278.541717   0.196945
   473   0.000000 255.534438 -73.960385 -33.178328  -1.324182  -1.324182   0.000000   0.000000 -22.871542 276.538034 279.803752   0.067017   0.200848 278.493160   0.196939
   474   0.000000 255.427188 -73.861737 -33.600038  -1.308636  -1.308636   0.000000   0.000000 -22.860026 276.512651 279.759464   0.067250   0.200848 278.471008   0.196933
   475   0.000000 255.127213 -74.034643 -33.187345  -1.208819  -1.208819   0.000000   0.000000 -22.727689 276.470696 279.715549   0.067482   0.200848 278.424090   0.196927
   476   0.000000 255.037435 -73.926642 -33.633003  -1.199163  -1.199163   0.000000   0.000000 -22.713971 276.447574 279.672538   0.067714   0.200848 278.404564   0.196920
   477   0.000000 254.746514 -74.101362 -33.205495  -1.101007  -1.101007   0.000000   0.000000 -22.574752 276.407054 279.629870   0.067945   0.200848 278.359096   0.196914
   478   0.000000 254.672378 -73.984992 -33.672876  -1.097187  -1.097187   0.000000   0.000000 -22.559716 276.385976 279.588097   0.068175   0.200848 278.341937   0.196908
   479   0.000000 254.389380 -74.161594 -33.231273  -1.000889  -1.000889   0.000000   0.000000 -22.414843 276.346741 279.546634   0.068404   0.200849 278.297752   0.196902
   480   0.000000 254.329181 -74.037796 -33.718144  -1.002746  -1.002746   0.000000   0.000000 -22.399250 276.327501 279.506053   0.068633   0.200849 278.282717   0.196895
   481   0.000000 254.053098 -74.216286 -33.263278  -0.908443  -0.908443   0.000000   0.000000 -22.249860 276.289411 279.465751   0.068860   0.200849 278.239660   0.196889
   482   0.000000 254.005237 -74.085952 -33.767449  -0.915756  -0.915756   0.000000   0.000000 -22.234377 276.271814 279.426318   0.069087   0.200849 278.226517   0.196883
   483   0.000000 253.735159 -74.266289 -33.300214  -0.823544  -0.823544   0.000000   0.000000 -22.081527 276.234740 279.387133   0.069313   0.200849 278.184450   0.196877
   484   0.000000 253.698142 -74.130256 -33.819594  -0.836052  -0.836052   0.000000   0.000000 -22.066746 276.218599 279.348801   0.069538   0.200849 278.172981   0.196870
   485   0.000000 253.433240 -74.312370 -33.340905  -0.745991  -0.745991   0.000000   0.000000 -21.911413 276.182421 279.310687   0.069763   0.200849 278.131771   0.196864
   486   0.000000 253.405676 -74.171418 -33.873539  -0.763409  -0.763409   0.000000   0.000000 -21.897859 276.167561 279.273409   0.069987   0.200849 278.121771   0.196858
   487   0.000000 253.145202 -74.355218 -33.384306  -0.675528  -0.675528   0.000000   0.000000 -21.740935 276.132167 279.236320   0.070210   0.200849 278.081299   0.196852
   488   0.000000 253.125801 -74.210070 -33.928376  -0.697556  -0.697556   0.000000   0.000000 -21.729071 276.118425 279.200049   0.070433   0.200849 278.072577   0.196846
   489   0.000000 252.869074 -74.395453 -33.429493  -0.611859  -0.611859   0.000000   0.000000 -21.571367 276.083711 279.163938   0.070654   0.200850 278.032734   0.196839
   490   0.000000 252.856648 -74.246770 -33.983334  -0.638189  -0.638189   0.000000   0.000000 -21.561595 276.070936 279.128628   0.070876   0.200850 278.025113   0.196833
   491   0.000000 252.603055 -74.433625 -33.475665  -0.554657  -0.554657   0.000000   0.000000 -21.403839 276.036805 279.093448   0.071096   0.200850 277.985799   0.196827
   492   0.000000 252.596521 -74.282009 -34.037788  -0.584977  -0.584977   0.000000   0.000000 -21.396506 276.024859 279.059051   0.071316   0.200850 277.979117   0.196821
   493   0.000000 252.345511 -74.470222 -33.522152  -0.503568  -0.503568   0.000000   0.000000 -21.239339 275.991224 279.024757   0.071535   0.200850 277.940240   0.196814
   494   0.000000 252.343890 -74.316212 -34.091255  -0.537570  -0.537570   0.000000   0.000000 -21.234736 275.979981 278.991226   0.071754   0.200850 277.934352   0.196808
   495   0.000000 252.094974 -74.505673 -33.568413  -0.458217  -0.458217   0.000000   0.000000 -21.078714 275.946762 278.957773   0.071972   0.200850 277.895832   0.196802
   496   0.000000 252.097392 -74.349747 -34.143373  -0.495594  -0.495594   0.000000   0.000000 -21.077078 275.936110 278.925064   0.072190   0.200850 277.890605   0.196796
   497   0.000000 251.850136 -74.540351 -33.614030  -0.418213  -0.418213   0.000000   0.000000 -20.922672 275.903237 278.892407   0.072406   0.200850 277.852372   0.196790
   498   0.000000 251.855819 -74.382929 -34.193906  -0.458668  -0.458668   0.000000   0.000000 -20.924191 275.893076 278.860475   0.072623   0.200850 277.847691   0.196784
   499   0.000000 251.609847 -74.574579 -33.658706  -0.383155  -0.383155   0.000000   0.000000 -20.771790 275.860486 278.828571   0.072838   0.200850 277.809681   0.196777
   500   0.000000 251.618120 -74.416023 -34.242735  -0.426399  -0.426399   0.000000   0.000000 -20.776600 275.850729 278.797373   0.073054   0.200850 277.805445   0.196771
   501   0.000000 251.373106 -74.608630 -33.702257  -0.352633  -0.352633   0.000000   0.000000 -20.626513 275.818367 278.766182   0.073269   0.200850 277.767607   0.196765
   502   0.000000 251.383390 -74.449246 -34.289851  -0.398390  -0.398390   0.000000   0.000000 -20.634708 275.808939 278.735677   0.073483   0.200850 277.763730   0.196759
   503   0.000000 251.139059 -74.642734 -33.744604  -0.326235  -0.326235   0.000000   0.000000 -20.487168 275.776759 278.705158   0.073697   0.200850 277.726018   0.196753
   504   0.000000 251.150867 -74.482778 -34.335337  -0.374240  -0.374240   0.000000   0.000000 -20.498794 275.767599 278.675308   0.073911   0.200850 277.722429   0.196747
   505   0.000000 250.906988 -74.677080 -33.778217  -0.303530  -0.303530   0.000000   0.000000 -20.353963 275.735358 278.645417   0.074123   0.200850 277.684635   0.196740
   506   0.000000 250.920436 -74.515323 -34.364599  -0.354422  -0.354422   0.000000   0.000000 -20.370410 275.726119 278.616170   0.074336   0.200850 277.681035   0.196734
   507   0.000000 250.677409 -74.708451 -33.802464  -0.286192  -0.286192   0.000000   0.000000 -20.230361 275.693785 278.586859   0.074547   0.200850 277.643119   0.196728
   508   0.000000 250.691466 -74.545739 -34.385382  -0.339413  -0.339413   0.000000   0.000000 -20.251522 275.684439 278.558171   0.074760   0.200851 277.639412   0.196722
   509   0.000000 250.448477 -74.738357 -33.817336  -0.273295  -0.273295   0.000000   0.000000 -20.116124 275.651932 278.529395   0.074970   0.200851 277.601275   0.196716
   510   0.000000 250.462276 -74.575169 -34.395855  -0.328704  -0.328704   0.000000   0.000000 -20.142236 275.642381 278.501218   0.075182   0.200851 277.597340   0.196710
   511   0.000000 250.218958 -74.767181 -33.823329  -0.264662  -0.264662   0.000000   0.000000 -20.011863 275.609655 278.472934   0.075392   0.200851 277.558931   0.196704
   512   0.000000 250.231749 -74.604029 -34.396033  -0.321960  -0.321960   0.000000   0.000000 -20.042949 275.599808 278.445226   0.075602   0.200851 277.554660   0.196698
   513   0.000000 249.987834 -74.795279 -33.820387  -0.259962  -0.259962   0.000000   0.000000 -19.917927 275.566823 278.417390   0.075812   0.200851 277.515939   0.196692
   514   0.000000 249.998972 -74.632606 -34.385959  -0.318855  -0.318855   0.000000   0.000000 -19.953971 275.556600 278.390110   0.076021   0.200851 277.511235   0.196686
   515   0.000000 249.754248 -74.822932 -33.808440  -0.258858  -0.258858   0.000000   0.000000 -19.834568 275.523320 278.362682   0.076230   0.200851 277.472169   0.196680
   516   0.000000 249.763162 -74.661133 -34.365668  -0.319069  -0.319069   0.000000   0.000000 -19.875532 275.512649 278.335788   0.076440   0.200851 277.466946   0.196673
   517   0.000000 249.517452 -74.850374 -33.787419  -0.261025  -0.261025   0.000000   0.000000 -19.761971 275.479044 278.308729   0.076648   0.200851 277.427506   0.196667
   518   0.000000 249.523633 -74.689800 -34.335205  -0.322295  -0.322295   0.000000   0.000000 -19.807799 275.467859 278.282182   0.076856   0.200851 277.421687   0.196661
   519   0.000000 249.276789 -74.877805 -33.757273  -0.266155  -0.266155   0.000000   0.000000 -19.700264 275.433900 278.255455   0.077064   0.200851 277.381847   0.196655
   520   0.000000 249.279783 -74.718773 -34.294633  -0.328248  -0.328248   0.000000   0.000000 -19.750886 275.422143 278.229218   0.077272   0.200851 277.375364   0.196649
   521   0.000000 249.031679 -74.905396 -33.717976  -0.273962  -0.273962   0.000000   0.000000 -19.649524 275.387806 278.202786   0.077480   0.200851 277.335103   0.196643
   522   0.000000 249.031082 -74.748189 -34.244029  -0.336660  -0.336660   0.000000   0.000000 -19.704860 275.375426 278.176824   0.077687   0.200851 277.327892   0.196637
   523   0.000000 248.781612 -74.933297 -33.669527  -0.284177  -0.284177   0.000000   0.000000 -19.609786 275.340689 278.150653   0.077894   0.200851 277.287192   0.196631
   524   0.000000 248.777063 -74.778170 -34.183493  -0.347281  -0.347281   0.000000   0.000000 -19.669742 275.327638 278.124930   0.078102   0.200851 277.279197   0.196625
   525   0.000000 248.526140 -74.961638 -33.611951  -0.296550  -0.296550   0.000000   0.000000 -19.581042 275.292484 278.098986   0.078308   0.200851 277.238043   0.196619
   526   0.000000 248.517319 -74.808821 -34.113143  -0.359877  -0.359877   0.000000   0.000000 -19.645516 275.278722 278.073471   0.078515   0.200851 277.229216   0.196613
   527   0.000000 248.264874 -74.990532 -33.545298  -0.310848  -0.310848   0.000000   0.000000 -19.563248 275.243134 278.047724   0.078721   0.200851 277.187596   0.196607
   528   0.000000 248.251496 -74.840232 -34.033111  -0.374231  -0.374231   0.000000   0.000000 -19.632129 275.228624 278.022385   0.078928   0.200851 277.177892   0.196601
   529   0.000000 247.997474 -75.020080 -33.469636  -0.326857  -0.326857   0.000000   0.000000 -19.556325 275.192590 277.996804   0.079134   0.200851 277.135796   0.196595
   530   0.000000 247.979289 -74.872485 -33.943544  -0.390143  -0.390143   0.000000   0.000000 -19.629496 275.177302 277.971611   0.079341   0.200851 277.125176   0.196590
   531   0.000000 247.723649 -75.050370 -33.385052  -0.344375  -0.344375   0.000000   0.000000 -19.560169 275.140810 277.946168   0.079546   0.200851 277.082597   0.196584
   532   0.000000 247.700435 -74.905649 -33.844600  -0.407425  -0.407425   0.000000   0.000000 -19.637505 275.124715 277.921094   0.079753   0.200851 277.071029   0.196578
   533   0.000000 247.443148 -75.081479 -33.291652  -0.363220  -0.363220   0.000000   0.000000 -19.574648 275.087758 277.895761   0.079958   0.200851 277.027960   0.196572
   534   0.000000 247.414711 -74.939785 -33.736448  -0.425906  -0.425906   0.000000   0.000000 -19.656021 275.070834 277.870778   0.080164   0.200852 277.015414   0.196566
   535   0.000000 247.155759 -75.113476 -33.189554  -0.383220  -0.383220   0.000000   0.000000 -19.599611 275.033403 277.845530   0.080369   0.200852 276.971853   0.196560
   536   0.000000 247.121929 -74.974948 -33.619267  -0.445428  -0.445428   0.000000   0.000000 -19.684886 275.015630 277.820614   0.080575   0.200852 276.958303   0.196554
   537   0.000000 246.861303 -75.146423 -33.078889  -0.404222  -0.404222   0.000000   0.000000 -19.634886 274.977722 277.795425   0.080780   0.200852 276.914248   0.196548
   538   0.000000 246.821932 -75.011188 -33.493240  -0.465846  -0.465846   0.000000   0.000000 -19.723927 274.959082 277.770552   0.080986   0.200852 276.899672   0.196542
   539   0.000000 246.559631 -75.180374 -32.959798  -0.426083  -0.426083   0.000000   0.000000 -19.680288 274.920693 277.745401   0.081191   0.200852 276.855122   0.196536
   540   0.000000 246.514590 -75.048547 -33.358557  -0.487028  -0.487028   0.000000   0.000000 -19.772956 274.901173 277.720547   0.081397   0.200852 276.839502   0.196530
   541   0.000000 246.250624 -75.215380 -32.828545  -0.448657  -0.448657   0.000000   0.000000 -19.735618 274.862193 277.695408   0.081602   0.200852 276.794356   0.196524
   542   0.000000 246.200063 -75.086321 -33.208064  -0.509291  -0.509291   0.000000   0.000000 -19.832502 274.841631 277.670546   0.081808   0.200852 276.777527   0.196519
   543   0.000000 245.934664 -75.249839 -32.685205  -0.472869  -0.472869   0.000000   0.000000 -19.802402 274.802063 277.645392   0.082013   0.200852 276.731770   0.196513
   544   0.000000 245.877914 -75.124214 -33.045503  -0.532935  -0.532935   0.000000   0.000000 -19.903299 274.780442 277.620495   0.082218   0.200852 276.713678   0.196507
   545   0.000000 245.610606 -75.284811 -32.529440  -0.498395  -0.498395   0.000000   0.000000 -19.880374 274.740246 277.595300   0.082423   0.200852 276.667262   0.196501
   546   0.000000 245.547129 -75.162970 -32.870248  -0.557909  -0.557909   0.000000   0.000000 -19.985377 274.717518 277.570343   0.082629   0.200852 276.647848   0.196495
   547   0.000000 245.277719 -75.320623 -32.362025  -0.525297  -0.525297   0.000000   0.000000 -19.969775 274.676684 277.545082   0.082834   0.200852 276.600763   0.196489
   548   0.000000 245.207077 -75.202949 -32.682870  -0.584129  -0.584129   0.000000   0.000000 -20.078783 274.652815 277.520039   0.083040   0.200852 276.579982   0.196483
   549   0.000000 244.935454 -75.357619 -32.183415  -0.553452  -0.553452  -0.000000  -0.000000 -20.070571 274.611340 277.494688   0.083245   0.200852 276.532227   0.196478
   550   0.000000 244.857307 -75.244437 -32.483981  -0.611456  -0.611456  -0.000000  -0.000000 -20.183438 274.586305 277.469536   0.083451   0.200852 276.510045   0.196472
   551   0.000000 244.583406 -75.396084 -31.994060  -0.582692  -0.582692  -0.000000  -0.000000 -20.182621 274.544190 277.444073   0.083657   0.200853 276.461624   0.196466
   552   0.000000 244.497489 -75.287664 -32.274186  -0.639722  -0.639722  -0.000000  -0.000000 -20.299178 274.517973 277.418789   0.083863   0.200853 276.438019   0.196460
   553   0.000000 244.221279 -75.436257 -31.794412  -0.612828  -0.612828  -0.000000  -0.000000 -20.305712 274.511930 277.394244   0.084068   0.200853 276.409530   0.196454
   554   0.000000 244.127388 -75.499829 -31.478704  -0.529921  -0.529921  -0.000000  -0.000000 -20.176201 274.495886 277.370075   0.084272   0.200853 276.390321   0.196448
   555   0.000000 243.887976 -75.659056 -30.908607  -0.584649  -0.584649  -0.000000  -0.000000 -20.119320 274.467701 277.345900   0.084476   0.200853 276.352547   0.196443
   556   0.000000 243.833993 -75.583202 -31.065747  -0.687514  -0.687514  -0.000000  -0.000000 -20.147387 274.452666 277.322104   0.084683   0.200853 276.337602   0.196437
   557   0.000000 243.598820 -75.742935 -30.519305  -0.725114  -0.725114  -0.000000  -0.000000 -20.086069 274.424567 277.298280   0.084890   0.200853 276.300024   0.196431
   558   0.000000 243.540285 -75.671951 -30.652076  -0.818051  -0.818051  -0.000000  -0.000000 -20.115990 274.408239 277.274778   0.085099   0.200853 276.283910   0.196425
   559   0.000000 243.307881 -75.823157 -30.134166  -0.854452  -0.854452  -0.000000  -0.000000 -20.065767 274.379658 277.251218   0.085309   0.200853 276.246228   0.196420
   560   0.000000 243.246039 -75.753248 -30.262323  -0.942919  -0.942919  -0.000000  -0.000000 -20.100917 274.362454 277.227942   0.085521   0.200853 276.229266   0.196414
   561   0.000000 243.014867 -75.899314 -29.761495  -0.977819  -0.977819  -0.000000  -0.000000 -20.058416 274.333409 277.204588   0.085733   0.200853 276.191374   0.196408
   562   0.000000 242.948915 -75.831352 -29.882787  -1.062958  -1.062958  -0.000000  -0.000000 -20.098248 274.315365 277.181487   0.085947   0.200854 276.173527   0.196403
   563   0.000000 242.718565 -75.972846 -29.397774  -1.096986  -1.096986  -0.000000  -0.000000 -20.062850 274.285896 277.158292   0.086163   0.200854 276.135419   0.196397
   564   1.594241 242.647855 -74.632248 -29.510124  -1.179286  -1.179286  -0.000000  -0.000000 -20.106769 274.294781 277.136120   0.086379   0.200854 276.132897   0.196392
   565   4.828314 242.418032 -72.308252 -28.634007  -1.093380  -1.093380  -0.000000  -0.000000 -19.889370 274.324692 277.115471   0.086594   0.200854 276.128862   0.196386
   566  11.837323 242.369773 -66.883669 -27.912239  -0.924606  -0.924606  -0.000000  -0.000000 -19.535452 274.436410 277.098541   0.086804   0.200854 276.186689   0.196380
   567  22.429495 242.224971 -59.058055 -25.651242  -0.409752  -0.409752  -0.000000  -0.000000 -18.634912 274.608434 277.086686   0.087002   0.200854 276.268770   0.196374
   568  35.794786 242.351861 -49.025651 -23.102476   0.346648   0.346648   0.000000   0.000000 -17.347763 274.850850 277.081429   0.087179   0.200854 276.411137   0.196367
   569  51.162567 242.498895 -37.694587 -19.265125   1.400811   1.400811   0.000000   0.000000 -15.614055 275.123969 277.083024   0.087329   0.200854 276.569029   0.196360
   570  67.950627 243.013829 -25.013999 -15.887180   2.563561   2.563561   0.000000   0.000000 -13.713383 275.447424 277.092290   0.087449   0.200854 276.783811   0.196352
   571  85.743266 243.562082 -11.732502 -11.410444   3.960564   3.960564   0.000000   0.000000 -11.514062 276.154756 277.119551   0.087533   0.200853 277.182500   0.196344
   572 104.244856 244.499312   0.713483   1.067632   7.399209   7.399209   0.000000   0.000000  -6.753565 276.629079 277.156394   0.087529   0.200852 277.510442   0.196334
   573 123.242100 248.609760  17.695268  -6.536583   8.948414   8.948414   0.000000   0.000000  -3.691198 277.561515 277.215191   0.087486   0.200851 278.323490   0.196323
   574 142.577839 249.029613  29.206970  15.501204  12.457450  12.457450   0.000000   0.000000   2.424267 278.015149 277.280190   0.087356   0.200850 278.575487   0.196311
   575 162.133598 253.921448  47.457514   4.324135  14.062124  14.062124   0.000000   0.000000   5.144717 279.005306 277.366495   0.087190   0.200848 279.511851   0.196298
   576 181.817992 256.345231  60.850440  20.587902  17.880724  17.880724   0.000000   0.000000  11.471675 279.677057 277.463107   0.086934   0.200846 280.034223   0.196284
